XField  YField  Order  Wavelength  Element       Peturbation  Value X  Y DelX  DelY
4.15	3.75	 5	0.46710		grating		dx+	1.00	-81	-93	 0	 0
4.15	3.75	 5	0.46710		grating		dy+	1.00	-81	-93	 0	 0
4.15	3.75	 5	0.46710		grating		dz+	1.00	-81	-93	 0	 0
4.15	3.75	 5	0.46710		grating		tx+	0.01	-81	-93	-16	202
4.15	3.75	 5	0.46710		grating		ty+	0.01	-81	-93	-207	-31
4.15	3.75	 5	0.46710		grating		tz+	0.01	-81	-93	136	20
4.15	3.75	 5	0.49305		grating		dx+	1.00	-85	-50	 0	 0
4.15	3.75	 5	0.49305		grating		dy+	1.00	-85	-50	 0	 0
4.15	3.75	 5	0.49305		grating		dz+	1.00	-85	-50	 0	 0
4.15	3.75	 5	0.49305		grating		tx+	0.01	-85	-50	-8	203
4.15	3.75	 5	0.49305		grating		ty+	0.01	-85	-50	-201	-29
4.15	3.75	 5	0.49305		grating		tz+	0.01	-85	-50	143	20
4.15	3.75	 5	0.51900		grating		dx+	1.00	-86	-5	 0	 0
4.15	3.75	 5	0.51900		grating		dy+	1.00	-86	-5	 0	 0
4.15	3.75	 5	0.51900		grating		dz+	1.00	-86	-5	 0	 0
4.15	3.75	 5	0.51900		grating		tx+	0.01	-86	-5	 0	208
4.15	3.75	 5	0.51900		grating		ty+	0.01	-86	-5	-195	-27
4.15	3.75	 5	0.51900		grating		tz+	0.01	-86	-5	150	21
4.15	3.75	 5	0.54495		grating		dx+	1.00	-86	42	 0	 0
4.15	3.75	 5	0.54495		grating		dy+	1.00	-86	42	 0	 0
4.15	3.75	 5	0.54495		grating		dz+	1.00	-86	42	 0	 0
4.15	3.75	 5	0.54495		grating		tx+	0.01	-86	42	 7	216
4.15	3.75	 5	0.54495		grating		ty+	0.01	-86	42	-191	-26
4.15	3.75	 5	0.54495		grating		tz+	0.01	-86	42	159	22
4.15	3.75	 5	0.57090		grating		dx+	1.00	-83	94	 0	 0
4.15	3.75	 5	0.57090		grating		dy+	1.00	-83	94	 0	 0
4.15	3.75	 5	0.57090		grating		dz+	1.00	-83	94	 0	 0
4.15	3.75	 5	0.57090		grating		tx+	0.01	-83	94	18	230
4.15	3.75	 5	0.57090		grating		ty+	0.01	-83	94	-187	-26
4.15	3.75	 5	0.57090		grating		tz+	0.01	-83	94	170	24
4.15	3.75	 6	0.39646		grating		dx+	1.00	-80	-78	 0	 0
4.15	3.75	 6	0.39646		grating		dy+	1.00	-80	-78	 0	 0
4.15	3.75	 6	0.39646		grating		dz+	1.00	-80	-78	 0	 0
4.15	3.75	 6	0.39646		grating		tx+	0.01	-80	-78	-14	202
4.15	3.75	 6	0.39646		grating		ty+	0.01	-80	-78	-205	-30
4.15	3.75	 6	0.39646		grating		tz+	0.01	-80	-78	139	20
4.15	3.75	 6	0.41448		grating		dx+	1.00	-82	-42	 0	 0
4.15	3.75	 6	0.41448		grating		dy+	1.00	-82	-42	 0	 0
4.15	3.75	 6	0.41448		grating		dz+	1.00	-82	-42	 0	 0
4.15	3.75	 6	0.41448		grating		tx+	0.01	-82	-42	-7	204
4.15	3.75	 6	0.41448		grating		ty+	0.01	-82	-42	-200	-29
4.15	3.75	 6	0.41448		grating		tz+	0.01	-82	-42	144	21
4.15	3.75	 6	0.43250		grating		dx+	1.00	-84	-5	 0	 0
4.15	3.75	 6	0.43250		grating		dy+	1.00	-84	-5	 0	 0
4.15	3.75	 6	0.43250		grating		dz+	1.00	-84	-5	 0	 0
4.15	3.75	 6	0.43250		grating		tx+	0.01	-84	-5	 0	207
4.15	3.75	 6	0.43250		grating		ty+	0.01	-84	-5	-196	-27
4.15	3.75	 6	0.43250		grating		tz+	0.01	-84	-5	151	21
4.15	3.75	 6	0.45052		grating		dx+	1.00	-84	34	 0	 0
4.15	3.75	 6	0.45052		grating		dy+	1.00	-84	34	 0	 0
4.15	3.75	 6	0.45052		grating		dz+	1.00	-84	34	 0	 0
4.15	3.75	 6	0.45052		grating		tx+	0.01	-84	34	 6	214
4.15	3.75	 6	0.45052		grating		ty+	0.01	-84	34	-192	-26
4.15	3.75	 6	0.45052		grating		tz+	0.01	-84	34	158	22
4.15	3.75	 6	0.46854		grating		dx+	1.00	-83	76	 0	 0
4.15	3.75	 6	0.46854		grating		dy+	1.00	-83	76	 0	 0
4.15	3.75	 6	0.46854		grating		dz+	1.00	-83	76	 0	 0
4.15	3.75	 6	0.46854		grating		tx+	0.01	-83	76	15	224
4.15	3.75	 6	0.46854		grating		ty+	0.01	-83	76	-188	-26
4.15	3.75	 6	0.46854		grating		tz+	0.01	-83	76	167	23
4.15	3.75	 7	0.34423		grating		dx+	1.00	-77	-68	 0	 0
4.15	3.75	 7	0.34423		grating		dy+	1.00	-77	-68	 0	 0
4.15	3.75	 7	0.34423		grating		dz+	1.00	-77	-68	 0	 0
4.15	3.75	 7	0.34423		grating		tx+	0.01	-77	-68	-12	202
4.15	3.75	 7	0.34423		grating		ty+	0.01	-77	-68	-204	-30
4.15	3.75	 7	0.34423		grating		tz+	0.01	-77	-68	141	21
4.15	3.75	 7	0.35747		grating		dx+	1.00	-80	-37	 0	 0
4.15	3.75	 7	0.35747		grating		dy+	1.00	-80	-37	 0	 0
4.15	3.75	 7	0.35747		grating		dz+	1.00	-80	-37	 0	 0
4.15	3.75	 7	0.35747		grating		tx+	0.01	-80	-37	-6	204
4.15	3.75	 7	0.35747		grating		ty+	0.01	-80	-37	-200	-29
4.15	3.75	 7	0.35747		grating		tz+	0.01	-80	-37	145	21
4.15	3.75	 7	0.37071		grating		dx+	1.00	-81	-5	 0	 0
4.15	3.75	 7	0.37071		grating		dy+	1.00	-81	-5	 0	 0
4.15	3.75	 7	0.37071		grating		dz+	1.00	-81	-5	 0	 0
4.15	3.75	 7	0.37071		grating		tx+	0.01	-81	-5	 0	207
4.15	3.75	 7	0.37071		grating		ty+	0.01	-81	-5	-196	-28
4.15	3.75	 7	0.37071		grating		tz+	0.01	-81	-5	151	21
4.15	3.75	 7	0.38395		grating		dx+	1.00	-81	29	 0	 0
4.15	3.75	 7	0.38395		grating		dy+	1.00	-81	29	 0	 0
4.15	3.75	 7	0.38395		grating		dz+	1.00	-81	29	 0	 0
4.15	3.75	 7	0.38395		grating		tx+	0.01	-81	29	 5	213
4.15	3.75	 7	0.38395		grating		ty+	0.01	-81	29	-193	-27
4.15	3.75	 7	0.38395		grating		tz+	0.01	-81	29	157	22
4.15	3.75	 7	0.39719		grating		dx+	1.00	-81	64	 0	 0
4.15	3.75	 7	0.39719		grating		dy+	1.00	-81	64	 0	 0
4.15	3.75	 7	0.39719		grating		dz+	1.00	-81	64	 0	 0
4.15	3.75	 7	0.39719		grating		tx+	0.01	-81	64	12	221
4.15	3.75	 7	0.39719		grating		ty+	0.01	-81	64	-190	-26
4.15	3.75	 7	0.39719		grating		tz+	0.01	-81	64	164	23
4.15	3.75	 8	0.30410		grating		dx+	1.00	-74	-59	 0	 0
4.15	3.75	 8	0.30410		grating		dy+	1.00	-74	-59	 0	 0
4.15	3.75	 8	0.30410		grating		dz+	1.00	-74	-59	 0	 0
4.15	3.75	 8	0.30410		grating		tx+	0.01	-74	-59	-11	202
4.15	3.75	 8	0.30410		grating		ty+	0.01	-74	-59	-203	-30
4.15	3.75	 8	0.30410		grating		tz+	0.01	-74	-59	142	21
4.15	3.75	 8	0.31424		grating		dx+	1.00	-76	-32	 0	 0
4.15	3.75	 8	0.31424		grating		dy+	1.00	-76	-32	 0	 0
4.15	3.75	 8	0.31424		grating		dz+	1.00	-76	-32	 0	 0
4.15	3.75	 8	0.31424		grating		tx+	0.01	-76	-32	-6	204
4.15	3.75	 8	0.31424		grating		ty+	0.01	-76	-32	-200	-29
4.15	3.75	 8	0.31424		grating		tz+	0.01	-76	-32	147	21
4.15	3.75	 8	0.32438		grating		dx+	1.00	-78	-4	 0	 0
4.15	3.75	 8	0.32438		grating		dy+	1.00	-78	-4	 0	 0
4.15	3.75	 8	0.32438		grating		dz+	1.00	-78	-4	 0	 0
4.15	3.75	 8	0.32438		grating		tx+	0.01	-78	-4	 0	207
4.15	3.75	 8	0.32438		grating		ty+	0.01	-78	-4	-197	-28
4.15	3.75	 8	0.32438		grating		tz+	0.01	-78	-4	151	21
4.15	3.75	 8	0.33451		grating		dx+	1.00	-78	25	 0	 0
4.15	3.75	 8	0.33451		grating		dy+	1.00	-78	25	 0	 0
4.15	3.75	 8	0.33451		grating		dz+	1.00	-78	25	 0	 0
4.15	3.75	 8	0.33451		grating		tx+	0.01	-78	25	 4	212
4.15	3.75	 8	0.33451		grating		ty+	0.01	-78	25	-193	-27
4.15	3.75	 8	0.33451		grating		tz+	0.01	-78	25	157	22
4.15	3.75	 8	0.34465		grating		dx+	1.00	-78	56	 0	 0
4.15	3.75	 8	0.34465		grating		dy+	1.00	-78	56	 0	 0
4.15	3.75	 8	0.34465		grating		dz+	1.00	-78	56	 0	 0
4.15	3.75	 8	0.34465		grating		tx+	0.01	-78	56	11	218
4.15	3.75	 8	0.34465		grating		ty+	0.01	-78	56	-191	-27
4.15	3.75	 8	0.34465		grating		tz+	0.01	-78	56	163	23
2.08	3.75	 5	0.46710		grating		dx+	1.00	-37	-79	 0	 0
2.08	3.75	 5	0.46710		grating		dy+	1.00	-37	-79	 0	 0
2.08	3.75	 5	0.46710		grating		dz+	1.00	-37	-79	 0	 0
2.08	3.75	 5	0.46710		grating		tx+	0.01	-37	-79	-16	198
2.08	3.75	 5	0.46710		grating		ty+	0.01	-37	-79	-209	-36
2.08	3.75	 5	0.46710		grating		tz+	0.01	-37	-79	140	24
2.08	3.75	 5	0.49305		grating		dx+	1.00	-40	-36	 0	 0
2.08	3.75	 5	0.49305		grating		dy+	1.00	-40	-36	 0	 0
2.08	3.75	 5	0.49305		grating		dz+	1.00	-40	-36	 0	 0
2.08	3.75	 5	0.49305		grating		tx+	0.01	-40	-36	-7	200
2.08	3.75	 5	0.49305		grating		ty+	0.01	-40	-36	-203	-35
2.08	3.75	 5	0.49305		grating		tz+	0.01	-40	-36	147	25
2.08	3.75	 5	0.51900		grating		dx+	1.00	-42	 9	 0	 0
2.08	3.75	 5	0.51900		grating		dy+	1.00	-42	 9	 0	 0
2.08	3.75	 5	0.51900		grating		dz+	1.00	-42	 9	 0	 0
2.08	3.75	 5	0.51900		grating		tx+	0.01	-42	 9	 2	205
2.08	3.75	 5	0.51900		grating		ty+	0.01	-42	 9	-198	-35
2.08	3.75	 5	0.51900		grating		tz+	0.01	-42	 9	156	27
2.08	3.75	 5	0.54495		grating		dx+	1.00	-40	58	 0	 0
2.08	3.75	 5	0.54495		grating		dy+	1.00	-40	58	 0	 0
2.08	3.75	 5	0.54495		grating		dz+	1.00	-40	58	 0	 0
2.08	3.75	 5	0.54495		grating		tx+	0.01	-40	58	13	215
2.08	3.75	 5	0.54495		grating		ty+	0.01	-40	58	-194	-36
2.08	3.75	 5	0.54495		grating		tz+	0.01	-40	58	167	31
2.08	3.75	 5	0.57090		grating		dx+	1.00	-36	111	 0	 0
2.08	3.75	 5	0.57090		grating		dy+	1.00	-36	111	 0	 0
2.08	3.75	 5	0.57090		grating		dz+	1.00	-36	111	 0	 0
2.08	3.75	 5	0.57090		grating		tx+	0.01	-36	111	27	231
2.08	3.75	 5	0.57090		grating		ty+	0.01	-36	111	-192	-38
2.08	3.75	 5	0.57090		grating		tz+	0.01	-36	111	180	36
2.08	3.75	 6	0.39646		grating		dx+	1.00	-35	-64	 0	 0
2.08	3.75	 6	0.39646		grating		dy+	1.00	-35	-64	 0	 0
2.08	3.75	 6	0.39646		grating		dz+	1.00	-35	-64	 0	 0
2.08	3.75	 6	0.39646		grating		tx+	0.01	-35	-64	-13	198
2.08	3.75	 6	0.39646		grating		ty+	0.01	-35	-64	-207	-36
2.08	3.75	 6	0.39646		grating		tz+	0.01	-35	-64	143	25
2.08	3.75	 6	0.41448		grating		dx+	1.00	-38	-28	 0	 0
2.08	3.75	 6	0.41448		grating		dy+	1.00	-38	-28	 0	 0
2.08	3.75	 6	0.41448		grating		dz+	1.00	-38	-28	 0	 0
2.08	3.75	 6	0.41448		grating		tx+	0.01	-38	-28	-6	200
2.08	3.75	 6	0.41448		grating		ty+	0.01	-38	-28	-203	-35
2.08	3.75	 6	0.41448		grating		tz+	0.01	-38	-28	149	26
2.08	3.75	 6	0.43250		grating		dx+	1.00	-39	10	 0	 0
2.08	3.75	 6	0.43250		grating		dy+	1.00	-39	10	 0	 0
2.08	3.75	 6	0.43250		grating		dz+	1.00	-39	10	 0	 0
2.08	3.75	 6	0.43250		grating		tx+	0.01	-39	10	 2	205
2.08	3.75	 6	0.43250		grating		ty+	0.01	-39	10	-198	-35
2.08	3.75	 6	0.43250		grating		tz+	0.01	-39	10	157	28
2.08	3.75	 6	0.45052		grating		dx+	1.00	-38	50	 0	 0
2.08	3.75	 6	0.45052		grating		dy+	1.00	-38	50	 0	 0
2.08	3.75	 6	0.45052		grating		dz+	1.00	-38	50	 0	 0
2.08	3.75	 6	0.45052		grating		tx+	0.01	-38	50	11	213
2.08	3.75	 6	0.45052		grating		ty+	0.01	-38	50	-195	-36
2.08	3.75	 6	0.45052		grating		tz+	0.01	-38	50	165	30
2.08	3.75	 6	0.46854		grating		dx+	1.00	-36	93	 0	 0
2.08	3.75	 6	0.46854		grating		dy+	1.00	-36	93	 0	 0
2.08	3.75	 6	0.46854		grating		dz+	1.00	-36	93	 0	 0
2.08	3.75	 6	0.46854		grating		tx+	0.01	-36	93	22	225
2.08	3.75	 6	0.46854		grating		ty+	0.01	-36	93	-193	-37
2.08	3.75	 6	0.46854		grating		tz+	0.01	-36	93	176	34
2.08	3.75	 7	0.34423		grating		dx+	1.00	-33	-53	 0	 0
2.08	3.75	 7	0.34423		grating		dy+	1.00	-33	-53	 0	 0
2.08	3.75	 7	0.34423		grating		dz+	1.00	-33	-53	 0	 0
2.08	3.75	 7	0.34423		grating		tx+	0.01	-33	-53	-11	198
2.08	3.75	 7	0.34423		grating		ty+	0.01	-33	-53	-207	-36
2.08	3.75	 7	0.34423		grating		tz+	0.01	-33	-53	146	25
2.08	3.75	 7	0.35747		grating		dx+	1.00	-35	-22	 0	 0
2.08	3.75	 7	0.35747		grating		dy+	1.00	-35	-22	 0	 0
2.08	3.75	 7	0.35747		grating		dz+	1.00	-35	-22	 0	 0
2.08	3.75	 7	0.35747		grating		tx+	0.01	-35	-22	-4	201
2.08	3.75	 7	0.35747		grating		ty+	0.01	-35	-22	-203	-35
2.08	3.75	 7	0.35747		grating		tz+	0.01	-35	-22	151	26
2.08	3.75	 7	0.37071		grating		dx+	1.00	-36	10	 0	 0
2.08	3.75	 7	0.37071		grating		dy+	1.00	-36	10	 0	 0
2.08	3.75	 7	0.37071		grating		dz+	1.00	-36	10	 0	 0
2.08	3.75	 7	0.37071		grating		tx+	0.01	-36	10	 2	205
2.08	3.75	 7	0.37071		grating		ty+	0.01	-36	10	-199	-35
2.08	3.75	 7	0.37071		grating		tz+	0.01	-36	10	157	28
2.08	3.75	 7	0.38395		grating		dx+	1.00	-36	44	 0	 0
2.08	3.75	 7	0.38395		grating		dy+	1.00	-36	44	 0	 0
2.08	3.75	 7	0.38395		grating		dz+	1.00	-36	44	 0	 0
2.08	3.75	 7	0.38395		grating		tx+	0.01	-36	44	10	211
2.08	3.75	 7	0.38395		grating		ty+	0.01	-36	44	-196	-36
2.08	3.75	 7	0.38395		grating		tz+	0.01	-36	44	165	30
2.08	3.75	 7	0.39719		grating		dx+	1.00	-34	80	 0	 0
2.08	3.75	 7	0.39719		grating		dy+	1.00	-34	80	 0	 0
2.08	3.75	 7	0.39719		grating		dz+	1.00	-34	80	 0	 0
2.08	3.75	 7	0.39719		grating		tx+	0.01	-34	80	19	221
2.08	3.75	 7	0.39719		grating		ty+	0.01	-34	80	-194	-37
2.08	3.75	 7	0.39719		grating		tz+	0.01	-34	80	173	33
2.08	3.75	 8	0.30410		grating		dx+	1.00	-29	-45	 0	 0
2.08	3.75	 8	0.30410		grating		dy+	1.00	-29	-45	 0	 0
2.08	3.75	 8	0.30410		grating		dz+	1.00	-29	-45	 0	 0
2.08	3.75	 8	0.30410		grating		tx+	0.01	-29	-45	-10	198
2.08	3.75	 8	0.30410		grating		ty+	0.01	-29	-45	-207	-36
2.08	3.75	 8	0.30410		grating		tz+	0.01	-29	-45	148	25
2.08	3.75	 8	0.31424		grating		dx+	1.00	-31	-18	 0	 0
2.08	3.75	 8	0.31424		grating		dy+	1.00	-31	-18	 0	 0
2.08	3.75	 8	0.31424		grating		dz+	1.00	-31	-18	 0	 0
2.08	3.75	 8	0.31424		grating		tx+	0.01	-31	-18	-3	201
2.08	3.75	 8	0.31424		grating		ty+	0.01	-31	-18	-203	-36
2.08	3.75	 8	0.31424		grating		tz+	0.01	-31	-18	153	27
2.08	3.75	 8	0.32438		grating		dx+	1.00	-32	11	 0	 0
2.08	3.75	 8	0.32438		grating		dy+	1.00	-32	11	 0	 0
2.08	3.75	 8	0.32438		grating		dz+	1.00	-32	11	 0	 0
2.08	3.75	 8	0.32438		grating		tx+	0.01	-32	11	 2	205
2.08	3.75	 8	0.32438		grating		ty+	0.01	-32	11	-200	-36
2.08	3.75	 8	0.32438		grating		tz+	0.01	-32	11	158	28
2.08	3.75	 8	0.33451		grating		dx+	1.00	-33	40	 0	 0
2.08	3.75	 8	0.33451		grating		dy+	1.00	-33	40	 0	 0
2.08	3.75	 8	0.33451		grating		dz+	1.00	-33	40	 0	 0
2.08	3.75	 8	0.33451		grating		tx+	0.01	-33	40	 9	210
2.08	3.75	 8	0.33451		grating		ty+	0.01	-33	40	-197	-36
2.08	3.75	 8	0.33451		grating		tz+	0.01	-33	40	164	30
2.08	3.75	 8	0.34465		grating		dx+	1.00	-31	72	 0	 0
2.08	3.75	 8	0.34465		grating		dy+	1.00	-31	72	 0	 0
2.08	3.75	 8	0.34465		grating		dz+	1.00	-31	72	 0	 0
2.08	3.75	 8	0.34465		grating		tx+	0.01	-31	72	17	218
2.08	3.75	 8	0.34465		grating		ty+	0.01	-31	72	-195	-37
2.08	3.75	 8	0.34465		grating		tz+	0.01	-31	72	172	33
0.00	3.75	 5	0.46710		grating		dx+	1.00	 9	-61	 0	 0
0.00	3.75	 5	0.46710		grating		dy+	1.00	 9	-61	 0	 0
0.00	3.75	 5	0.46710		grating		dz+	1.00	 9	-61	 0	 0
0.00	3.75	 5	0.46710		grating		tx+	0.01	 9	-61	-15	194
0.00	3.75	 5	0.46710		grating		ty+	0.01	 9	-61	-215	-42
0.00	3.75	 5	0.46710		grating		tz+	0.01	 9	-61	149	29
0.00	3.75	 5	0.49305		grating		dx+	1.00	 6	-18	 0	 0
0.00	3.75	 5	0.49305		grating		dy+	1.00	 6	-18	 0	 0
0.00	3.75	 5	0.49305		grating		dz+	1.00	 6	-18	 0	 0
0.00	3.75	 5	0.49305		grating		tx+	0.01	 6	-18	-4	197
0.00	3.75	 5	0.49305		grating		ty+	0.01	 6	-18	-209	-42
0.00	3.75	 5	0.49305		grating		tz+	0.01	 6	-18	157	32
0.00	3.75	 5	0.51900		grating		dx+	1.00	 6	28	 0	 0
0.00	3.75	 5	0.51900		grating		dy+	1.00	 6	28	 0	 0
0.00	3.75	 5	0.51900		grating		dz+	1.00	 6	28	 0	 0
0.00	3.75	 5	0.51900		grating		tx+	0.01	 6	28	 7	204
0.00	3.75	 5	0.51900		grating		ty+	0.01	 6	28	-205	-44
0.00	3.75	 5	0.51900		grating		tz+	0.01	 6	28	167	36
0.00	3.75	 5	0.54495		grating		dx+	1.00	 9	78	 0	 0
0.00	3.75	 5	0.54495		grating		dy+	1.00	 9	78	 0	 0
0.00	3.75	 5	0.54495		grating		dz+	1.00	 9	78	 0	 0
0.00	3.75	 5	0.54495		grating		tx+	0.01	 9	78	21	216
0.00	3.75	 5	0.54495		grating		ty+	0.01	 9	78	-203	-47
0.00	3.75	 5	0.54495		grating		tz+	0.01	 9	78	181	42
0.00	3.75	 5	0.57090		grating		dx+	1.00	16	134	 0	 0
0.00	3.75	 5	0.57090		grating		dy+	1.00	16	134	 0	 0
0.00	3.75	 5	0.57090		grating		dz+	1.00	16	134	 0	 0
0.00	3.75	 5	0.57090		grating		tx+	0.01	16	134	40	237
0.00	3.75	 5	0.57090		grating		ty+	0.01	16	134	-203	-53
0.00	3.75	 5	0.57090		grating		tz+	0.01	16	134	200	52
0.00	3.75	 6	0.39646		grating		dx+	1.00	11	-47	 0	 0
0.00	3.75	 6	0.39646		grating		dy+	1.00	11	-47	 0	 0
0.00	3.75	 6	0.39646		grating		dz+	1.00	11	-47	 0	 0
0.00	3.75	 6	0.39646		grating		tx+	0.01	11	-47	-11	194
0.00	3.75	 6	0.39646		grating		ty+	0.01	11	-47	-214	-42
0.00	3.75	 6	0.39646		grating		tz+	0.01	11	-47	152	30
0.00	3.75	 6	0.41448		grating		dx+	1.00	 9	-10	 0	 0
0.00	3.75	 6	0.41448		grating		dy+	1.00	 9	-10	 0	 0
0.00	3.75	 6	0.41448		grating		dz+	1.00	 9	-10	 0	 0
0.00	3.75	 6	0.41448		grating		tx+	0.01	 9	-10	-2	198
0.00	3.75	 6	0.41448		grating		ty+	0.01	 9	-10	-209	-43
0.00	3.75	 6	0.41448		grating		tz+	0.01	 9	-10	159	32
0.00	3.75	 6	0.43250		grating		dx+	1.00	 9	29	 0	 0
0.00	3.75	 6	0.43250		grating		dy+	1.00	 9	29	 0	 0
0.00	3.75	 6	0.43250		grating		dz+	1.00	 9	29	 0	 0
0.00	3.75	 6	0.43250		grating		tx+	0.01	 9	29	 7	204
0.00	3.75	 6	0.43250		grating		ty+	0.01	 9	29	-206	-44
0.00	3.75	 6	0.43250		grating		tz+	0.01	 9	29	168	36
0.00	3.75	 6	0.45052		grating		dx+	1.00	11	70	 0	 0
0.00	3.75	 6	0.45052		grating		dy+	1.00	11	70	 0	 0
0.00	3.75	 6	0.45052		grating		dz+	1.00	11	70	 0	 0
0.00	3.75	 6	0.45052		grating		tx+	0.01	11	70	19	214
0.00	3.75	 6	0.45052		grating		ty+	0.01	11	70	-204	-47
0.00	3.75	 6	0.45052		grating		tz+	0.01	11	70	179	41
0.00	3.75	 6	0.46854		grating		dx+	1.00	15	115	 0	 0
0.00	3.75	 6	0.46854		grating		dy+	1.00	15	115	 0	 0
0.00	3.75	 6	0.46854		grating		dz+	1.00	15	115	 0	 0
0.00	3.75	 6	0.46854		grating		tx+	0.01	15	115	34	229
0.00	3.75	 6	0.46854		grating		ty+	0.01	15	115	-204	-51
0.00	3.75	 6	0.46854		grating		tz+	0.01	15	115	194	49
0.00	3.75	 7	0.34423		grating		dx+	1.00	14	-36	 0	 0
0.00	3.75	 7	0.34423		grating		dy+	1.00	14	-36	 0	 0
0.00	3.75	 7	0.34423		grating		dz+	1.00	14	-36	 0	 0
0.00	3.75	 7	0.34423		grating		tx+	0.01	14	-36	-9	195
0.00	3.75	 7	0.34423		grating		ty+	0.01	14	-36	-214	-42
0.00	3.75	 7	0.34423		grating		tz+	0.01	14	-36	155	31
0.00	3.75	 7	0.35747		grating		dx+	1.00	12	-4	 0	 0
0.00	3.75	 7	0.35747		grating		dy+	1.00	12	-4	 0	 0
0.00	3.75	 7	0.35747		grating		dz+	1.00	12	-4	 0	 0
0.00	3.75	 7	0.35747		grating		tx+	0.01	12	-4	 0	198
0.00	3.75	 7	0.35747		grating		ty+	0.01	12	-4	-210	-43
0.00	3.75	 7	0.35747		grating		tz+	0.01	12	-4	162	33
0.00	3.75	 7	0.37071		grating		dx+	1.00	12	29	 0	 0
0.00	3.75	 7	0.37071		grating		dy+	1.00	12	29	 0	 0
0.00	3.75	 7	0.37071		grating		dz+	1.00	12	29	 0	 0
0.00	3.75	 7	0.37071		grating		tx+	0.01	12	29	 7	204
0.00	3.75	 7	0.37071		grating		ty+	0.01	12	29	-207	-45
0.00	3.75	 7	0.37071		grating		tz+	0.01	12	29	169	36
0.00	3.75	 7	0.38395		grating		dx+	1.00	13	64	 0	 0
0.00	3.75	 7	0.38395		grating		dy+	1.00	13	64	 0	 0
0.00	3.75	 7	0.38395		grating		dz+	1.00	13	64	 0	 0
0.00	3.75	 7	0.38395		grating		tx+	0.01	13	64	18	212
0.00	3.75	 7	0.38395		grating		ty+	0.01	13	64	-205	-47
0.00	3.75	 7	0.38395		grating		tz+	0.01	13	64	179	41
0.00	3.75	 7	0.39719		grating		dx+	1.00	17	102	 0	 0
0.00	3.75	 7	0.39719		grating		dy+	1.00	17	102	 0	 0
0.00	3.75	 7	0.39719		grating		dz+	1.00	17	102	 0	 0
0.00	3.75	 7	0.39719		grating		tx+	0.01	17	102	30	224
0.00	3.75	 7	0.39719		grating		ty+	0.01	17	102	-205	-50
0.00	3.75	 7	0.39719		grating		tz+	0.01	17	102	190	47
0.00	3.75	 8	0.30410		grating		dx+	1.00	18	-27	 0	 0
0.00	3.75	 8	0.30410		grating		dy+	1.00	18	-27	 0	 0
0.00	3.75	 8	0.30410		grating		dz+	1.00	18	-27	 0	 0
0.00	3.75	 8	0.30410		grating		tx+	0.01	18	-27	-7	196
0.00	3.75	 8	0.30410		grating		ty+	0.01	18	-27	-215	-43
0.00	3.75	 8	0.30410		grating		tz+	0.01	18	-27	158	31
0.00	3.75	 8	0.31424		grating		dx+	1.00	16	 1	 0	 0
0.00	3.75	 8	0.31424		grating		dy+	1.00	16	 1	 0	 0
0.00	3.75	 8	0.31424		grating		dz+	1.00	16	 1	 0	 0
0.00	3.75	 8	0.31424		grating		tx+	0.01	16	 1	 0	199
0.00	3.75	 8	0.31424		grating		ty+	0.01	16	 1	-211	-44
0.00	3.75	 8	0.31424		grating		tz+	0.01	16	 1	164	34
0.00	3.75	 8	0.32438		grating		dx+	1.00	16	30	 0	 0
0.00	3.75	 8	0.32438		grating		dy+	1.00	16	30	 0	 0
0.00	3.75	 8	0.32438		grating		dz+	1.00	16	30	 0	 0
0.00	3.75	 8	0.32438		grating		tx+	0.01	16	30	 8	204
0.00	3.75	 8	0.32438		grating		ty+	0.01	16	30	-209	-45
0.00	3.75	 8	0.32438		grating		tz+	0.01	16	30	171	37
0.00	3.75	 8	0.33451		grating		dx+	1.00	17	61	 0	 0
0.00	3.75	 8	0.33451		grating		dy+	1.00	17	61	 0	 0
0.00	3.75	 8	0.33451		grating		dz+	1.00	17	61	 0	 0
0.00	3.75	 8	0.33451		grating		tx+	0.01	17	61	17	211
0.00	3.75	 8	0.33451		grating		ty+	0.01	17	61	-207	-47
0.00	3.75	 8	0.33451		grating		tz+	0.01	17	61	179	41
0.00	3.75	 8	0.34465		grating		dx+	1.00	19	93	 0	 0
0.00	3.75	 8	0.34465		grating		dy+	1.00	19	93	 0	 0
0.00	3.75	 8	0.34465		grating		dz+	1.00	19	93	 0	 0
0.00	3.75	 8	0.34465		grating		tx+	0.01	19	93	27	221
0.00	3.75	 8	0.34465		grating		ty+	0.01	19	93	-206	-50
0.00	3.75	 8	0.34465		grating		tz+	0.01	19	93	189	46
-2.08	3.75	 5	0.46710		grating		dx+	1.00	59	-41	 0	 0
-2.08	3.75	 5	0.46710		grating		dy+	1.00	59	-41	 0	 0
-2.08	3.75	 5	0.46710		grating		dz+	1.00	59	-41	 0	 0
-2.08	3.75	 5	0.46710		grating		tx+	0.01	59	-41	-12	191
-2.08	3.75	 5	0.46710		grating		ty+	0.01	59	-41	-228	-49
-2.08	3.75	 5	0.46710		grating		tz+	0.01	59	-41	163	35
-2.08	3.75	 5	0.49305		grating		dx+	1.00	56	 4	 0	 0
-2.08	3.75	 5	0.49305		grating		dy+	1.00	56	 4	 0	 0
-2.08	3.75	 5	0.49305		grating		dz+	1.00	56	 4	 0	 0
-2.08	3.75	 5	0.49305		grating		tx+	0.01	56	 4	 1	196
-2.08	3.75	 5	0.49305		grating		ty+	0.01	56	 4	-223	-51
-2.08	3.75	 5	0.49305		grating		tz+	0.01	56	 4	174	40
-2.08	3.75	 5	0.51900		grating		dx+	1.00	58	52	 0	 0
-2.08	3.75	 5	0.51900		grating		dy+	1.00	58	52	 0	 0
-2.08	3.75	 5	0.51900		grating		dz+	1.00	58	52	 0	 0
-2.08	3.75	 5	0.51900		grating		tx+	0.01	58	52	16	205
-2.08	3.75	 5	0.51900		grating		ty+	0.01	58	52	-220	-56
-2.08	3.75	 5	0.51900		grating		tz+	0.01	58	52	188	47
-2.08	3.75	 5	0.54495		grating		dx+	1.00	64	105	 0	 0
-2.08	3.75	 5	0.54495		grating		dy+	1.00	64	105	 0	 0
-2.08	3.75	 5	0.54495		grating		dz+	1.00	64	105	 0	 0
-2.08	3.75	 5	0.54495		grating		tx+	0.01	64	105	36	222
-2.08	3.75	 5	0.54495		grating		ty+	0.01	64	105	-222	-63
-2.08	3.75	 5	0.54495		grating		tz+	0.01	64	105	208	59
-2.08	3.75	 5	0.57090		grating		dx+	1.00	76	167	 0	 0
-2.08	3.75	 5	0.57090		grating		dy+	1.00	76	167	 0	 0
-2.08	3.75	 5	0.57090		grating		dz+	1.00	76	167	 0	 0
-2.08	3.75	 5	0.57090		grating		tx+	0.01	76	167	66	252
-2.08	3.75	 5	0.57090		grating		ty+	0.01	76	167	-229	-76
-2.08	3.75	 5	0.57090		grating		tz+	0.01	76	167	239	79
-2.08	3.75	 6	0.39646		grating		dx+	1.00	61	-25	 0	 0
-2.08	3.75	 6	0.39646		grating		dy+	1.00	61	-25	 0	 0
-2.08	3.75	 6	0.39646		grating		dz+	1.00	61	-25	 0	 0
-2.08	3.75	 6	0.39646		grating		tx+	0.01	61	-25	-7	192
-2.08	3.75	 6	0.39646		grating		ty+	0.01	61	-25	-228	-50
-2.08	3.75	 6	0.39646		grating		tz+	0.01	61	-25	168	37
-2.08	3.75	 6	0.41448		grating		dx+	1.00	60	12	 0	 0
-2.08	3.75	 6	0.41448		grating		dy+	1.00	60	12	 0	 0
-2.08	3.75	 6	0.41448		grating		dz+	1.00	60	12	 0	 0
-2.08	3.75	 6	0.41448		grating		tx+	0.01	60	12	 3	197
-2.08	3.75	 6	0.41448		grating		ty+	0.01	60	12	-224	-52
-2.08	3.75	 6	0.41448		grating		tz+	0.01	60	12	177	41
-2.08	3.75	 6	0.43250		grating		dx+	1.00	61	53	 0	 0
-2.08	3.75	 6	0.43250		grating		dy+	1.00	61	53	 0	 0
-2.08	3.75	 6	0.43250		grating		dz+	1.00	61	53	 0	 0
-2.08	3.75	 6	0.43250		grating		tx+	0.01	61	53	17	205
-2.08	3.75	 6	0.43250		grating		ty+	0.01	61	53	-222	-56
-2.08	3.75	 6	0.43250		grating		tz+	0.01	61	53	189	48
-2.08	3.75	 6	0.45052		grating		dx+	1.00	65	96	 0	 0
-2.08	3.75	 6	0.45052		grating		dy+	1.00	65	96	 0	 0
-2.08	3.75	 6	0.45052		grating		dz+	1.00	65	96	 0	 0
-2.08	3.75	 6	0.45052		grating		tx+	0.01	65	96	33	218
-2.08	3.75	 6	0.45052		grating		ty+	0.01	65	96	-223	-62
-2.08	3.75	 6	0.45052		grating		tz+	0.01	65	96	206	57
-2.08	3.75	 6	0.46854		grating		dx+	1.00	74	146	 0	 0
-2.08	3.75	 6	0.46854		grating		dy+	1.00	74	146	 0	 0
-2.08	3.75	 6	0.46854		grating		dz+	1.00	74	146	 0	 0
-2.08	3.75	 6	0.46854		grating		tx+	0.01	74	146	55	240
-2.08	3.75	 6	0.46854		grating		ty+	0.01	74	146	-228	-71
-2.08	3.75	 6	0.46854		grating		tz+	0.01	74	146	229	72
-2.08	3.75	 7	0.34423		grating		dx+	1.00	65	-14	 0	 0
-2.08	3.75	 7	0.34423		grating		dy+	1.00	65	-14	 0	 0
-2.08	3.75	 7	0.34423		grating		dz+	1.00	65	-14	 0	 0
-2.08	3.75	 7	0.34423		grating		tx+	0.01	65	-14	-4	193
-2.08	3.75	 7	0.34423		grating		ty+	0.01	65	-14	-229	-51
-2.08	3.75	 7	0.34423		grating		tz+	0.01	65	-14	173	38
-2.08	3.75	 7	0.35747		grating		dx+	1.00	64	19	 0	 0
-2.08	3.75	 7	0.35747		grating		dy+	1.00	64	19	 0	 0
-2.08	3.75	 7	0.35747		grating		dz+	1.00	64	19	 0	 0
-2.08	3.75	 7	0.35747		grating		tx+	0.01	64	19	 6	198
-2.08	3.75	 7	0.35747		grating		ty+	0.01	64	19	-226	-53
-2.08	3.75	 7	0.35747		grating		tz+	0.01	64	19	181	43
-2.08	3.75	 7	0.37071		grating		dx+	1.00	65	53	 0	 0
-2.08	3.75	 7	0.37071		grating		dy+	1.00	65	53	 0	 0
-2.08	3.75	 7	0.37071		grating		dz+	1.00	65	53	 0	 0
-2.08	3.75	 7	0.37071		grating		tx+	0.01	65	53	17	205
-2.08	3.75	 7	0.37071		grating		ty+	0.01	65	53	-224	-57
-2.08	3.75	 7	0.37071		grating		tz+	0.01	65	53	191	48
-2.08	3.75	 7	0.38395		grating		dx+	1.00	68	91	 0	 0
-2.08	3.75	 7	0.38395		grating		dy+	1.00	68	91	 0	 0
-2.08	3.75	 7	0.38395		grating		dz+	1.00	68	91	 0	 0
-2.08	3.75	 7	0.38395		grating		tx+	0.01	68	91	31	216
-2.08	3.75	 7	0.38395		grating		ty+	0.01	68	91	-225	-62
-2.08	3.75	 7	0.38395		grating		tz+	0.01	68	91	205	56
-2.08	3.75	 7	0.39719		grating		dx+	1.00	75	132	 0	 0
-2.08	3.75	 7	0.39719		grating		dy+	1.00	75	132	 0	 0
-2.08	3.75	 7	0.39719		grating		dz+	1.00	75	132	 0	 0
-2.08	3.75	 7	0.39719		grating		tx+	0.01	75	132	49	233
-2.08	3.75	 7	0.39719		grating		ty+	0.01	75	132	-228	-69
-2.08	3.75	 7	0.39719		grating		tz+	0.01	75	132	224	68
-2.08	3.75	 8	0.30410		grating		dx+	1.00	69	-5	 0	 0
-2.08	3.75	 8	0.30410		grating		dy+	1.00	69	-5	 0	 0
-2.08	3.75	 8	0.30410		grating		dz+	1.00	69	-5	 0	 0
-2.08	3.75	 8	0.30410		grating		tx+	0.01	69	-5	-1	194
-2.08	3.75	 8	0.30410		grating		ty+	0.01	69	-5	-231	-52
-2.08	3.75	 8	0.30410		grating		tz+	0.01	69	-5	177	40
-2.08	3.75	 8	0.31424		grating		dx+	1.00	68	24	 0	 0
-2.08	3.75	 8	0.31424		grating		dy+	1.00	68	24	 0	 0
-2.08	3.75	 8	0.31424		grating		dz+	1.00	68	24	 0	 0
-2.08	3.75	 8	0.31424		grating		tx+	0.01	68	24	 8	199
-2.08	3.75	 8	0.31424		grating		ty+	0.01	68	24	-228	-54
-2.08	3.75	 8	0.31424		grating		tz+	0.01	68	24	185	44
-2.08	3.75	 8	0.32438		grating		dx+	1.00	69	54	 0	 0
-2.08	3.75	 8	0.32438		grating		dy+	1.00	69	54	 0	 0
-2.08	3.75	 8	0.32438		grating		dz+	1.00	69	54	 0	 0
-2.08	3.75	 8	0.32438		grating		tx+	0.01	69	54	18	206
-2.08	3.75	 8	0.32438		grating		ty+	0.01	69	54	-227	-57
-2.08	3.75	 8	0.32438		grating		tz+	0.01	69	54	194	49
-2.08	3.75	 8	0.33451		grating		dx+	1.00	72	87	 0	 0
-2.08	3.75	 8	0.33451		grating		dy+	1.00	72	87	 0	 0
-2.08	3.75	 8	0.33451		grating		dz+	1.00	72	87	 0	 0
-2.08	3.75	 8	0.33451		grating		tx+	0.01	72	87	31	215
-2.08	3.75	 8	0.33451		grating		ty+	0.01	72	87	-227	-62
-2.08	3.75	 8	0.33451		grating		tz+	0.01	72	87	206	56
-2.08	3.75	 8	0.34465		grating		dx+	1.00	77	122	 0	 0
-2.08	3.75	 8	0.34465		grating		dy+	1.00	77	122	 0	 0
-2.08	3.75	 8	0.34465		grating		dz+	1.00	77	122	 0	 0
-2.08	3.75	 8	0.34465		grating		tx+	0.01	77	122	46	229
-2.08	3.75	 8	0.34465		grating		ty+	0.01	77	122	-229	-68
-2.08	3.75	 8	0.34465		grating		tz+	0.01	77	122	221	65
-4.15	3.75	 5	0.46710		grating		dx+	1.00	114	-16	 0	 0
-4.15	3.75	 5	0.46710		grating		dy+	1.00	114	-16	 0	 0
-4.15	3.75	 5	0.46710		grating		dz+	1.00	114	-16	 0	 0
-4.15	3.75	 5	0.46710		grating		tx+	0.01	114	-16	-6	190
-4.15	3.75	 5	0.46710		grating		ty+	0.01	114	-16	-253	-58
-4.15	3.75	 5	0.46710		grating		tz+	0.01	114	-16	190	43
-4.15	3.75	 5	0.49305		grating		dx+	1.00	113	31	 0	 0
-4.15	3.75	 5	0.49305		grating		dy+	1.00	113	31	 0	 0
-4.15	3.75	 5	0.49305		grating		dz+	1.00	113	31	 0	 0
-4.15	3.75	 5	0.49305		grating		tx+	0.01	113	31	12	197
-4.15	3.75	 5	0.49305		grating		ty+	0.01	113	31	-250	-64
-4.15	3.75	 5	0.49305		grating		tz+	0.01	113	31	205	52
-4.15	3.75	 5	0.51900		grating		dx+	1.00	118	82	 0	 0
-4.15	3.75	 5	0.51900		grating		dy+	1.00	118	82	 0	 0
-4.15	3.75	 5	0.51900		grating		dz+	1.00	118	82	 0	 0
-4.15	3.75	 5	0.51900		grating		tx+	0.01	118	82	34	211
-4.15	3.75	 5	0.51900		grating		ty+	0.01	118	82	-252	-73
-4.15	3.75	 5	0.51900		grating		tz+	0.01	118	82	227	65
-4.15	3.75	 5	0.54495		grating		dx+	1.00	131	141	 0	 0
-4.15	3.75	 5	0.54495		grating		dy+	1.00	131	141	 0	 0
-4.15	3.75	 5	0.54495		grating		dz+	1.00	131	141	 0	 0
-4.15	3.75	 5	0.54495		grating		tx+	0.01	131	141	66	236
-4.15	3.75	 5	0.54495		grating		ty+	0.01	131	141	-264	-88
-4.15	3.75	 5	0.54495		grating		tz+	0.01	131	141	264	88
-4.15	3.75	 5	0.57090		grating		dx+	1.00	156	214	 0	 0
-4.15	3.75	 5	0.57090		grating		dy+	1.00	156	214	 0	 0
-4.15	3.75	 5	0.57090		grating		dz+	1.00	156	214	 0	 0
-4.15	3.75	 5	0.57090		grating		tx+	0.01	156	214	126	287
-4.15	3.75	 5	0.57090		grating		ty+	0.01	156	214	-297	-118
-4.15	3.75	 5	0.57090		grating		tz+	0.01	156	214	335	134
-4.15	3.75	 6	0.39646		grating		dx+	1.00	117	 0	 0	 0
-4.15	3.75	 6	0.39646		grating		dy+	1.00	117	 0	 0	 0
-4.15	3.75	 6	0.39646		grating		dz+	1.00	117	 0	 0	 0
-4.15	3.75	 6	0.39646		grating		tx+	0.01	117	 0	 0	192
-4.15	3.75	 6	0.39646		grating		ty+	0.01	117	 0	-255	-60
-4.15	3.75	 6	0.39646		grating		tz+	0.01	117	 0	197	46
-4.15	3.75	 6	0.41448		grating		dx+	1.00	118	40	 0	 0
-4.15	3.75	 6	0.41448		grating		dy+	1.00	118	40	 0	 0
-4.15	3.75	 6	0.41448		grating		dz+	1.00	118	40	 0	 0
-4.15	3.75	 6	0.41448		grating		tx+	0.01	118	40	16	199
-4.15	3.75	 6	0.41448		grating		ty+	0.01	118	40	-253	-66
-4.15	3.75	 6	0.41448		grating		tz+	0.01	118	40	211	55
-4.15	3.75	 6	0.43250		grating		dx+	1.00	122	83	 0	 0
-4.15	3.75	 6	0.43250		grating		dy+	1.00	122	83	 0	 0
-4.15	3.75	 6	0.43250		grating		dz+	1.00	122	83	 0	 0
-4.15	3.75	 6	0.43250		grating		tx+	0.01	122	83	35	211
-4.15	3.75	 6	0.43250		grating		ty+	0.01	122	83	-255	-73
-4.15	3.75	 6	0.43250		grating		tz+	0.01	122	83	231	66
-4.15	3.75	 6	0.45052		grating		dx+	1.00	132	132	 0	 0
-4.15	3.75	 6	0.45052		grating		dy+	1.00	132	132	 0	 0
-4.15	3.75	 6	0.45052		grating		dz+	1.00	132	132	 0	 0
-4.15	3.75	 6	0.45052		grating		tx+	0.01	132	132	61	231
-4.15	3.75	 6	0.45052		grating		ty+	0.01	132	132	-264	-86
-4.15	3.75	 6	0.45052		grating		tz+	0.01	132	132	260	84
-4.15	3.75	 6	0.46854		grating		dx+	1.00	149	189	 0	 0
-4.15	3.75	 6	0.46854		grating		dy+	1.00	149	189	 0	 0
-4.15	3.75	 6	0.46854		grating		dz+	1.00	149	189	 0	 0
-4.15	3.75	 6	0.46854		grating		tx+	0.01	149	189	103	267
-4.15	3.75	 6	0.46854		grating		ty+	0.01	149	189	-286	-107
-4.15	3.75	 6	0.46854		grating		tz+	0.01	149	189	310	116
-4.15	3.75	 7	0.34423		grating		dx+	1.00	122	12	 0	 0
-4.15	3.75	 7	0.34423		grating		dy+	1.00	122	12	 0	 0
-4.15	3.75	 7	0.34423		grating		dz+	1.00	122	12	 0	 0
-4.15	3.75	 7	0.34423		grating		tx+	0.01	122	12	 4	194
-4.15	3.75	 7	0.34423		grating		ty+	0.01	122	12	-258	-62
-4.15	3.75	 7	0.34423		grating		tz+	0.01	122	12	204	49
-4.15	3.75	 7	0.35747		grating		dx+	1.00	123	47	 0	 0
-4.15	3.75	 7	0.35747		grating		dy+	1.00	123	47	 0	 0
-4.15	3.75	 7	0.35747		grating		dz+	1.00	123	47	 0	 0
-4.15	3.75	 7	0.35747		grating		tx+	0.01	123	47	19	201
-4.15	3.75	 7	0.35747		grating		ty+	0.01	123	47	-257	-67
-4.15	3.75	 7	0.35747		grating		tz+	0.01	123	47	217	57
-4.15	3.75	 7	0.37071		grating		dx+	1.00	127	84	 0	 0
-4.15	3.75	 7	0.37071		grating		dy+	1.00	127	84	 0	 0
-4.15	3.75	 7	0.37071		grating		dz+	1.00	127	84	 0	 0
-4.15	3.75	 7	0.37071		grating		tx+	0.01	127	84	36	212
-4.15	3.75	 7	0.37071		grating		ty+	0.01	127	84	-259	-74
-4.15	3.75	 7	0.37071		grating		tz+	0.01	127	84	235	67
-4.15	3.75	 7	0.38395		grating		dx+	1.00	134	126	 0	 0
-4.15	3.75	 7	0.38395		grating		dy+	1.00	134	126	 0	 0
-4.15	3.75	 7	0.38395		grating		dz+	1.00	134	126	 0	 0
-4.15	3.75	 7	0.38395		grating		tx+	0.01	134	126	59	229
-4.15	3.75	 7	0.38395		grating		ty+	0.01	134	126	-267	-85
-4.15	3.75	 7	0.38395		grating		tz+	0.01	134	126	260	83
-4.15	3.75	 7	0.39719		grating		dx+	1.00	148	173	 0	 0
-4.15	3.75	 7	0.39719		grating		dy+	1.00	148	173	 0	 0
-4.15	3.75	 7	0.39719		grating		dz+	1.00	148	173	 0	 0
-4.15	3.75	 7	0.39719		grating		tx+	0.01	148	173	92	256
-4.15	3.75	 7	0.39719		grating		ty+	0.01	148	173	-283	-101
-4.15	3.75	 7	0.39719		grating		tz+	0.01	148	173	299	107
-4.15	3.75	 8	0.30410		grating		dx+	1.00	128	22	 0	 0
-4.15	3.75	 8	0.30410		grating		dy+	1.00	128	22	 0	 0
-4.15	3.75	 8	0.30410		grating		dz+	1.00	128	22	 0	 0
-4.15	3.75	 8	0.30410		grating		tx+	0.01	128	22	 9	196
-4.15	3.75	 8	0.30410		grating		ty+	0.01	128	22	-263	-64
-4.15	3.75	 8	0.30410		grating		tz+	0.01	128	22	212	52
-4.15	3.75	 8	0.31424		grating		dx+	1.00	129	53	 0	 0
-4.15	3.75	 8	0.31424		grating		dy+	1.00	129	53	 0	 0
-4.15	3.75	 8	0.31424		grating		dz+	1.00	129	53	 0	 0
-4.15	3.75	 8	0.31424		grating		tx+	0.01	129	53	22	203
-4.15	3.75	 8	0.31424		grating		ty+	0.01	129	53	-262	-69
-4.15	3.75	 8	0.31424		grating		tz+	0.01	129	53	224	59
-4.15	3.75	 8	0.32438		grating		dx+	1.00	132	86	 0	 0
-4.15	3.75	 8	0.32438		grating		dy+	1.00	132	86	 0	 0
-4.15	3.75	 8	0.32438		grating		dz+	1.00	132	86	 0	 0
-4.15	3.75	 8	0.32438		grating		tx+	0.01	132	86	38	212
-4.15	3.75	 8	0.32438		grating		ty+	0.01	132	86	-264	-76
-4.15	3.75	 8	0.32438		grating		tz+	0.01	132	86	240	69
-4.15	3.75	 8	0.33451		grating		dx+	1.00	139	122	 0	 0
-4.15	3.75	 8	0.33451		grating		dy+	1.00	139	122	 0	 0
-4.15	3.75	 8	0.33451		grating		dz+	1.00	139	122	 0	 0
-4.15	3.75	 8	0.33451		grating		tx+	0.01	139	122	58	227
-4.15	3.75	 8	0.33451		grating		ty+	0.01	139	122	-271	-85
-4.15	3.75	 8	0.33451		grating		tz+	0.01	139	122	262	82
-4.15	3.75	 8	0.34465		grating		dx+	1.00	150	162	 0	 0
-4.15	3.75	 8	0.34465		grating		dy+	1.00	150	162	 0	 0
-4.15	3.75	 8	0.34465		grating		dz+	1.00	150	162	 0	 0
-4.15	3.75	 8	0.34465		grating		tx+	0.01	150	162	85	249
-4.15	3.75	 8	0.34465		grating		ty+	0.01	150	162	-284	-98
-4.15	3.75	 8	0.34465		grating		tz+	0.01	150	162	294	102
4.15	4.50	 5	0.46710		grating		dx+	1.00	-80	-106	 0	 0
4.15	4.50	 5	0.46710		grating		dy+	1.00	-80	-106	 0	 0
4.15	4.50	 5	0.46710		grating		dz+	1.00	-80	-106	 0	 0
4.15	4.50	 5	0.46710		grating		tx+	0.01	-80	-106	-18	200
4.15	4.50	 5	0.46710		grating		ty+	0.01	-80	-106	-207	-31
4.15	4.50	 5	0.46710		grating		tz+	0.01	-80	-106	136	21
4.15	4.50	 5	0.49305		grating		dx+	1.00	-84	-63	 0	 0
4.15	4.50	 5	0.49305		grating		dy+	1.00	-84	-63	 0	 0
4.15	4.50	 5	0.49305		grating		dz+	1.00	-84	-63	 0	 0
4.15	4.50	 5	0.49305		grating		tx+	0.01	-84	-63	-11	201
4.15	4.50	 5	0.49305		grating		ty+	0.01	-84	-63	-201	-29
4.15	4.50	 5	0.49305		grating		tz+	0.01	-84	-63	143	21
4.15	4.50	 5	0.51900		grating		dx+	1.00	-86	-19	 0	 0
4.15	4.50	 5	0.51900		grating		dy+	1.00	-86	-19	 0	 0
4.15	4.50	 5	0.51900		grating		dz+	1.00	-86	-19	 0	 0
4.15	4.50	 5	0.51900		grating		tx+	0.01	-86	-19	-3	204
4.15	4.50	 5	0.51900		grating		ty+	0.01	-86	-19	-195	-27
4.15	4.50	 5	0.51900		grating		tz+	0.01	-86	-19	150	21
4.15	4.50	 5	0.54495		grating		dx+	1.00	-86	28	 0	 0
4.15	4.50	 5	0.54495		grating		dy+	1.00	-86	28	 0	 0
4.15	4.50	 5	0.54495		grating		dz+	1.00	-86	28	 0	 0
4.15	4.50	 5	0.54495		grating		tx+	0.01	-86	28	 5	211
4.15	4.50	 5	0.54495		grating		ty+	0.01	-86	28	-190	-26
4.15	4.50	 5	0.54495		grating		tz+	0.01	-86	28	159	22
4.15	4.50	 5	0.57090		grating		dx+	1.00	-84	78	 0	 0
4.15	4.50	 5	0.57090		grating		dy+	1.00	-84	78	 0	 0
4.15	4.50	 5	0.57090		grating		dz+	1.00	-84	78	 0	 0
4.15	4.50	 5	0.57090		grating		tx+	0.01	-84	78	15	223
4.15	4.50	 5	0.57090		grating		ty+	0.01	-84	78	-186	-26
4.15	4.50	 5	0.57090		grating		tz+	0.01	-84	78	169	23
4.15	4.50	 6	0.39646		grating		dx+	1.00	-79	-91	 0	 0
4.15	4.50	 6	0.39646		grating		dy+	1.00	-79	-91	 0	 0
4.15	4.50	 6	0.39646		grating		dz+	1.00	-79	-91	 0	 0
4.15	4.50	 6	0.39646		grating		tx+	0.01	-79	-91	-16	200
4.15	4.50	 6	0.39646		grating		ty+	0.01	-79	-91	-205	-31
4.15	4.50	 6	0.39646		grating		tz+	0.01	-79	-91	139	21
4.15	4.50	 6	0.41448		grating		dx+	1.00	-82	-55	 0	 0
4.15	4.50	 6	0.41448		grating		dy+	1.00	-82	-55	 0	 0
4.15	4.50	 6	0.41448		grating		dz+	1.00	-82	-55	 0	 0
4.15	4.50	 6	0.41448		grating		tx+	0.01	-82	-55	-9	201
4.15	4.50	 6	0.41448		grating		ty+	0.01	-82	-55	-200	-29
4.15	4.50	 6	0.41448		grating		tz+	0.01	-82	-55	144	21
4.15	4.50	 6	0.43250		grating		dx+	1.00	-84	-19	 0	 0
4.15	4.50	 6	0.43250		grating		dy+	1.00	-84	-19	 0	 0
4.15	4.50	 6	0.43250		grating		dz+	1.00	-84	-19	 0	 0
4.15	4.50	 6	0.43250		grating		tx+	0.01	-84	-19	-3	204
4.15	4.50	 6	0.43250		grating		ty+	0.01	-84	-19	-195	-28
4.15	4.50	 6	0.43250		grating		tz+	0.01	-84	-19	150	21
4.15	4.50	 6	0.45052		grating		dx+	1.00	-84	20	 0	 0
4.15	4.50	 6	0.45052		grating		dy+	1.00	-84	20	 0	 0
4.15	4.50	 6	0.45052		grating		dz+	1.00	-84	20	 0	 0
4.15	4.50	 6	0.45052		grating		tx+	0.01	-84	20	 3	209
4.15	4.50	 6	0.45052		grating		ty+	0.01	-84	20	-191	-26
4.15	4.50	 6	0.45052		grating		tz+	0.01	-84	20	157	22
4.15	4.50	 6	0.46854		grating		dx+	1.00	-83	61	 0	 0
4.15	4.50	 6	0.46854		grating		dy+	1.00	-83	61	 0	 0
4.15	4.50	 6	0.46854		grating		dz+	1.00	-83	61	 0	 0
4.15	4.50	 6	0.46854		grating		tx+	0.01	-83	61	11	218
4.15	4.50	 6	0.46854		grating		ty+	0.01	-83	61	-188	-26
4.15	4.50	 6	0.46854		grating		tz+	0.01	-83	61	166	23
4.15	4.50	 7	0.34423		grating		dx+	1.00	-76	-81	 0	 0
4.15	4.50	 7	0.34423		grating		dy+	1.00	-76	-81	 0	 0
4.15	4.50	 7	0.34423		grating		dz+	1.00	-76	-81	 0	 0
4.15	4.50	 7	0.34423		grating		tx+	0.01	-76	-81	-14	200
4.15	4.50	 7	0.34423		grating		ty+	0.01	-76	-81	-204	-30
4.15	4.50	 7	0.34423		grating		tz+	0.01	-76	-81	141	21
4.15	4.50	 7	0.35747		grating		dx+	1.00	-79	-50	 0	 0
4.15	4.50	 7	0.35747		grating		dy+	1.00	-79	-50	 0	 0
4.15	4.50	 7	0.35747		grating		dz+	1.00	-79	-50	 0	 0
4.15	4.50	 7	0.35747		grating		tx+	0.01	-79	-50	-9	201
4.15	4.50	 7	0.35747		grating		ty+	0.01	-79	-50	-200	-29
4.15	4.50	 7	0.35747		grating		tz+	0.01	-79	-50	146	21
4.15	4.50	 7	0.37071		grating		dx+	1.00	-81	-18	 0	 0
4.15	4.50	 7	0.37071		grating		dy+	1.00	-81	-18	 0	 0
4.15	4.50	 7	0.37071		grating		dz+	1.00	-81	-18	 0	 0
4.15	4.50	 7	0.37071		grating		tx+	0.01	-81	-18	-3	204
4.15	4.50	 7	0.37071		grating		ty+	0.01	-81	-18	-196	-28
4.15	4.50	 7	0.37071		grating		tz+	0.01	-81	-18	151	21
4.15	4.50	 7	0.38395		grating		dx+	1.00	-82	15	 0	 0
4.15	4.50	 7	0.38395		grating		dy+	1.00	-82	15	 0	 0
4.15	4.50	 7	0.38395		grating		dz+	1.00	-82	15	 0	 0
4.15	4.50	 7	0.38395		grating		tx+	0.01	-82	15	 2	208
4.15	4.50	 7	0.38395		grating		ty+	0.01	-82	15	-192	-27
4.15	4.50	 7	0.38395		grating		tz+	0.01	-82	15	157	22
4.15	4.50	 7	0.39719		grating		dx+	1.00	-81	49	 0	 0
4.15	4.50	 7	0.39719		grating		dy+	1.00	-81	49	 0	 0
4.15	4.50	 7	0.39719		grating		dz+	1.00	-81	49	 0	 0
4.15	4.50	 7	0.39719		grating		tx+	0.01	-81	49	 9	215
4.15	4.50	 7	0.39719		grating		ty+	0.01	-81	49	-189	-26
4.15	4.50	 7	0.39719		grating		tz+	0.01	-81	49	164	23
4.15	4.50	 8	0.30410		grating		dx+	1.00	-73	-72	 0	 0
4.15	4.50	 8	0.30410		grating		dy+	1.00	-73	-72	 0	 0
4.15	4.50	 8	0.30410		grating		dz+	1.00	-73	-72	 0	 0
4.15	4.50	 8	0.30410		grating		tx+	0.01	-73	-72	-13	200
4.15	4.50	 8	0.30410		grating		ty+	0.01	-73	-72	-204	-30
4.15	4.50	 8	0.30410		grating		tz+	0.01	-73	-72	142	21
4.15	4.50	 8	0.31424		grating		dx+	1.00	-76	-45	 0	 0
4.15	4.50	 8	0.31424		grating		dy+	1.00	-76	-45	 0	 0
4.15	4.50	 8	0.31424		grating		dz+	1.00	-76	-45	 0	 0
4.15	4.50	 8	0.31424		grating		tx+	0.01	-76	-45	-8	201
4.15	4.50	 8	0.31424		grating		ty+	0.01	-76	-45	-200	-29
4.15	4.50	 8	0.31424		grating		tz+	0.01	-76	-45	147	21
4.15	4.50	 8	0.32438		grating		dx+	1.00	-77	-18	 0	 0
4.15	4.50	 8	0.32438		grating		dy+	1.00	-77	-18	 0	 0
4.15	4.50	 8	0.32438		grating		dz+	1.00	-77	-18	 0	 0
4.15	4.50	 8	0.32438		grating		tx+	0.01	-77	-18	-3	204
4.15	4.50	 8	0.32438		grating		ty+	0.01	-77	-18	-196	-28
4.15	4.50	 8	0.32438		grating		tz+	0.01	-77	-18	151	21
4.15	4.50	 8	0.33451		grating		dx+	1.00	-78	11	 0	 0
4.15	4.50	 8	0.33451		grating		dy+	1.00	-78	11	 0	 0
4.15	4.50	 8	0.33451		grating		dz+	1.00	-78	11	 0	 0
4.15	4.50	 8	0.33451		grating		tx+	0.01	-78	11	 2	207
4.15	4.50	 8	0.33451		grating		ty+	0.01	-78	11	-193	-27
4.15	4.50	 8	0.33451		grating		tz+	0.01	-78	11	156	22
4.15	4.50	 8	0.34465		grating		dx+	1.00	-78	41	 0	 0
4.15	4.50	 8	0.34465		grating		dy+	1.00	-78	41	 0	 0
4.15	4.50	 8	0.34465		grating		dz+	1.00	-78	41	 0	 0
4.15	4.50	 8	0.34465		grating		tx+	0.01	-78	41	 7	213
4.15	4.50	 8	0.34465		grating		ty+	0.01	-78	41	-190	-27
4.15	4.50	 8	0.34465		grating		tz+	0.01	-78	41	162	23
2.08	4.50	 5	0.46710		grating		dx+	1.00	-36	-91	 0	 0
2.08	4.50	 5	0.46710		grating		dy+	1.00	-36	-91	 0	 0
2.08	4.50	 5	0.46710		grating		dz+	1.00	-36	-91	 0	 0
2.08	4.50	 5	0.46710		grating		tx+	0.01	-36	-91	-19	196
2.08	4.50	 5	0.46710		grating		ty+	0.01	-36	-91	-209	-36
2.08	4.50	 5	0.46710		grating		tz+	0.01	-36	-91	141	24
2.08	4.50	 5	0.49305		grating		dx+	1.00	-40	-49	 0	 0
2.08	4.50	 5	0.49305		grating		dy+	1.00	-40	-49	 0	 0
2.08	4.50	 5	0.49305		grating		dz+	1.00	-40	-49	 0	 0
2.08	4.50	 5	0.49305		grating		tx+	0.01	-40	-49	-10	197
2.08	4.50	 5	0.49305		grating		ty+	0.01	-40	-49	-203	-35
2.08	4.50	 5	0.49305		grating		tz+	0.01	-40	-49	147	25
2.08	4.50	 5	0.51900		grating		dx+	1.00	-41	-5	 0	 0
2.08	4.50	 5	0.51900		grating		dy+	1.00	-41	-5	 0	 0
2.08	4.50	 5	0.51900		grating		dz+	1.00	-41	-5	 0	 0
2.08	4.50	 5	0.51900		grating		tx+	0.01	-41	-5	 0	201
2.08	4.50	 5	0.51900		grating		ty+	0.01	-41	-5	-197	-35
2.08	4.50	 5	0.51900		grating		tz+	0.01	-41	-5	156	27
2.08	4.50	 5	0.54495		grating		dx+	1.00	-41	43	 0	 0
2.08	4.50	 5	0.54495		grating		dy+	1.00	-41	43	 0	 0
2.08	4.50	 5	0.54495		grating		dz+	1.00	-41	43	 0	 0
2.08	4.50	 5	0.54495		grating		tx+	0.01	-41	43	 9	209
2.08	4.50	 5	0.54495		grating		ty+	0.01	-41	43	-193	-35
2.08	4.50	 5	0.54495		grating		tz+	0.01	-41	43	165	30
2.08	4.50	 5	0.57090		grating		dx+	1.00	-38	94	 0	 0
2.08	4.50	 5	0.57090		grating		dy+	1.00	-38	94	 0	 0
2.08	4.50	 5	0.57090		grating		dz+	1.00	-38	94	 0	 0
2.08	4.50	 5	0.57090		grating		tx+	0.01	-38	94	22	223
2.08	4.50	 5	0.57090		grating		ty+	0.01	-38	94	-190	-37
2.08	4.50	 5	0.57090		grating		tz+	0.01	-38	94	178	34
2.08	4.50	 6	0.39646		grating		dx+	1.00	-34	-77	 0	 0
2.08	4.50	 6	0.39646		grating		dy+	1.00	-34	-77	 0	 0
2.08	4.50	 6	0.39646		grating		dz+	1.00	-34	-77	 0	 0
2.08	4.50	 6	0.39646		grating		tx+	0.01	-34	-77	-16	196
2.08	4.50	 6	0.39646		grating		ty+	0.01	-34	-77	-207	-36
2.08	4.50	 6	0.39646		grating		tz+	0.01	-34	-77	143	25
2.08	4.50	 6	0.41448		grating		dx+	1.00	-37	-41	 0	 0
2.08	4.50	 6	0.41448		grating		dy+	1.00	-37	-41	 0	 0
2.08	4.50	 6	0.41448		grating		dz+	1.00	-37	-41	 0	 0
2.08	4.50	 6	0.41448		grating		tx+	0.01	-37	-41	-8	197
2.08	4.50	 6	0.41448		grating		ty+	0.01	-37	-41	-202	-35
2.08	4.50	 6	0.41448		grating		tz+	0.01	-37	-41	149	26
2.08	4.50	 6	0.43250		grating		dx+	1.00	-39	-4	 0	 0
2.08	4.50	 6	0.43250		grating		dy+	1.00	-39	-4	 0	 0
2.08	4.50	 6	0.43250		grating		dz+	1.00	-39	-4	 0	 0
2.08	4.50	 6	0.43250		grating		tx+	0.01	-39	-4	 0	201
2.08	4.50	 6	0.43250		grating		ty+	0.01	-39	-4	-198	-35
2.08	4.50	 6	0.43250		grating		tz+	0.01	-39	-4	156	27
2.08	4.50	 6	0.45052		grating		dx+	1.00	-39	35	 0	 0
2.08	4.50	 6	0.45052		grating		dy+	1.00	-39	35	 0	 0
2.08	4.50	 6	0.45052		grating		dz+	1.00	-39	35	 0	 0
2.08	4.50	 6	0.45052		grating		tx+	0.01	-39	35	 7	208
2.08	4.50	 6	0.45052		grating		ty+	0.01	-39	35	-194	-35
2.08	4.50	 6	0.45052		grating		tz+	0.01	-39	35	164	30
2.08	4.50	 6	0.46854		grating		dx+	1.00	-37	77	 0	 0
2.08	4.50	 6	0.46854		grating		dy+	1.00	-37	77	 0	 0
2.08	4.50	 6	0.46854		grating		dz+	1.00	-37	77	 0	 0
2.08	4.50	 6	0.46854		grating		tx+	0.01	-37	77	17	218
2.08	4.50	 6	0.46854		grating		ty+	0.01	-37	77	-192	-36
2.08	4.50	 6	0.46854		grating		tz+	0.01	-37	77	174	33
2.08	4.50	 7	0.34423		grating		dx+	1.00	-32	-66	 0	 0
2.08	4.50	 7	0.34423		grating		dy+	1.00	-32	-66	 0	 0
2.08	4.50	 7	0.34423		grating		dz+	1.00	-32	-66	 0	 0
2.08	4.50	 7	0.34423		grating		tx+	0.01	-32	-66	-14	196
2.08	4.50	 7	0.34423		grating		ty+	0.01	-32	-66	-207	-36
2.08	4.50	 7	0.34423		grating		tz+	0.01	-32	-66	146	25
2.08	4.50	 7	0.35747		grating		dx+	1.00	-34	-35	 0	 0
2.08	4.50	 7	0.35747		grating		dy+	1.00	-34	-35	 0	 0
2.08	4.50	 7	0.35747		grating		dz+	1.00	-34	-35	 0	 0
2.08	4.50	 7	0.35747		grating		tx+	0.01	-34	-35	-7	197
2.08	4.50	 7	0.35747		grating		ty+	0.01	-34	-35	-202	-35
2.08	4.50	 7	0.35747		grating		tz+	0.01	-34	-35	151	26
2.08	4.50	 7	0.37071		grating		dx+	1.00	-36	-4	 0	 0
2.08	4.50	 7	0.37071		grating		dy+	1.00	-36	-4	 0	 0
2.08	4.50	 7	0.37071		grating		dz+	1.00	-36	-4	 0	 0
2.08	4.50	 7	0.37071		grating		tx+	0.01	-36	-4	 0	201
2.08	4.50	 7	0.37071		grating		ty+	0.01	-36	-4	-199	-35
2.08	4.50	 7	0.37071		grating		tz+	0.01	-36	-4	157	27
2.08	4.50	 7	0.38395		grating		dx+	1.00	-36	30	 0	 0
2.08	4.50	 7	0.38395		grating		dy+	1.00	-36	30	 0	 0
2.08	4.50	 7	0.38395		grating		dz+	1.00	-36	30	 0	 0
2.08	4.50	 7	0.38395		grating		tx+	0.01	-36	30	 6	206
2.08	4.50	 7	0.38395		grating		ty+	0.01	-36	30	-195	-35
2.08	4.50	 7	0.38395		grating		tz+	0.01	-36	30	164	29
2.08	4.50	 7	0.39719		grating		dx+	1.00	-35	65	 0	 0
2.08	4.50	 7	0.39719		grating		dy+	1.00	-35	65	 0	 0
2.08	4.50	 7	0.39719		grating		dz+	1.00	-35	65	 0	 0
2.08	4.50	 7	0.39719		grating		tx+	0.01	-35	65	15	214
2.08	4.50	 7	0.39719		grating		ty+	0.01	-35	65	-193	-36
2.08	4.50	 7	0.39719		grating		tz+	0.01	-35	65	172	32
2.08	4.50	 8	0.30410		grating		dx+	1.00	-28	-58	 0	 0
2.08	4.50	 8	0.30410		grating		dy+	1.00	-28	-58	 0	 0
2.08	4.50	 8	0.30410		grating		dz+	1.00	-28	-58	 0	 0
2.08	4.50	 8	0.30410		grating		tx+	0.01	-28	-58	-12	196
2.08	4.50	 8	0.30410		grating		ty+	0.01	-28	-58	-206	-36
2.08	4.50	 8	0.30410		grating		tz+	0.01	-28	-58	148	25
2.08	4.50	 8	0.31424		grating		dx+	1.00	-31	-31	 0	 0
2.08	4.50	 8	0.31424		grating		dy+	1.00	-31	-31	 0	 0
2.08	4.50	 8	0.31424		grating		dz+	1.00	-31	-31	 0	 0
2.08	4.50	 8	0.31424		grating		tx+	0.01	-31	-31	-6	198
2.08	4.50	 8	0.31424		grating		ty+	0.01	-31	-31	-203	-35
2.08	4.50	 8	0.31424		grating		tz+	0.01	-31	-31	152	26
2.08	4.50	 8	0.32438		grating		dx+	1.00	-32	-3	 0	 0
2.08	4.50	 8	0.32438		grating		dy+	1.00	-32	-3	 0	 0
2.08	4.50	 8	0.32438		grating		dz+	1.00	-32	-3	 0	 0
2.08	4.50	 8	0.32438		grating		tx+	0.01	-32	-3	 0	201
2.08	4.50	 8	0.32438		grating		ty+	0.01	-32	-3	-200	-35
2.08	4.50	 8	0.32438		grating		tz+	0.01	-32	-3	158	28
2.08	4.50	 8	0.33451		grating		dx+	1.00	-33	26	 0	 0
2.08	4.50	 8	0.33451		grating		dy+	1.00	-33	26	 0	 0
2.08	4.50	 8	0.33451		grating		dz+	1.00	-33	26	 0	 0
2.08	4.50	 8	0.33451		grating		tx+	0.01	-33	26	 5	205
2.08	4.50	 8	0.33451		grating		ty+	0.01	-33	26	-197	-35
2.08	4.50	 8	0.33451		grating		tz+	0.01	-33	26	164	29
2.08	4.50	 8	0.34465		grating		dx+	1.00	-32	56	 0	 0
2.08	4.50	 8	0.34465		grating		dy+	1.00	-32	56	 0	 0
2.08	4.50	 8	0.34465		grating		dz+	1.00	-32	56	 0	 0
2.08	4.50	 8	0.34465		grating		tx+	0.01	-32	56	13	212
2.08	4.50	 8	0.34465		grating		ty+	0.01	-32	56	-194	-36
2.08	4.50	 8	0.34465		grating		tz+	0.01	-32	56	170	32
0.00	4.50	 5	0.46710		grating		dx+	1.00	10	-74	 0	 0
0.00	4.50	 5	0.46710		grating		dy+	1.00	10	-74	 0	 0
0.00	4.50	 5	0.46710		grating		dz+	1.00	10	-74	 0	 0
0.00	4.50	 5	0.46710		grating		tx+	0.01	10	-74	-18	192
0.00	4.50	 5	0.46710		grating		ty+	0.01	10	-74	-215	-41
0.00	4.50	 5	0.46710		grating		tz+	0.01	10	-74	149	28
0.00	4.50	 5	0.49305		grating		dx+	1.00	 7	-31	 0	 0
0.00	4.50	 5	0.49305		grating		dy+	1.00	 7	-31	 0	 0
0.00	4.50	 5	0.49305		grating		dz+	1.00	 7	-31	 0	 0
0.00	4.50	 5	0.49305		grating		tx+	0.01	 7	-31	-7	194
0.00	4.50	 5	0.49305		grating		ty+	0.01	 7	-31	-209	-42
0.00	4.50	 5	0.49305		grating		tz+	0.01	 7	-31	157	31
0.00	4.50	 5	0.51900		grating		dx+	1.00	 5	14	 0	 0
0.00	4.50	 5	0.51900		grating		dy+	1.00	 5	14	 0	 0
0.00	4.50	 5	0.51900		grating		dz+	1.00	 5	14	 0	 0
0.00	4.50	 5	0.51900		grating		tx+	0.01	 5	14	 3	199
0.00	4.50	 5	0.51900		grating		ty+	0.01	 5	14	-204	-43
0.00	4.50	 5	0.51900		grating		tz+	0.01	 5	14	166	35
0.00	4.50	 5	0.54495		grating		dx+	1.00	 7	62	 0	 0
0.00	4.50	 5	0.54495		grating		dy+	1.00	 7	62	 0	 0
0.00	4.50	 5	0.54495		grating		dz+	1.00	 7	62	 0	 0
0.00	4.50	 5	0.54495		grating		tx+	0.01	 7	62	16	210
0.00	4.50	 5	0.54495		grating		ty+	0.01	 7	62	-201	-46
0.00	4.50	 5	0.54495		grating		tz+	0.01	 7	62	179	40
0.00	4.50	 5	0.57090		grating		dx+	1.00	13	116	 0	 0
0.00	4.50	 5	0.57090		grating		dy+	1.00	13	116	 0	 0
0.00	4.50	 5	0.57090		grating		dz+	1.00	13	116	 0	 0
0.00	4.50	 5	0.57090		grating		tx+	0.01	13	116	34	227
0.00	4.50	 5	0.57090		grating		ty+	0.01	13	116	-201	-51
0.00	4.50	 5	0.57090		grating		tz+	0.01	13	116	196	49
0.00	4.50	 6	0.39646		grating		dx+	1.00	12	-60	 0	 0
0.00	4.50	 6	0.39646		grating		dy+	1.00	12	-60	 0	 0
0.00	4.50	 6	0.39646		grating		dz+	1.00	12	-60	 0	 0
0.00	4.50	 6	0.39646		grating		tx+	0.01	12	-60	-15	192
0.00	4.50	 6	0.39646		grating		ty+	0.01	12	-60	-214	-41
0.00	4.50	 6	0.39646		grating		tz+	0.01	12	-60	152	29
0.00	4.50	 6	0.41448		grating		dx+	1.00	 9	-23	 0	 0
0.00	4.50	 6	0.41448		grating		dy+	1.00	 9	-23	 0	 0
0.00	4.50	 6	0.41448		grating		dz+	1.00	 9	-23	 0	 0
0.00	4.50	 6	0.41448		grating		tx+	0.01	 9	-23	-5	194
0.00	4.50	 6	0.41448		grating		ty+	0.01	 9	-23	-209	-42
0.00	4.50	 6	0.41448		grating		tz+	0.01	 9	-23	159	32
0.00	4.50	 6	0.43250		grating		dx+	1.00	 8	14	 0	 0
0.00	4.50	 6	0.43250		grating		dy+	1.00	 8	14	 0	 0
0.00	4.50	 6	0.43250		grating		dz+	1.00	 8	14	 0	 0
0.00	4.50	 6	0.43250		grating		tx+	0.01	 8	14	 3	199
0.00	4.50	 6	0.43250		grating		ty+	0.01	 8	14	-205	-43
0.00	4.50	 6	0.43250		grating		tz+	0.01	 8	14	167	35
0.00	4.50	 6	0.45052		grating		dx+	1.00	 9	54	 0	 0
0.00	4.50	 6	0.45052		grating		dy+	1.00	 9	54	 0	 0
0.00	4.50	 6	0.45052		grating		dz+	1.00	 9	54	 0	 0
0.00	4.50	 6	0.45052		grating		tx+	0.01	 9	54	14	208
0.00	4.50	 6	0.45052		grating		ty+	0.01	 9	54	-203	-45
0.00	4.50	 6	0.45052		grating		tz+	0.01	 9	54	177	40
0.00	4.50	 6	0.46854		grating		dx+	1.00	13	98	 0	 0
0.00	4.50	 6	0.46854		grating		dy+	1.00	13	98	 0	 0
0.00	4.50	 6	0.46854		grating		dz+	1.00	13	98	 0	 0
0.00	4.50	 6	0.46854		grating		tx+	0.01	13	98	28	220
0.00	4.50	 6	0.46854		grating		ty+	0.01	13	98	-201	-49
0.00	4.50	 6	0.46854		grating		tz+	0.01	13	98	190	46
0.00	4.50	 7	0.34423		grating		dx+	1.00	15	-49	 0	 0
0.00	4.50	 7	0.34423		grating		dy+	1.00	15	-49	 0	 0
0.00	4.50	 7	0.34423		grating		dz+	1.00	15	-49	 0	 0
0.00	4.50	 7	0.34423		grating		tx+	0.01	15	-49	-12	192
0.00	4.50	 7	0.34423		grating		ty+	0.01	15	-49	-214	-42
0.00	4.50	 7	0.34423		grating		tz+	0.01	15	-49	155	30
0.00	4.50	 7	0.35747		grating		dx+	1.00	12	-18	 0	 0
0.00	4.50	 7	0.35747		grating		dy+	1.00	12	-18	 0	 0
0.00	4.50	 7	0.35747		grating		dz+	1.00	12	-18	 0	 0
0.00	4.50	 7	0.35747		grating		tx+	0.01	12	-18	-4	195
0.00	4.50	 7	0.35747		grating		ty+	0.01	12	-18	-210	-42
0.00	4.50	 7	0.35747		grating		tz+	0.01	12	-18	161	32
0.00	4.50	 7	0.37071		grating		dx+	1.00	11	15	 0	 0
0.00	4.50	 7	0.37071		grating		dy+	1.00	11	15	 0	 0
0.00	4.50	 7	0.37071		grating		dz+	1.00	11	15	 0	 0
0.00	4.50	 7	0.37071		grating		tx+	0.01	11	15	 4	199
0.00	4.50	 7	0.37071		grating		ty+	0.01	11	15	-206	-43
0.00	4.50	 7	0.37071		grating		tz+	0.01	11	15	168	35
0.00	4.50	 7	0.38395		grating		dx+	1.00	12	49	 0	 0
0.00	4.50	 7	0.38395		grating		dy+	1.00	12	49	 0	 0
0.00	4.50	 7	0.38395		grating		dz+	1.00	12	49	 0	 0
0.00	4.50	 7	0.38395		grating		tx+	0.01	12	49	13	206
0.00	4.50	 7	0.38395		grating		ty+	0.01	12	49	-204	-45
0.00	4.50	 7	0.38395		grating		tz+	0.01	12	49	177	39
0.00	4.50	 7	0.39719		grating		dx+	1.00	15	86	 0	 0
0.00	4.50	 7	0.39719		grating		dy+	1.00	15	86	 0	 0
0.00	4.50	 7	0.39719		grating		dz+	1.00	15	86	 0	 0
0.00	4.50	 7	0.39719		grating		tx+	0.01	15	86	24	216
0.00	4.50	 7	0.39719		grating		ty+	0.01	15	86	-203	-48
0.00	4.50	 7	0.39719		grating		tz+	0.01	15	86	188	44
0.00	4.50	 8	0.30410		grating		dx+	1.00	19	-40	 0	 0
0.00	4.50	 8	0.30410		grating		dy+	1.00	19	-40	 0	 0
0.00	4.50	 8	0.30410		grating		dz+	1.00	19	-40	 0	 0
0.00	4.50	 8	0.30410		grating		tx+	0.01	19	-40	-10	193
0.00	4.50	 8	0.30410		grating		ty+	0.01	19	-40	-214	-42
0.00	4.50	 8	0.30410		grating		tz+	0.01	19	-40	158	31
0.00	4.50	 8	0.31424		grating		dx+	1.00	16	-13	 0	 0
0.00	4.50	 8	0.31424		grating		dy+	1.00	16	-13	 0	 0
0.00	4.50	 8	0.31424		grating		dz+	1.00	16	-13	 0	 0
0.00	4.50	 8	0.31424		grating		tx+	0.01	16	-13	-3	195
0.00	4.50	 8	0.31424		grating		ty+	0.01	16	-13	-211	-43
0.00	4.50	 8	0.31424		grating		tz+	0.01	16	-13	163	33
0.00	4.50	 8	0.32438		grating		dx+	1.00	15	16	 0	 0
0.00	4.50	 8	0.32438		grating		dy+	1.00	15	16	 0	 0
0.00	4.50	 8	0.32438		grating		dz+	1.00	15	16	 0	 0
0.00	4.50	 8	0.32438		grating		tx+	0.01	15	16	 4	199
0.00	4.50	 8	0.32438		grating		ty+	0.01	15	16	-208	-44
0.00	4.50	 8	0.32438		grating		tz+	0.01	15	16	170	36
0.00	4.50	 8	0.33451		grating		dx+	1.00	16	45	 0	 0
0.00	4.50	 8	0.33451		grating		dy+	1.00	16	45	 0	 0
0.00	4.50	 8	0.33451		grating		dz+	1.00	16	45	 0	 0
0.00	4.50	 8	0.33451		grating		tx+	0.01	16	45	12	205
0.00	4.50	 8	0.33451		grating		ty+	0.01	16	45	-206	-45
0.00	4.50	 8	0.33451		grating		tz+	0.01	16	45	177	39
0.00	4.50	 8	0.34465		grating		dx+	1.00	17	77	 0	 0
0.00	4.50	 8	0.34465		grating		dy+	1.00	17	77	 0	 0
0.00	4.50	 8	0.34465		grating		dz+	1.00	17	77	 0	 0
0.00	4.50	 8	0.34465		grating		tx+	0.01	17	77	22	213
0.00	4.50	 8	0.34465		grating		ty+	0.01	17	77	-204	-48
0.00	4.50	 8	0.34465		grating		tz+	0.01	17	77	186	44
-2.08	4.50	 5	0.46710		grating		dx+	1.00	59	-54	 0	 0
-2.08	4.50	 5	0.46710		grating		dy+	1.00	59	-54	 0	 0
-2.08	4.50	 5	0.46710		grating		dz+	1.00	59	-54	 0	 0
-2.08	4.50	 5	0.46710		grating		tx+	0.01	59	-54	-16	188
-2.08	4.50	 5	0.46710		grating		ty+	0.01	59	-54	-227	-47
-2.08	4.50	 5	0.46710		grating		tz+	0.01	59	-54	163	34
-2.08	4.50	 5	0.49305		grating		dx+	1.00	56	-10	 0	 0
-2.08	4.50	 5	0.49305		grating		dy+	1.00	56	-10	 0	 0
-2.08	4.50	 5	0.49305		grating		dz+	1.00	56	-10	 0	 0
-2.08	4.50	 5	0.49305		grating		tx+	0.01	56	-10	-2	192
-2.08	4.50	 5	0.49305		grating		ty+	0.01	56	-10	-222	-50
-2.08	4.50	 5	0.49305		grating		tz+	0.01	56	-10	173	39
-2.08	4.50	 5	0.51900		grating		dx+	1.00	57	37	 0	 0
-2.08	4.50	 5	0.51900		grating		dy+	1.00	57	37	 0	 0
-2.08	4.50	 5	0.51900		grating		dz+	1.00	57	37	 0	 0
-2.08	4.50	 5	0.51900		grating		tx+	0.01	57	37	11	200
-2.08	4.50	 5	0.51900		grating		ty+	0.01	57	37	-218	-54
-2.08	4.50	 5	0.51900		grating		tz+	0.01	57	37	186	45
-2.08	4.50	 5	0.54495		grating		dx+	1.00	61	88	 0	 0
-2.08	4.50	 5	0.54495		grating		dy+	1.00	61	88	 0	 0
-2.08	4.50	 5	0.54495		grating		dz+	1.00	61	88	 0	 0
-2.08	4.50	 5	0.54495		grating		tx+	0.01	61	88	29	213
-2.08	4.50	 5	0.54495		grating		ty+	0.01	61	88	-218	-60
-2.08	4.50	 5	0.54495		grating		tz+	0.01	61	88	204	55
-2.08	4.50	 5	0.57090		grating		dx+	1.00	71	147	 0	 0
-2.08	4.50	 5	0.57090		grating		dy+	1.00	71	147	 0	 0
-2.08	4.50	 5	0.57090		grating		dz+	1.00	71	147	 0	 0
-2.08	4.50	 5	0.57090		grating		tx+	0.01	71	147	55	238
-2.08	4.50	 5	0.57090		grating		ty+	0.01	71	147	-223	-70
-2.08	4.50	 5	0.57090		grating		tz+	0.01	71	147	230	72
-2.08	4.50	 6	0.39646		grating		dx+	1.00	62	-39	 0	 0
-2.08	4.50	 6	0.39646		grating		dy+	1.00	62	-39	 0	 0
-2.08	4.50	 6	0.39646		grating		dz+	1.00	62	-39	 0	 0
-2.08	4.50	 6	0.39646		grating		tx+	0.01	62	-39	-11	189
-2.08	4.50	 6	0.39646		grating		ty+	0.01	62	-39	-227	-48
-2.08	4.50	 6	0.39646		grating		tz+	0.01	62	-39	168	36
-2.08	4.50	 6	0.41448		grating		dx+	1.00	60	-2	 0	 0
-2.08	4.50	 6	0.41448		grating		dy+	1.00	60	-2	 0	 0
-2.08	4.50	 6	0.41448		grating		dz+	1.00	60	-2	 0	 0
-2.08	4.50	 6	0.41448		grating		tx+	0.01	60	-2	 0	193
-2.08	4.50	 6	0.41448		grating		ty+	0.01	60	-2	-223	-51
-2.08	4.50	 6	0.41448		grating		tz+	0.01	60	-2	176	40
-2.08	4.50	 6	0.43250		grating		dx+	1.00	60	37	 0	 0
-2.08	4.50	 6	0.43250		grating		dy+	1.00	60	37	 0	 0
-2.08	4.50	 6	0.43250		grating		dz+	1.00	60	37	 0	 0
-2.08	4.50	 6	0.43250		grating		tx+	0.01	60	37	12	200
-2.08	4.50	 6	0.43250		grating		ty+	0.01	60	37	-220	-54
-2.08	4.50	 6	0.43250		grating		tz+	0.01	60	37	187	46
-2.08	4.50	 6	0.45052		grating		dx+	1.00	63	80	 0	 0
-2.08	4.50	 6	0.45052		grating		dy+	1.00	63	80	 0	 0
-2.08	4.50	 6	0.45052		grating		dz+	1.00	63	80	 0	 0
-2.08	4.50	 6	0.45052		grating		tx+	0.01	63	80	26	211
-2.08	4.50	 6	0.45052		grating		ty+	0.01	63	80	-220	-59
-2.08	4.50	 6	0.45052		grating		tz+	0.01	63	80	202	54
-2.08	4.50	 6	0.46854		grating		dx+	1.00	70	127	 0	 0
-2.08	4.50	 6	0.46854		grating		dy+	1.00	70	127	 0	 0
-2.08	4.50	 6	0.46854		grating		dz+	1.00	70	127	 0	 0
-2.08	4.50	 6	0.46854		grating		tx+	0.01	70	127	46	228
-2.08	4.50	 6	0.46854		grating		ty+	0.01	70	127	-223	-67
-2.08	4.50	 6	0.46854		grating		tz+	0.01	70	127	222	66
-2.08	4.50	 7	0.34423		grating		dx+	1.00	65	-28	 0	 0
-2.08	4.50	 7	0.34423		grating		dy+	1.00	65	-28	 0	 0
-2.08	4.50	 7	0.34423		grating		dz+	1.00	65	-28	 0	 0
-2.08	4.50	 7	0.34423		grating		tx+	0.01	65	-28	-8	190
-2.08	4.50	 7	0.34423		grating		ty+	0.01	65	-28	-228	-49
-2.08	4.50	 7	0.34423		grating		tz+	0.01	65	-28	172	37
-2.08	4.50	 7	0.35747		grating		dx+	1.00	63	 5	 0	 0
-2.08	4.50	 7	0.35747		grating		dy+	1.00	63	 5	 0	 0
-2.08	4.50	 7	0.35747		grating		dz+	1.00	63	 5	 0	 0
-2.08	4.50	 7	0.35747		grating		tx+	0.01	63	 5	 1	194
-2.08	4.50	 7	0.35747		grating		ty+	0.01	63	 5	-224	-51
-2.08	4.50	 7	0.35747		grating		tz+	0.01	63	 5	180	41
-2.08	4.50	 7	0.37071		grating		dx+	1.00	63	38	 0	 0
-2.08	4.50	 7	0.37071		grating		dy+	1.00	63	38	 0	 0
-2.08	4.50	 7	0.37071		grating		dz+	1.00	63	38	 0	 0
-2.08	4.50	 7	0.37071		grating		tx+	0.01	63	38	12	200
-2.08	4.50	 7	0.37071		grating		ty+	0.01	63	38	-222	-54
-2.08	4.50	 7	0.37071		grating		tz+	0.01	63	38	189	46
-2.08	4.50	 7	0.38395		grating		dx+	1.00	66	74	 0	 0
-2.08	4.50	 7	0.38395		grating		dy+	1.00	66	74	 0	 0
-2.08	4.50	 7	0.38395		grating		dz+	1.00	66	74	 0	 0
-2.08	4.50	 7	0.38395		grating		tx+	0.01	66	74	25	209
-2.08	4.50	 7	0.38395		grating		ty+	0.01	66	74	-222	-59
-2.08	4.50	 7	0.38395		grating		tz+	0.01	66	74	202	53
-2.08	4.50	 7	0.39719		grating		dx+	1.00	71	114	 0	 0
-2.08	4.50	 7	0.39719		grating		dy+	1.00	71	114	 0	 0
-2.08	4.50	 7	0.39719		grating		dz+	1.00	71	114	 0	 0
-2.08	4.50	 7	0.39719		grating		tx+	0.01	71	114	41	223
-2.08	4.50	 7	0.39719		grating		ty+	0.01	71	114	-223	-65
-2.08	4.50	 7	0.39719		grating		tz+	0.01	71	114	218	63
-2.08	4.50	 8	0.30410		grating		dx+	1.00	70	-19	 0	 0
-2.08	4.50	 8	0.30410		grating		dy+	1.00	70	-19	 0	 0
-2.08	4.50	 8	0.30410		grating		dz+	1.00	70	-19	 0	 0
-2.08	4.50	 8	0.30410		grating		tx+	0.01	70	-19	-5	191
-2.08	4.50	 8	0.30410		grating		ty+	0.01	70	-19	-230	-50
-2.08	4.50	 8	0.30410		grating		tz+	0.01	70	-19	176	38
-2.08	4.50	 8	0.31424		grating		dx+	1.00	68	10	 0	 0
-2.08	4.50	 8	0.31424		grating		dy+	1.00	68	10	 0	 0
-2.08	4.50	 8	0.31424		grating		dz+	1.00	68	10	 0	 0
-2.08	4.50	 8	0.31424		grating		tx+	0.01	68	10	 3	195
-2.08	4.50	 8	0.31424		grating		ty+	0.01	68	10	-227	-52
-2.08	4.50	 8	0.31424		grating		tz+	0.01	68	10	183	42
-2.08	4.50	 8	0.32438		grating		dx+	1.00	68	39	 0	 0
-2.08	4.50	 8	0.32438		grating		dy+	1.00	68	39	 0	 0
-2.08	4.50	 8	0.32438		grating		dz+	1.00	68	39	 0	 0
-2.08	4.50	 8	0.32438		grating		tx+	0.01	68	39	13	200
-2.08	4.50	 8	0.32438		grating		ty+	0.01	68	39	-225	-55
-2.08	4.50	 8	0.32438		grating		tz+	0.01	68	39	192	47
-2.08	4.50	 8	0.33451		grating		dx+	1.00	70	71	 0	 0
-2.08	4.50	 8	0.33451		grating		dy+	1.00	70	71	 0	 0
-2.08	4.50	 8	0.33451		grating		dz+	1.00	70	71	 0	 0
-2.08	4.50	 8	0.33451		grating		tx+	0.01	70	71	24	208
-2.08	4.50	 8	0.33451		grating		ty+	0.01	70	71	-224	-59
-2.08	4.50	 8	0.33451		grating		tz+	0.01	70	71	202	53
-2.08	4.50	 8	0.34465		grating		dx+	1.00	73	104	 0	 0
-2.08	4.50	 8	0.34465		grating		dy+	1.00	73	104	 0	 0
-2.08	4.50	 8	0.34465		grating		dz+	1.00	73	104	 0	 0
-2.08	4.50	 8	0.34465		grating		tx+	0.01	73	104	37	219
-2.08	4.50	 8	0.34465		grating		ty+	0.01	73	104	-225	-64
-2.08	4.50	 8	0.34465		grating		tz+	0.01	73	104	216	61
-4.15	4.50	 5	0.46710		grating		dx+	1.00	114	-30	 0	 0
-4.15	4.50	 5	0.46710		grating		dy+	1.00	114	-30	 0	 0
-4.15	4.50	 5	0.46710		grating		dz+	1.00	114	-30	 0	 0
-4.15	4.50	 5	0.46710		grating		tx+	0.01	114	-30	-10	187
-4.15	4.50	 5	0.46710		grating		ty+	0.01	114	-30	-252	-56
-4.15	4.50	 5	0.46710		grating		tz+	0.01	114	-30	189	42
-4.15	4.50	 5	0.49305		grating		dx+	1.00	112	16	 0	 0
-4.15	4.50	 5	0.49305		grating		dy+	1.00	112	16	 0	 0
-4.15	4.50	 5	0.49305		grating		dz+	1.00	112	16	 0	 0
-4.15	4.50	 5	0.49305		grating		tx+	0.01	112	16	 6	192
-4.15	4.50	 5	0.49305		grating		ty+	0.01	112	16	-247	-61
-4.15	4.50	 5	0.49305		grating		tz+	0.01	112	16	203	50
-4.15	4.50	 5	0.51900		grating		dx+	1.00	116	66	 0	 0
-4.15	4.50	 5	0.51900		grating		dy+	1.00	116	66	 0	 0
-4.15	4.50	 5	0.51900		grating		dz+	1.00	116	66	 0	 0
-4.15	4.50	 5	0.51900		grating		tx+	0.01	116	66	26	204
-4.15	4.50	 5	0.51900		grating		ty+	0.01	116	66	-248	-69
-4.15	4.50	 5	0.51900		grating		tz+	0.01	116	66	223	62
-4.15	4.50	 5	0.54495		grating		dx+	1.00	125	122	 0	 0
-4.15	4.50	 5	0.54495		grating		dy+	1.00	125	122	 0	 0
-4.15	4.50	 5	0.54495		grating		dz+	1.00	125	122	 0	 0
-4.15	4.50	 5	0.54495		grating		tx+	0.01	125	122	54	224
-4.15	4.50	 5	0.54495		grating		ty+	0.01	125	122	-255	-81
-4.15	4.50	 5	0.54495		grating		tz+	0.01	125	122	254	81
-4.15	4.50	 5	0.57090		grating		dx+	1.00	146	190	 0	 0
-4.15	4.50	 5	0.57090		grating		dy+	1.00	146	190	 0	 0
-4.15	4.50	 5	0.57090		grating		dz+	1.00	146	190	 0	 0
-4.15	4.50	 5	0.57090		grating		tx+	0.01	146	190	101	264
-4.15	4.50	 5	0.57090		grating		ty+	0.01	146	190	-279	-105
-4.15	4.50	 5	0.57090		grating		tz+	0.01	146	190	311	117
-4.15	4.50	 6	0.39646		grating		dx+	1.00	117	-14	 0	 0
-4.15	4.50	 6	0.39646		grating		dy+	1.00	117	-14	 0	 0
-4.15	4.50	 6	0.39646		grating		dz+	1.00	117	-14	 0	 0
-4.15	4.50	 6	0.39646		grating		tx+	0.01	117	-14	-5	188
-4.15	4.50	 6	0.39646		grating		ty+	0.01	117	-14	-253	-58
-4.15	4.50	 6	0.39646		grating		tz+	0.01	117	-14	196	45
-4.15	4.50	 6	0.41448		grating		dx+	1.00	117	25	 0	 0
-4.15	4.50	 6	0.41448		grating		dy+	1.00	117	25	 0	 0
-4.15	4.50	 6	0.41448		grating		dz+	1.00	117	25	 0	 0
-4.15	4.50	 6	0.41448		grating		tx+	0.01	117	25	 9	194
-4.15	4.50	 6	0.41448		grating		ty+	0.01	117	25	-250	-63
-4.15	4.50	 6	0.41448		grating		tz+	0.01	117	25	208	52
-4.15	4.50	 6	0.43250		grating		dx+	1.00	119	67	 0	 0
-4.15	4.50	 6	0.43250		grating		dy+	1.00	119	67	 0	 0
-4.15	4.50	 6	0.43250		grating		dz+	1.00	119	67	 0	 0
-4.15	4.50	 6	0.43250		grating		tx+	0.01	119	67	27	204
-4.15	4.50	 6	0.43250		grating		ty+	0.01	119	67	-251	-69
-4.15	4.50	 6	0.43250		grating		tz+	0.01	119	67	226	62
-4.15	4.50	 6	0.45052		grating		dx+	1.00	127	113	 0	 0
-4.15	4.50	 6	0.45052		grating		dy+	1.00	127	113	 0	 0
-4.15	4.50	 6	0.45052		grating		dz+	1.00	127	113	 0	 0
-4.15	4.50	 6	0.45052		grating		tx+	0.01	127	113	50	220
-4.15	4.50	 6	0.45052		grating		ty+	0.01	127	113	-257	-80
-4.15	4.50	 6	0.45052		grating		tz+	0.01	127	113	251	78
-4.15	4.50	 6	0.46854		grating		dx+	1.00	141	167	 0	 0
-4.15	4.50	 6	0.46854		grating		dy+	1.00	141	167	 0	 0
-4.15	4.50	 6	0.46854		grating		dz+	1.00	141	167	 0	 0
-4.15	4.50	 6	0.46854		grating		tx+	0.01	141	167	84	248
-4.15	4.50	 6	0.46854		grating		ty+	0.01	141	167	-272	-96
-4.15	4.50	 6	0.46854		grating		tz+	0.01	141	167	292	103
-4.15	4.50	 7	0.34423		grating		dx+	1.00	122	-2	 0	 0
-4.15	4.50	 7	0.34423		grating		dy+	1.00	122	-2	 0	 0
-4.15	4.50	 7	0.34423		grating		dz+	1.00	122	-2	 0	 0
-4.15	4.50	 7	0.34423		grating		tx+	0.01	122	-2	 0	190
-4.15	4.50	 7	0.34423		grating		ty+	0.01	122	-2	-256	-60
-4.15	4.50	 7	0.34423		grating		tz+	0.01	122	-2	203	47
-4.15	4.50	 7	0.35747		grating		dx+	1.00	121	32	 0	 0
-4.15	4.50	 7	0.35747		grating		dy+	1.00	121	32	 0	 0
-4.15	4.50	 7	0.35747		grating		dz+	1.00	121	32	 0	 0
-4.15	4.50	 7	0.35747		grating		tx+	0.01	121	32	12	195
-4.15	4.50	 7	0.35747		grating		ty+	0.01	121	32	-254	-64
-4.15	4.50	 7	0.35747		grating		tz+	0.01	121	32	214	54
-4.15	4.50	 7	0.37071		grating		dx+	1.00	124	68	 0	 0
-4.15	4.50	 7	0.37071		grating		dy+	1.00	124	68	 0	 0
-4.15	4.50	 7	0.37071		grating		dz+	1.00	124	68	 0	 0
-4.15	4.50	 7	0.37071		grating		tx+	0.01	124	68	28	204
-4.15	4.50	 7	0.37071		grating		ty+	0.01	124	68	-255	-70
-4.15	4.50	 7	0.37071		grating		tz+	0.01	124	68	229	63
-4.15	4.50	 7	0.38395		grating		dx+	1.00	130	107	 0	 0
-4.15	4.50	 7	0.38395		grating		dy+	1.00	130	107	 0	 0
-4.15	4.50	 7	0.38395		grating		dz+	1.00	130	107	 0	 0
-4.15	4.50	 7	0.38395		grating		tx+	0.01	130	107	48	218
-4.15	4.50	 7	0.38395		grating		ty+	0.01	130	107	-259	-79
-4.15	4.50	 7	0.38395		grating		tz+	0.01	130	107	251	76
-4.15	4.50	 7	0.39719		grating		dx+	1.00	141	152	 0	 0
-4.15	4.50	 7	0.39719		grating		dy+	1.00	141	152	 0	 0
-4.15	4.50	 7	0.39719		grating		dz+	1.00	141	152	 0	 0
-4.15	4.50	 7	0.39719		grating		tx+	0.01	141	152	75	240
-4.15	4.50	 7	0.39719		grating		ty+	0.01	141	152	-271	-92
-4.15	4.50	 7	0.39719		grating		tz+	0.01	141	152	283	96
-4.15	4.50	 8	0.30410		grating		dx+	1.00	128	 8	 0	 0
-4.15	4.50	 8	0.30410		grating		dy+	1.00	128	 8	 0	 0
-4.15	4.50	 8	0.30410		grating		dz+	1.00	128	 8	 0	 0
-4.15	4.50	 8	0.30410		grating		tx+	0.01	128	 8	 3	191
-4.15	4.50	 8	0.30410		grating		ty+	0.01	128	 8	-260	-61
-4.15	4.50	 8	0.30410		grating		tz+	0.01	128	 8	210	49
-4.15	4.50	 8	0.31424		grating		dx+	1.00	127	38	 0	 0
-4.15	4.50	 8	0.31424		grating		dy+	1.00	127	38	 0	 0
-4.15	4.50	 8	0.31424		grating		dz+	1.00	127	38	 0	 0
-4.15	4.50	 8	0.31424		grating		tx+	0.01	127	38	15	197
-4.15	4.50	 8	0.31424		grating		ty+	0.01	127	38	-258	-66
-4.15	4.50	 8	0.31424		grating		tz+	0.01	127	38	220	56
-4.15	4.50	 8	0.32438		grating		dx+	1.00	129	69	 0	 0
-4.15	4.50	 8	0.32438		grating		dy+	1.00	129	69	 0	 0
-4.15	4.50	 8	0.32438		grating		dz+	1.00	129	69	 0	 0
-4.15	4.50	 8	0.32438		grating		tx+	0.01	129	69	29	205
-4.15	4.50	 8	0.32438		grating		ty+	0.01	129	69	-259	-71
-4.15	4.50	 8	0.32438		grating		tz+	0.01	129	69	234	64
-4.15	4.50	 8	0.33451		grating		dx+	1.00	134	104	 0	 0
-4.15	4.50	 8	0.33451		grating		dy+	1.00	134	104	 0	 0
-4.15	4.50	 8	0.33451		grating		dz+	1.00	134	104	 0	 0
-4.15	4.50	 8	0.33451		grating		tx+	0.01	134	104	47	217
-4.15	4.50	 8	0.33451		grating		ty+	0.01	134	104	-263	-79
-4.15	4.50	 8	0.33451		grating		tz+	0.01	134	104	253	76
-4.15	4.50	 8	0.34465		grating		dx+	1.00	143	142	 0	 0
-4.15	4.50	 8	0.34465		grating		dy+	1.00	143	142	 0	 0
-4.15	4.50	 8	0.34465		grating		dz+	1.00	143	142	 0	 0
-4.15	4.50	 8	0.34465		grating		tx+	0.01	143	142	69	234
-4.15	4.50	 8	0.34465		grating		ty+	0.01	143	142	-273	-90
-4.15	4.50	 8	0.34465		grating		tz+	0.01	143	142	280	92
4.15	5.25	 5	0.46710		grating		dx+	1.00	-79	-118	 0	 0
4.15	5.25	 5	0.46710		grating		dy+	1.00	-79	-118	 0	 0
4.15	5.25	 5	0.46710		grating		dz+	1.00	-79	-118	 0	 0
4.15	5.25	 5	0.46710		grating		tx+	0.01	-79	-118	-20	199
4.15	5.25	 5	0.46710		grating		ty+	0.01	-79	-118	-207	-32
4.15	5.25	 5	0.46710		grating		tz+	0.01	-79	-118	137	21
4.15	5.25	 5	0.49305		grating		dx+	1.00	-83	-76	 0	 0
4.15	5.25	 5	0.49305		grating		dy+	1.00	-83	-76	 0	 0
4.15	5.25	 5	0.49305		grating		dz+	1.00	-83	-76	 0	 0
4.15	5.25	 5	0.49305		grating		tx+	0.01	-83	-76	-13	199
4.15	5.25	 5	0.49305		grating		ty+	0.01	-83	-76	-201	-30
4.15	5.25	 5	0.49305		grating		tz+	0.01	-83	-76	143	21
4.15	5.25	 5	0.51900		grating		dx+	1.00	-86	-32	 0	 0
4.15	5.25	 5	0.51900		grating		dy+	1.00	-86	-32	 0	 0
4.15	5.25	 5	0.51900		grating		dz+	1.00	-86	-32	 0	 0
4.15	5.25	 5	0.51900		grating		tx+	0.01	-86	-32	-5	201
4.15	5.25	 5	0.51900		grating		ty+	0.01	-86	-32	-195	-28
4.15	5.25	 5	0.51900		grating		tz+	0.01	-86	-32	150	21
4.15	5.25	 5	0.54495		grating		dx+	1.00	-86	14	 0	 0
4.15	5.25	 5	0.54495		grating		dy+	1.00	-86	14	 0	 0
4.15	5.25	 5	0.54495		grating		dz+	1.00	-86	14	 0	 0
4.15	5.25	 5	0.54495		grating		tx+	0.01	-86	14	 2	207
4.15	5.25	 5	0.54495		grating		ty+	0.01	-86	14	-190	-26
4.15	5.25	 5	0.54495		grating		tz+	0.01	-86	14	158	22
4.15	5.25	 5	0.57090		grating		dx+	1.00	-85	63	 0	 0
4.15	5.25	 5	0.57090		grating		dy+	1.00	-85	63	 0	 0
4.15	5.25	 5	0.57090		grating		dz+	1.00	-85	63	 0	 0
4.15	5.25	 5	0.57090		grating		tx+	0.01	-85	63	11	217
4.15	5.25	 5	0.57090		grating		ty+	0.01	-85	63	-185	-25
4.15	5.25	 5	0.57090		grating		tz+	0.01	-85	63	168	23
4.15	5.25	 6	0.39646		grating		dx+	1.00	-77	-104	 0	 0
4.15	5.25	 6	0.39646		grating		dy+	1.00	-77	-104	 0	 0
4.15	5.25	 6	0.39646		grating		dz+	1.00	-77	-104	 0	 0
4.15	5.25	 6	0.39646		grating		tx+	0.01	-77	-104	-18	198
4.15	5.25	 6	0.39646		grating		ty+	0.01	-77	-104	-205	-31
4.15	5.25	 6	0.39646		grating		tz+	0.01	-77	-104	139	21
4.15	5.25	 6	0.41448		grating		dx+	1.00	-81	-68	 0	 0
4.15	5.25	 6	0.41448		grating		dy+	1.00	-81	-68	 0	 0
4.15	5.25	 6	0.41448		grating		dz+	1.00	-81	-68	 0	 0
4.15	5.25	 6	0.41448		grating		tx+	0.01	-81	-68	-12	199
4.15	5.25	 6	0.41448		grating		ty+	0.01	-81	-68	-200	-29
4.15	5.25	 6	0.41448		grating		tz+	0.01	-81	-68	145	21
4.15	5.25	 6	0.43250		grating		dx+	1.00	-83	-32	 0	 0
4.15	5.25	 6	0.43250		grating		dy+	1.00	-83	-32	 0	 0
4.15	5.25	 6	0.43250		grating		dz+	1.00	-83	-32	 0	 0
4.15	5.25	 6	0.43250		grating		tx+	0.01	-83	-32	-5	201
4.15	5.25	 6	0.43250		grating		ty+	0.01	-83	-32	-195	-28
4.15	5.25	 6	0.43250		grating		tz+	0.01	-83	-32	150	21
4.15	5.25	 6	0.45052		grating		dx+	1.00	-84	 6	 0	 0
4.15	5.25	 6	0.45052		grating		dy+	1.00	-84	 6	 0	 0
4.15	5.25	 6	0.45052		grating		dz+	1.00	-84	 6	 0	 0
4.15	5.25	 6	0.45052		grating		tx+	0.01	-84	 6	 1	205
4.15	5.25	 6	0.45052		grating		ty+	0.01	-84	 6	-191	-27
4.15	5.25	 6	0.45052		grating		tz+	0.01	-84	 6	157	22
4.15	5.25	 6	0.46854		grating		dx+	1.00	-84	46	 0	 0
4.15	5.25	 6	0.46854		grating		dy+	1.00	-84	46	 0	 0
4.15	5.25	 6	0.46854		grating		dz+	1.00	-84	46	 0	 0
4.15	5.25	 6	0.46854		grating		tx+	0.01	-84	46	 8	213
4.15	5.25	 6	0.46854		grating		ty+	0.01	-84	46	-187	-26
4.15	5.25	 6	0.46854		grating		tz+	0.01	-84	46	165	23
4.15	5.25	 7	0.34423		grating		dx+	1.00	-75	-93	 0	 0
4.15	5.25	 7	0.34423		grating		dy+	1.00	-75	-93	 0	 0
4.15	5.25	 7	0.34423		grating		dz+	1.00	-75	-93	 0	 0
4.15	5.25	 7	0.34423		grating		tx+	0.01	-75	-93	-16	198
4.15	5.25	 7	0.34423		grating		ty+	0.01	-75	-93	-204	-31
4.15	5.25	 7	0.34423		grating		tz+	0.01	-75	-93	141	21
4.15	5.25	 7	0.35747		grating		dx+	1.00	-78	-63	 0	 0
4.15	5.25	 7	0.35747		grating		dy+	1.00	-78	-63	 0	 0
4.15	5.25	 7	0.35747		grating		dz+	1.00	-78	-63	 0	 0
4.15	5.25	 7	0.35747		grating		tx+	0.01	-78	-63	-11	199
4.15	5.25	 7	0.35747		grating		ty+	0.01	-78	-63	-200	-29
4.15	5.25	 7	0.35747		grating		tz+	0.01	-78	-63	146	21
4.15	5.25	 7	0.37071		grating		dx+	1.00	-80	-31	 0	 0
4.15	5.25	 7	0.37071		grating		dy+	1.00	-80	-31	 0	 0
4.15	5.25	 7	0.37071		grating		dz+	1.00	-80	-31	 0	 0
4.15	5.25	 7	0.37071		grating		tx+	0.01	-80	-31	-5	201
4.15	5.25	 7	0.37071		grating		ty+	0.01	-80	-31	-196	-28
4.15	5.25	 7	0.37071		grating		tz+	0.01	-80	-31	151	21
4.15	5.25	 7	0.38395		grating		dx+	1.00	-81	 1	 0	 0
4.15	5.25	 7	0.38395		grating		dy+	1.00	-81	 1	 0	 0
4.15	5.25	 7	0.38395		grating		dz+	1.00	-81	 1	 0	 0
4.15	5.25	 7	0.38395		grating		tx+	0.01	-81	 1	 0	204
4.15	5.25	 7	0.38395		grating		ty+	0.01	-81	 1	-192	-27
4.15	5.25	 7	0.38395		grating		tz+	0.01	-81	 1	156	22
4.15	5.25	 7	0.39719		grating		dx+	1.00	-82	35	 0	 0
4.15	5.25	 7	0.39719		grating		dy+	1.00	-82	35	 0	 0
4.15	5.25	 7	0.39719		grating		dz+	1.00	-82	35	 0	 0
4.15	5.25	 7	0.39719		grating		tx+	0.01	-82	35	 6	210
4.15	5.25	 7	0.39719		grating		ty+	0.01	-82	35	-188	-26
4.15	5.25	 7	0.39719		grating		tz+	0.01	-82	35	163	23
4.15	5.25	 8	0.30410		grating		dx+	1.00	-72	-85	 0	 0
4.15	5.25	 8	0.30410		grating		dy+	1.00	-72	-85	 0	 0
4.15	5.25	 8	0.30410		grating		dz+	1.00	-72	-85	 0	 0
4.15	5.25	 8	0.30410		grating		tx+	0.01	-72	-85	-15	198
4.15	5.25	 8	0.30410		grating		ty+	0.01	-72	-85	-203	-30
4.15	5.25	 8	0.30410		grating		tz+	0.01	-72	-85	143	21
4.15	5.25	 8	0.31424		grating		dx+	1.00	-75	-58	 0	 0
4.15	5.25	 8	0.31424		grating		dy+	1.00	-75	-58	 0	 0
4.15	5.25	 8	0.31424		grating		dz+	1.00	-75	-58	 0	 0
4.15	5.25	 8	0.31424		grating		tx+	0.01	-75	-58	-10	199
4.15	5.25	 8	0.31424		grating		ty+	0.01	-75	-58	-200	-29
4.15	5.25	 8	0.31424		grating		tz+	0.01	-75	-58	147	21
4.15	5.25	 8	0.32438		grating		dx+	1.00	-77	-31	 0	 0
4.15	5.25	 8	0.32438		grating		dy+	1.00	-77	-31	 0	 0
4.15	5.25	 8	0.32438		grating		dz+	1.00	-77	-31	 0	 0
4.15	5.25	 8	0.32438		grating		tx+	0.01	-77	-31	-5	200
4.15	5.25	 8	0.32438		grating		ty+	0.01	-77	-31	-196	-28
4.15	5.25	 8	0.32438		grating		tz+	0.01	-77	-31	151	22
4.15	5.25	 8	0.33451		grating		dx+	1.00	-78	-3	 0	 0
4.15	5.25	 8	0.33451		grating		dy+	1.00	-78	-3	 0	 0
4.15	5.25	 8	0.33451		grating		dz+	1.00	-78	-3	 0	 0
4.15	5.25	 8	0.33451		grating		tx+	0.01	-78	-3	 0	204
4.15	5.25	 8	0.33451		grating		ty+	0.01	-78	-3	-193	-27
4.15	5.25	 8	0.33451		grating		tz+	0.01	-78	-3	156	22
4.15	5.25	 8	0.34465		grating		dx+	1.00	-79	26	 0	 0
4.15	5.25	 8	0.34465		grating		dy+	1.00	-79	26	 0	 0
4.15	5.25	 8	0.34465		grating		dz+	1.00	-79	26	 0	 0
4.15	5.25	 8	0.34465		grating		tx+	0.01	-79	26	 5	208
4.15	5.25	 8	0.34465		grating		ty+	0.01	-79	26	-190	-27
4.15	5.25	 8	0.34465		grating		tz+	0.01	-79	26	162	23
2.08	5.25	 5	0.46710		grating		dx+	1.00	-34	-104	 0	 0
2.08	5.25	 5	0.46710		grating		dy+	1.00	-34	-104	 0	 0
2.08	5.25	 5	0.46710		grating		dz+	1.00	-34	-104	 0	 0
2.08	5.25	 5	0.46710		grating		tx+	0.01	-34	-104	-21	194
2.08	5.25	 5	0.46710		grating		ty+	0.01	-34	-104	-209	-36
2.08	5.25	 5	0.46710		grating		tz+	0.01	-34	-104	141	24
2.08	5.25	 5	0.49305		grating		dx+	1.00	-39	-62	 0	 0
2.08	5.25	 5	0.49305		grating		dy+	1.00	-39	-62	 0	 0
2.08	5.25	 5	0.49305		grating		dz+	1.00	-39	-62	 0	 0
2.08	5.25	 5	0.49305		grating		tx+	0.01	-39	-62	-12	194
2.08	5.25	 5	0.49305		grating		ty+	0.01	-39	-62	-202	-35
2.08	5.25	 5	0.49305		grating		tz+	0.01	-39	-62	148	25
2.08	5.25	 5	0.51900		grating		dx+	1.00	-41	-18	 0	 0
2.08	5.25	 5	0.51900		grating		dy+	1.00	-41	-18	 0	 0
2.08	5.25	 5	0.51900		grating		dz+	1.00	-41	-18	 0	 0
2.08	5.25	 5	0.51900		grating		tx+	0.01	-41	-18	-3	198
2.08	5.25	 5	0.51900		grating		ty+	0.01	-41	-18	-197	-34
2.08	5.25	 5	0.51900		grating		tz+	0.01	-41	-18	155	27
2.08	5.25	 5	0.54495		grating		dx+	1.00	-41	28	 0	 0
2.08	5.25	 5	0.54495		grating		dy+	1.00	-41	28	 0	 0
2.08	5.25	 5	0.54495		grating		dz+	1.00	-41	28	 0	 0
2.08	5.25	 5	0.54495		grating		tx+	0.01	-41	28	 6	204
2.08	5.25	 5	0.54495		grating		ty+	0.01	-41	28	-192	-34
2.08	5.25	 5	0.54495		grating		tz+	0.01	-41	28	165	29
2.08	5.25	 5	0.57090		grating		dx+	1.00	-39	78	 0	 0
2.08	5.25	 5	0.57090		grating		dy+	1.00	-39	78	 0	 0
2.08	5.25	 5	0.57090		grating		dz+	1.00	-39	78	 0	 0
2.08	5.25	 5	0.57090		grating		tx+	0.01	-39	78	18	216
2.08	5.25	 5	0.57090		grating		ty+	0.01	-39	78	-189	-36
2.08	5.25	 5	0.57090		grating		tz+	0.01	-39	78	176	33
2.08	5.25	 6	0.39646		grating		dx+	1.00	-33	-89	 0	 0
2.08	5.25	 6	0.39646		grating		dy+	1.00	-33	-89	 0	 0
2.08	5.25	 6	0.39646		grating		dz+	1.00	-33	-89	 0	 0
2.08	5.25	 6	0.39646		grating		tx+	0.01	-33	-89	-18	194
2.08	5.25	 6	0.39646		grating		ty+	0.01	-33	-89	-207	-36
2.08	5.25	 6	0.39646		grating		tz+	0.01	-33	-89	144	25
2.08	5.25	 6	0.41448		grating		dx+	1.00	-37	-54	 0	 0
2.08	5.25	 6	0.41448		grating		dy+	1.00	-37	-54	 0	 0
2.08	5.25	 6	0.41448		grating		dz+	1.00	-37	-54	 0	 0
2.08	5.25	 6	0.41448		grating		tx+	0.01	-37	-54	-11	195
2.08	5.25	 6	0.41448		grating		ty+	0.01	-37	-54	-202	-35
2.08	5.25	 6	0.41448		grating		tz+	0.01	-37	-54	149	26
2.08	5.25	 6	0.43250		grating		dx+	1.00	-39	-17	 0	 0
2.08	5.25	 6	0.43250		grating		dy+	1.00	-39	-17	 0	 0
2.08	5.25	 6	0.43250		grating		dz+	1.00	-39	-17	 0	 0
2.08	5.25	 6	0.43250		grating		tx+	0.01	-39	-17	-3	198
2.08	5.25	 6	0.43250		grating		ty+	0.01	-39	-17	-197	-34
2.08	5.25	 6	0.43250		grating		tz+	0.01	-39	-17	156	27
2.08	5.25	 6	0.45052		grating		dx+	1.00	-39	21	 0	 0
2.08	5.25	 6	0.45052		grating		dy+	1.00	-39	21	 0	 0
2.08	5.25	 6	0.45052		grating		dz+	1.00	-39	21	 0	 0
2.08	5.25	 6	0.45052		grating		tx+	0.01	-39	21	 4	203
2.08	5.25	 6	0.45052		grating		ty+	0.01	-39	21	-194	-35
2.08	5.25	 6	0.45052		grating		tz+	0.01	-39	21	164	29
2.08	5.25	 6	0.46854		grating		dx+	1.00	-38	61	 0	 0
2.08	5.25	 6	0.46854		grating		dy+	1.00	-38	61	 0	 0
2.08	5.25	 6	0.46854		grating		dz+	1.00	-38	61	 0	 0
2.08	5.25	 6	0.46854		grating		tx+	0.01	-38	61	13	212
2.08	5.25	 6	0.46854		grating		ty+	0.01	-38	61	-191	-35
2.08	5.25	 6	0.46854		grating		tz+	0.01	-38	61	173	32
2.08	5.25	 7	0.34423		grating		dx+	1.00	-31	-79	 0	 0
2.08	5.25	 7	0.34423		grating		dy+	1.00	-31	-79	 0	 0
2.08	5.25	 7	0.34423		grating		dz+	1.00	-31	-79	 0	 0
2.08	5.25	 7	0.34423		grating		tx+	0.01	-31	-79	-16	194
2.08	5.25	 7	0.34423		grating		ty+	0.01	-31	-79	-206	-35
2.08	5.25	 7	0.34423		grating		tz+	0.01	-31	-79	146	25
2.08	5.25	 7	0.35747		grating		dx+	1.00	-34	-48	 0	 0
2.08	5.25	 7	0.35747		grating		dy+	1.00	-34	-48	 0	 0
2.08	5.25	 7	0.35747		grating		dz+	1.00	-34	-48	 0	 0
2.08	5.25	 7	0.35747		grating		tx+	0.01	-34	-48	-10	195
2.08	5.25	 7	0.35747		grating		ty+	0.01	-34	-48	-202	-35
2.08	5.25	 7	0.35747		grating		tz+	0.01	-34	-48	151	26
2.08	5.25	 7	0.37071		grating		dx+	1.00	-36	-17	 0	 0
2.08	5.25	 7	0.37071		grating		dy+	1.00	-36	-17	 0	 0
2.08	5.25	 7	0.37071		grating		dz+	1.00	-36	-17	 0	 0
2.08	5.25	 7	0.37071		grating		tx+	0.01	-36	-17	-3	197
2.08	5.25	 7	0.37071		grating		ty+	0.01	-36	-17	-198	-35
2.08	5.25	 7	0.37071		grating		tz+	0.01	-36	-17	157	27
2.08	5.25	 7	0.38395		grating		dx+	1.00	-37	16	 0	 0
2.08	5.25	 7	0.38395		grating		dy+	1.00	-37	16	 0	 0
2.08	5.25	 7	0.38395		grating		dz+	1.00	-37	16	 0	 0
2.08	5.25	 7	0.38395		grating		tx+	0.01	-37	16	 3	202
2.08	5.25	 7	0.38395		grating		ty+	0.01	-37	16	-195	-35
2.08	5.25	 7	0.38395		grating		tz+	0.01	-37	16	163	29
2.08	5.25	 7	0.39719		grating		dx+	1.00	-36	50	 0	 0
2.08	5.25	 7	0.39719		grating		dy+	1.00	-36	50	 0	 0
2.08	5.25	 7	0.39719		grating		dz+	1.00	-36	50	 0	 0
2.08	5.25	 7	0.39719		grating		tx+	0.01	-36	50	11	209
2.08	5.25	 7	0.39719		grating		ty+	0.01	-36	50	-192	-35
2.08	5.25	 7	0.39719		grating		tz+	0.01	-36	50	171	31
2.08	5.25	 8	0.30410		grating		dx+	1.00	-27	-71	 0	 0
2.08	5.25	 8	0.30410		grating		dy+	1.00	-27	-71	 0	 0
2.08	5.25	 8	0.30410		grating		dz+	1.00	-27	-71	 0	 0
2.08	5.25	 8	0.30410		grating		tx+	0.01	-27	-71	-15	194
2.08	5.25	 8	0.30410		grating		ty+	0.01	-27	-71	-206	-35
2.08	5.25	 8	0.30410		grating		tz+	0.01	-27	-71	148	25
2.08	5.25	 8	0.31424		grating		dx+	1.00	-30	-44	 0	 0
2.08	5.25	 8	0.31424		grating		dy+	1.00	-30	-44	 0	 0
2.08	5.25	 8	0.31424		grating		dz+	1.00	-30	-44	 0	 0
2.08	5.25	 8	0.31424		grating		tx+	0.01	-30	-44	-9	195
2.08	5.25	 8	0.31424		grating		ty+	0.01	-30	-44	-202	-35
2.08	5.25	 8	0.31424		grating		tz+	0.01	-30	-44	152	26
2.08	5.25	 8	0.32438		grating		dx+	1.00	-32	-16	 0	 0
2.08	5.25	 8	0.32438		grating		dy+	1.00	-32	-16	 0	 0
2.08	5.25	 8	0.32438		grating		dz+	1.00	-32	-16	 0	 0
2.08	5.25	 8	0.32438		grating		tx+	0.01	-32	-16	-3	197
2.08	5.25	 8	0.32438		grating		ty+	0.01	-32	-16	-199	-35
2.08	5.25	 8	0.32438		grating		tz+	0.01	-32	-16	157	27
2.08	5.25	 8	0.33451		grating		dx+	1.00	-33	12	 0	 0
2.08	5.25	 8	0.33451		grating		dy+	1.00	-33	12	 0	 0
2.08	5.25	 8	0.33451		grating		dz+	1.00	-33	12	 0	 0
2.08	5.25	 8	0.33451		grating		tx+	0.01	-33	12	 2	201
2.08	5.25	 8	0.33451		grating		ty+	0.01	-33	12	-196	-35
2.08	5.25	 8	0.33451		grating		tz+	0.01	-33	12	163	29
2.08	5.25	 8	0.34465		grating		dx+	1.00	-33	42	 0	 0
2.08	5.25	 8	0.34465		grating		dy+	1.00	-33	42	 0	 0
2.08	5.25	 8	0.34465		grating		dz+	1.00	-33	42	 0	 0
2.08	5.25	 8	0.34465		grating		tx+	0.01	-33	42	 9	207
2.08	5.25	 8	0.34465		grating		ty+	0.01	-33	42	-193	-35
2.08	5.25	 8	0.34465		grating		tz+	0.01	-33	42	169	31
0.00	5.25	 5	0.46710		grating		dx+	1.00	12	-87	 0	 0
0.00	5.25	 5	0.46710		grating		dy+	1.00	12	-87	 0	 0
0.00	5.25	 5	0.46710		grating		dz+	1.00	12	-87	 0	 0
0.00	5.25	 5	0.46710		grating		tx+	0.01	12	-87	-21	190
0.00	5.25	 5	0.46710		grating		ty+	0.01	12	-87	-215	-41
0.00	5.25	 5	0.46710		grating		tz+	0.01	12	-87	149	28
0.00	5.25	 5	0.49305		grating		dx+	1.00	 7	-44	 0	 0
0.00	5.25	 5	0.49305		grating		dy+	1.00	 7	-44	 0	 0
0.00	5.25	 5	0.49305		grating		dz+	1.00	 7	-44	 0	 0
0.00	5.25	 5	0.49305		grating		tx+	0.01	 7	-44	-10	191
0.00	5.25	 5	0.49305		grating		ty+	0.01	 7	-44	-208	-41
0.00	5.25	 5	0.49305		grating		tz+	0.01	 7	-44	157	31
0.00	5.25	 5	0.51900		grating		dx+	1.00	 5	 0	 0	 0
0.00	5.25	 5	0.51900		grating		dy+	1.00	 5	 0	 0	 0
0.00	5.25	 5	0.51900		grating		dz+	1.00	 5	 0	 0	 0
0.00	5.25	 5	0.51900		grating		tx+	0.01	 5	 0	 0	195
0.00	5.25	 5	0.51900		grating		ty+	0.01	 5	 0	-203	-42
0.00	5.25	 5	0.51900		grating		tz+	0.01	 5	 0	166	34
0.00	5.25	 5	0.54495		grating		dx+	1.00	 6	47	 0	 0
0.00	5.25	 5	0.54495		grating		dy+	1.00	 6	47	 0	 0
0.00	5.25	 5	0.54495		grating		dz+	1.00	 6	47	 0	 0
0.00	5.25	 5	0.54495		grating		tx+	0.01	 6	47	12	204
0.00	5.25	 5	0.54495		grating		ty+	0.01	 6	47	-200	-44
0.00	5.25	 5	0.54495		grating		tz+	0.01	 6	47	177	39
0.00	5.25	 5	0.57090		grating		dx+	1.00	11	100	 0	 0
0.00	5.25	 5	0.57090		grating		dy+	1.00	11	100	 0	 0
0.00	5.25	 5	0.57090		grating		dz+	1.00	11	100	 0	 0
0.00	5.25	 5	0.57090		grating		tx+	0.01	11	100	28	219
0.00	5.25	 5	0.57090		grating		ty+	0.01	11	100	-198	-48
0.00	5.25	 5	0.57090		grating		tz+	0.01	11	100	193	47
0.00	5.25	 6	0.39646		grating		dx+	1.00	13	-72	 0	 0
0.00	5.25	 6	0.39646		grating		dy+	1.00	13	-72	 0	 0
0.00	5.25	 6	0.39646		grating		dz+	1.00	13	-72	 0	 0
0.00	5.25	 6	0.39646		grating		tx+	0.01	13	-72	-18	190
0.00	5.25	 6	0.39646		grating		ty+	0.01	13	-72	-214	-41
0.00	5.25	 6	0.39646		grating		tz+	0.01	13	-72	152	29
0.00	5.25	 6	0.41448		grating		dx+	1.00	10	-37	 0	 0
0.00	5.25	 6	0.41448		grating		dy+	1.00	10	-37	 0	 0
0.00	5.25	 6	0.41448		grating		dz+	1.00	10	-37	 0	 0
0.00	5.25	 6	0.41448		grating		tx+	0.01	10	-37	-9	191
0.00	5.25	 6	0.41448		grating		ty+	0.01	10	-37	-208	-41
0.00	5.25	 6	0.41448		grating		tz+	0.01	10	-37	159	31
0.00	5.25	 6	0.43250		grating		dx+	1.00	 8	 1	 0	 0
0.00	5.25	 6	0.43250		grating		dy+	1.00	 8	 1	 0	 0
0.00	5.25	 6	0.43250		grating		dz+	1.00	 8	 1	 0	 0
0.00	5.25	 6	0.43250		grating		tx+	0.01	 8	 1	 0	195
0.00	5.25	 6	0.43250		grating		ty+	0.01	 8	 1	-204	-42
0.00	5.25	 6	0.43250		grating		tz+	0.01	 8	 1	167	34
0.00	5.25	 6	0.45052		grating		dx+	1.00	 8	40	 0	 0
0.00	5.25	 6	0.45052		grating		dy+	1.00	 8	40	 0	 0
0.00	5.25	 6	0.45052		grating		dz+	1.00	 8	40	 0	 0
0.00	5.25	 6	0.45052		grating		tx+	0.01	 8	40	10	202
0.00	5.25	 6	0.45052		grating		ty+	0.01	 8	40	-201	-44
0.00	5.25	 6	0.45052		grating		tz+	0.01	 8	40	176	38
0.00	5.25	 6	0.46854		grating		dx+	1.00	11	82	 0	 0
0.00	5.25	 6	0.46854		grating		dy+	1.00	11	82	 0	 0
0.00	5.25	 6	0.46854		grating		dz+	1.00	11	82	 0	 0
0.00	5.25	 6	0.46854		grating		tx+	0.01	11	82	22	213
0.00	5.25	 6	0.46854		grating		ty+	0.01	11	82	-199	-47
0.00	5.25	 6	0.46854		grating		tz+	0.01	11	82	188	44
0.00	5.25	 7	0.34423		grating		dx+	1.00	16	-61	 0	 0
0.00	5.25	 7	0.34423		grating		dy+	1.00	16	-61	 0	 0
0.00	5.25	 7	0.34423		grating		dz+	1.00	16	-61	 0	 0
0.00	5.25	 7	0.34423		grating		tx+	0.01	16	-61	-15	190
0.00	5.25	 7	0.34423		grating		ty+	0.01	16	-61	-213	-41
0.00	5.25	 7	0.34423		grating		tz+	0.01	16	-61	155	30
0.00	5.25	 7	0.35747		grating		dx+	1.00	13	-31	 0	 0
0.00	5.25	 7	0.35747		grating		dy+	1.00	13	-31	 0	 0
0.00	5.25	 7	0.35747		grating		dz+	1.00	13	-31	 0	 0
0.00	5.25	 7	0.35747		grating		tx+	0.01	13	-31	-7	192
0.00	5.25	 7	0.35747		grating		ty+	0.01	13	-31	-209	-42
0.00	5.25	 7	0.35747		grating		tz+	0.01	13	-31	161	32
0.00	5.25	 7	0.37071		grating		dx+	1.00	11	 1	 0	 0
0.00	5.25	 7	0.37071		grating		dy+	1.00	11	 1	 0	 0
0.00	5.25	 7	0.37071		grating		dz+	1.00	11	 1	 0	 0
0.00	5.25	 7	0.37071		grating		tx+	0.01	11	 1	 0	195
0.00	5.25	 7	0.37071		grating		ty+	0.01	11	 1	-205	-42
0.00	5.25	 7	0.37071		grating		tz+	0.01	11	 1	168	35
0.00	5.25	 7	0.38395		grating		dx+	1.00	11	35	 0	 0
0.00	5.25	 7	0.38395		grating		dy+	1.00	11	35	 0	 0
0.00	5.25	 7	0.38395		grating		dz+	1.00	11	35	 0	 0
0.00	5.25	 7	0.38395		grating		tx+	0.01	11	35	 9	201
0.00	5.25	 7	0.38395		grating		ty+	0.01	11	35	-203	-44
0.00	5.25	 7	0.38395		grating		tz+	0.01	11	35	176	38
0.00	5.25	 7	0.39719		grating		dx+	1.00	13	70	 0	 0
0.00	5.25	 7	0.39719		grating		dy+	1.00	13	70	 0	 0
0.00	5.25	 7	0.39719		grating		dz+	1.00	13	70	 0	 0
0.00	5.25	 7	0.39719		grating		tx+	0.01	13	70	19	209
0.00	5.25	 7	0.39719		grating		ty+	0.01	13	70	-201	-46
0.00	5.25	 7	0.39719		grating		tz+	0.01	13	70	185	43
0.00	5.25	 8	0.30410		grating		dx+	1.00	19	-53	 0	 0
0.00	5.25	 8	0.30410		grating		dy+	1.00	19	-53	 0	 0
0.00	5.25	 8	0.30410		grating		dz+	1.00	19	-53	 0	 0
0.00	5.25	 8	0.30410		grating		tx+	0.01	19	-53	-13	190
0.00	5.25	 8	0.30410		grating		ty+	0.01	19	-53	-214	-41
0.00	5.25	 8	0.30410		grating		tz+	0.01	19	-53	158	30
0.00	5.25	 8	0.31424		grating		dx+	1.00	17	-26	 0	 0
0.00	5.25	 8	0.31424		grating		dy+	1.00	17	-26	 0	 0
0.00	5.25	 8	0.31424		grating		dz+	1.00	17	-26	 0	 0
0.00	5.25	 8	0.31424		grating		tx+	0.01	17	-26	-6	192
0.00	5.25	 8	0.31424		grating		ty+	0.01	17	-26	-210	-42
0.00	5.25	 8	0.31424		grating		tz+	0.01	17	-26	163	32
0.00	5.25	 8	0.32438		grating		dx+	1.00	15	 2	 0	 0
0.00	5.25	 8	0.32438		grating		dy+	1.00	15	 2	 0	 0
0.00	5.25	 8	0.32438		grating		dz+	1.00	15	 2	 0	 0
0.00	5.25	 8	0.32438		grating		tx+	0.01	15	 2	 0	195
0.00	5.25	 8	0.32438		grating		ty+	0.01	15	 2	-207	-43
0.00	5.25	 8	0.32438		grating		tz+	0.01	15	 2	169	35
0.00	5.25	 8	0.33451		grating		dx+	1.00	15	31	 0	 0
0.00	5.25	 8	0.33451		grating		dy+	1.00	15	31	 0	 0
0.00	5.25	 8	0.33451		grating		dz+	1.00	15	31	 0	 0
0.00	5.25	 8	0.33451		grating		tx+	0.01	15	31	 8	200
0.00	5.25	 8	0.33451		grating		ty+	0.01	15	31	-204	-44
0.00	5.25	 8	0.33451		grating		tz+	0.01	15	31	176	38
0.00	5.25	 8	0.34465		grating		dx+	1.00	16	62	 0	 0
0.00	5.25	 8	0.34465		grating		dy+	1.00	16	62	 0	 0
0.00	5.25	 8	0.34465		grating		dz+	1.00	16	62	 0	 0
0.00	5.25	 8	0.34465		grating		tx+	0.01	16	62	17	207
0.00	5.25	 8	0.34465		grating		ty+	0.01	16	62	-202	-46
0.00	5.25	 8	0.34465		grating		tz+	0.01	16	62	184	42
-2.08	5.25	 5	0.46710		grating		dx+	1.00	61	-67	 0	 0
-2.08	5.25	 5	0.46710		grating		dy+	1.00	61	-67	 0	 0
-2.08	5.25	 5	0.46710		grating		dz+	1.00	61	-67	 0	 0
-2.08	5.25	 5	0.46710		grating		tx+	0.01	61	-67	-19	186
-2.08	5.25	 5	0.46710		grating		ty+	0.01	61	-67	-227	-46
-2.08	5.25	 5	0.46710		grating		tz+	0.01	61	-67	163	33
-2.08	5.25	 5	0.49305		grating		dx+	1.00	57	-23	 0	 0
-2.08	5.25	 5	0.49305		grating		dy+	1.00	57	-23	 0	 0
-2.08	5.25	 5	0.49305		grating		dz+	1.00	57	-23	 0	 0
-2.08	5.25	 5	0.49305		grating		tx+	0.01	57	-23	-6	189
-2.08	5.25	 5	0.49305		grating		ty+	0.01	57	-23	-221	-49
-2.08	5.25	 5	0.49305		grating		tz+	0.01	57	-23	172	38
-2.08	5.25	 5	0.51900		grating		dx+	1.00	56	23	 0	 0
-2.08	5.25	 5	0.51900		grating		dy+	1.00	56	23	 0	 0
-2.08	5.25	 5	0.51900		grating		dz+	1.00	56	23	 0	 0
-2.08	5.25	 5	0.51900		grating		tx+	0.01	56	23	 7	195
-2.08	5.25	 5	0.51900		grating		ty+	0.01	56	23	-217	-52
-2.08	5.25	 5	0.51900		grating		tz+	0.01	56	23	184	44
-2.08	5.25	 5	0.54495		grating		dx+	1.00	59	72	 0	 0
-2.08	5.25	 5	0.54495		grating		dy+	1.00	59	72	 0	 0
-2.08	5.25	 5	0.54495		grating		dz+	1.00	59	72	 0	 0
-2.08	5.25	 5	0.54495		grating		tx+	0.01	59	72	23	206
-2.08	5.25	 5	0.54495		grating		ty+	0.01	59	72	-216	-57
-2.08	5.25	 5	0.54495		grating		tz+	0.01	59	72	200	53
-2.08	5.25	 5	0.57090		grating		dx+	1.00	67	128	 0	 0
-2.08	5.25	 5	0.57090		grating		dy+	1.00	67	128	 0	 0
-2.08	5.25	 5	0.57090		grating		dz+	1.00	67	128	 0	 0
-2.08	5.25	 5	0.57090		grating		tx+	0.01	67	128	45	226
-2.08	5.25	 5	0.57090		grating		ty+	0.01	67	128	-218	-66
-2.08	5.25	 5	0.57090		grating		tz+	0.01	67	128	224	67
-2.08	5.25	 6	0.39646		grating		dx+	1.00	63	-52	 0	 0
-2.08	5.25	 6	0.39646		grating		dy+	1.00	63	-52	 0	 0
-2.08	5.25	 6	0.39646		grating		dz+	1.00	63	-52	 0	 0
-2.08	5.25	 6	0.39646		grating		tx+	0.01	63	-52	-15	187
-2.08	5.25	 6	0.39646		grating		ty+	0.01	63	-52	-227	-47
-2.08	5.25	 6	0.39646		grating		tz+	0.01	63	-52	168	35
-2.08	5.25	 6	0.41448		grating		dx+	1.00	60	-15	 0	 0
-2.08	5.25	 6	0.41448		grating		dy+	1.00	60	-15	 0	 0
-2.08	5.25	 6	0.41448		grating		dz+	1.00	60	-15	 0	 0
-2.08	5.25	 6	0.41448		grating		tx+	0.01	60	-15	-4	189
-2.08	5.25	 6	0.41448		grating		ty+	0.01	60	-15	-222	-49
-2.08	5.25	 6	0.41448		grating		tz+	0.01	60	-15	176	39
-2.08	5.25	 6	0.43250		grating		dx+	1.00	59	23	 0	 0
-2.08	5.25	 6	0.43250		grating		dy+	1.00	59	23	 0	 0
-2.08	5.25	 6	0.43250		grating		dz+	1.00	59	23	 0	 0
-2.08	5.25	 6	0.43250		grating		tx+	0.01	59	23	 7	195
-2.08	5.25	 6	0.43250		grating		ty+	0.01	59	23	-218	-52
-2.08	5.25	 6	0.43250		grating		tz+	0.01	59	23	186	44
-2.08	5.25	 6	0.45052		grating		dx+	1.00	61	64	 0	 0
-2.08	5.25	 6	0.45052		grating		dy+	1.00	61	64	 0	 0
-2.08	5.25	 6	0.45052		grating		dz+	1.00	61	64	 0	 0
-2.08	5.25	 6	0.45052		grating		tx+	0.01	61	64	20	204
-2.08	5.25	 6	0.45052		grating		ty+	0.01	61	64	-217	-56
-2.08	5.25	 6	0.45052		grating		tz+	0.01	61	64	199	51
-2.08	5.25	 6	0.46854		grating		dx+	1.00	67	109	 0	 0
-2.08	5.25	 6	0.46854		grating		dy+	1.00	67	109	 0	 0
-2.08	5.25	 6	0.46854		grating		dz+	1.00	67	109	 0	 0
-2.08	5.25	 6	0.46854		grating		tx+	0.01	67	109	38	219
-2.08	5.25	 6	0.46854		grating		ty+	0.01	67	109	-218	-63
-2.08	5.25	 6	0.46854		grating		tz+	0.01	67	109	217	62
-2.08	5.25	 7	0.34423		grating		dx+	1.00	66	-41	 0	 0
-2.08	5.25	 7	0.34423		grating		dy+	1.00	66	-41	 0	 0
-2.08	5.25	 7	0.34423		grating		dz+	1.00	66	-41	 0	 0
-2.08	5.25	 7	0.34423		grating		tx+	0.01	66	-41	-12	187
-2.08	5.25	 7	0.34423		grating		ty+	0.01	66	-41	-227	-48
-2.08	5.25	 7	0.34423		grating		tz+	0.01	66	-41	172	36
-2.08	5.25	 7	0.35747		grating		dx+	1.00	63	-9	 0	 0
-2.08	5.25	 7	0.35747		grating		dy+	1.00	63	-9	 0	 0
-2.08	5.25	 7	0.35747		grating		dz+	1.00	63	-9	 0	 0
-2.08	5.25	 7	0.35747		grating		tx+	0.01	63	-9	-2	190
-2.08	5.25	 7	0.35747		grating		ty+	0.01	63	-9	-223	-50
-2.08	5.25	 7	0.35747		grating		tz+	0.01	63	-9	179	40
-2.08	5.25	 7	0.37071		grating		dx+	1.00	63	24	 0	 0
-2.08	5.25	 7	0.37071		grating		dy+	1.00	63	24	 0	 0
-2.08	5.25	 7	0.37071		grating		dz+	1.00	63	24	 0	 0
-2.08	5.25	 7	0.37071		grating		tx+	0.01	63	24	 7	195
-2.08	5.25	 7	0.37071		grating		ty+	0.01	63	24	-220	-52
-2.08	5.25	 7	0.37071		grating		tz+	0.01	63	24	188	45
-2.08	5.25	 7	0.38395		grating		dx+	1.00	64	59	 0	 0
-2.08	5.25	 7	0.38395		grating		dy+	1.00	64	59	 0	 0
-2.08	5.25	 7	0.38395		grating		dz+	1.00	64	59	 0	 0
-2.08	5.25	 7	0.38395		grating		tx+	0.01	64	59	19	203
-2.08	5.25	 7	0.38395		grating		ty+	0.01	64	59	-219	-56
-2.08	5.25	 7	0.38395		grating		tz+	0.01	64	59	199	51
-2.08	5.25	 7	0.39719		grating		dx+	1.00	68	97	 0	 0
-2.08	5.25	 7	0.39719		grating		dy+	1.00	68	97	 0	 0
-2.08	5.25	 7	0.39719		grating		dz+	1.00	68	97	 0	 0
-2.08	5.25	 7	0.39719		grating		tx+	0.01	68	97	33	214
-2.08	5.25	 7	0.39719		grating		ty+	0.01	68	97	-220	-61
-2.08	5.25	 7	0.39719		grating		tz+	0.01	68	97	213	59
-2.08	5.25	 8	0.30410		grating		dx+	1.00	70	-32	 0	 0
-2.08	5.25	 8	0.30410		grating		dy+	1.00	70	-32	 0	 0
-2.08	5.25	 8	0.30410		grating		dz+	1.00	70	-32	 0	 0
-2.08	5.25	 8	0.30410		grating		tx+	0.01	70	-32	-10	188
-2.08	5.25	 8	0.30410		grating		ty+	0.01	70	-32	-229	-49
-2.08	5.25	 8	0.30410		grating		tz+	0.01	70	-32	176	37
-2.08	5.25	 8	0.31424		grating		dx+	1.00	68	-4	 0	 0
-2.08	5.25	 8	0.31424		grating		dy+	1.00	68	-4	 0	 0
-2.08	5.25	 8	0.31424		grating		dz+	1.00	68	-4	 0	 0
-2.08	5.25	 8	0.31424		grating		tx+	0.01	68	-4	-1	191
-2.08	5.25	 8	0.31424		grating		ty+	0.01	68	-4	-225	-51
-2.08	5.25	 8	0.31424		grating		tz+	0.01	68	-4	182	41
-2.08	5.25	 8	0.32438		grating		dx+	1.00	67	25	 0	 0
-2.08	5.25	 8	0.32438		grating		dy+	1.00	67	25	 0	 0
-2.08	5.25	 8	0.32438		grating		dz+	1.00	67	25	 0	 0
-2.08	5.25	 8	0.32438		grating		tx+	0.01	67	25	 8	195
-2.08	5.25	 8	0.32438		grating		ty+	0.01	67	25	-223	-53
-2.08	5.25	 8	0.32438		grating		tz+	0.01	67	25	190	45
-2.08	5.25	 8	0.33451		grating		dx+	1.00	68	55	 0	 0
-2.08	5.25	 8	0.33451		grating		dy+	1.00	68	55	 0	 0
-2.08	5.25	 8	0.33451		grating		dz+	1.00	68	55	 0	 0
-2.08	5.25	 8	0.33451		grating		tx+	0.01	68	55	18	202
-2.08	5.25	 8	0.33451		grating		ty+	0.01	68	55	-221	-56
-2.08	5.25	 8	0.33451		grating		tz+	0.01	68	55	200	50
-2.08	5.25	 8	0.34465		grating		dx+	1.00	71	88	 0	 0
-2.08	5.25	 8	0.34465		grating		dy+	1.00	71	88	 0	 0
-2.08	5.25	 8	0.34465		grating		dz+	1.00	71	88	 0	 0
-2.08	5.25	 8	0.34465		grating		tx+	0.01	71	88	30	211
-2.08	5.25	 8	0.34465		grating		ty+	0.01	71	88	-222	-60
-2.08	5.25	 8	0.34465		grating		tz+	0.01	71	88	212	58
-4.15	5.25	 5	0.46710		grating		dx+	1.00	115	-43	 0	 0
-4.15	5.25	 5	0.46710		grating		dy+	1.00	115	-43	 0	 0
-4.15	5.25	 5	0.46710		grating		dz+	1.00	115	-43	 0	 0
-4.15	5.25	 5	0.46710		grating		tx+	0.01	115	-43	-15	184
-4.15	5.25	 5	0.46710		grating		ty+	0.01	115	-43	-251	-54
-4.15	5.25	 5	0.46710		grating		tz+	0.01	115	-43	189	40
-4.15	5.25	 5	0.49305		grating		dx+	1.00	112	 2	 0	 0
-4.15	5.25	 5	0.49305		grating		dy+	1.00	112	 2	 0	 0
-4.15	5.25	 5	0.49305		grating		dz+	1.00	112	 2	 0	 0
-4.15	5.25	 5	0.49305		grating		tx+	0.01	112	 2	 0	188
-4.15	5.25	 5	0.49305		grating		ty+	0.01	112	 2	-245	-59
-4.15	5.25	 5	0.49305		grating		tz+	0.01	112	 2	201	48
-4.15	5.25	 5	0.51900		grating		dx+	1.00	114	51	 0	 0
-4.15	5.25	 5	0.51900		grating		dy+	1.00	114	51	 0	 0
-4.15	5.25	 5	0.51900		grating		dz+	1.00	114	51	 0	 0
-4.15	5.25	 5	0.51900		grating		tx+	0.01	114	51	19	198
-4.15	5.25	 5	0.51900		grating		ty+	0.01	114	51	-244	-65
-4.15	5.25	 5	0.51900		grating		tz+	0.01	114	51	219	58
-4.15	5.25	 5	0.54495		grating		dx+	1.00	121	105	 0	 0
-4.15	5.25	 5	0.54495		grating		dy+	1.00	121	105	 0	 0
-4.15	5.25	 5	0.54495		grating		dz+	1.00	121	105	 0	 0
-4.15	5.25	 5	0.54495		grating		tx+	0.01	121	105	44	214
-4.15	5.25	 5	0.54495		grating		ty+	0.01	121	105	-249	-76
-4.15	5.25	 5	0.54495		grating		tz+	0.01	121	105	246	75
-4.15	5.25	 5	0.57090		grating		dx+	1.00	138	168	 0	 0
-4.15	5.25	 5	0.57090		grating		dy+	1.00	138	168	 0	 0
-4.15	5.25	 5	0.57090		grating		dz+	1.00	138	168	 0	 0
-4.15	5.25	 5	0.57090		grating		tx+	0.01	138	168	82	246
-4.15	5.25	 5	0.57090		grating		ty+	0.01	138	168	-266	-95
-4.15	5.25	 5	0.57090		grating		tz+	0.01	138	168	293	104
-4.15	5.25	 6	0.39646		grating		dx+	1.00	118	-27	 0	 0
-4.15	5.25	 6	0.39646		grating		dy+	1.00	118	-27	 0	 0
-4.15	5.25	 6	0.39646		grating		dz+	1.00	118	-27	 0	 0
-4.15	5.25	 6	0.39646		grating		tx+	0.01	118	-27	-10	185
-4.15	5.25	 6	0.39646		grating		ty+	0.01	118	-27	-252	-56
-4.15	5.25	 6	0.39646		grating		tz+	0.01	118	-27	195	43
-4.15	5.25	 6	0.41448		grating		dx+	1.00	116	11	 0	 0
-4.15	5.25	 6	0.41448		grating		dy+	1.00	116	11	 0	 0
-4.15	5.25	 6	0.41448		grating		dz+	1.00	116	11	 0	 0
-4.15	5.25	 6	0.41448		grating		tx+	0.01	116	11	 4	190
-4.15	5.25	 6	0.41448		grating		ty+	0.01	116	11	-248	-60
-4.15	5.25	 6	0.41448		grating		tz+	0.01	116	11	206	50
-4.15	5.25	 6	0.43250		grating		dx+	1.00	117	52	 0	 0
-4.15	5.25	 6	0.43250		grating		dy+	1.00	117	52	 0	 0
-4.15	5.25	 6	0.43250		grating		dz+	1.00	117	52	 0	 0
-4.15	5.25	 6	0.43250		grating		tx+	0.01	117	52	20	198
-4.15	5.25	 6	0.43250		grating		ty+	0.01	117	52	-247	-66
-4.15	5.25	 6	0.43250		grating		tz+	0.01	117	52	221	59
-4.15	5.25	 6	0.45052		grating		dx+	1.00	123	96	 0	 0
-4.15	5.25	 6	0.45052		grating		dy+	1.00	123	96	 0	 0
-4.15	5.25	 6	0.45052		grating		dz+	1.00	123	96	 0	 0
-4.15	5.25	 6	0.45052		grating		tx+	0.01	123	96	40	211
-4.15	5.25	 6	0.45052		grating		ty+	0.01	123	96	-250	-74
-4.15	5.25	 6	0.45052		grating		tz+	0.01	123	96	244	72
-4.15	5.25	 6	0.46854		grating		dx+	1.00	134	146	 0	 0
-4.15	5.25	 6	0.46854		grating		dy+	1.00	134	146	 0	 0
-4.15	5.25	 6	0.46854		grating		dz+	1.00	134	146	 0	 0
-4.15	5.25	 6	0.46854		grating		tx+	0.01	134	146	69	234
-4.15	5.25	 6	0.46854		grating		ty+	0.01	134	146	-262	-88
-4.15	5.25	 6	0.46854		grating		tz+	0.01	134	146	278	93
-4.15	5.25	 7	0.34423		grating		dx+	1.00	122	-16	 0	 0
-4.15	5.25	 7	0.34423		grating		dy+	1.00	122	-16	 0	 0
-4.15	5.25	 7	0.34423		grating		dz+	1.00	122	-16	 0	 0
-4.15	5.25	 7	0.34423		grating		tx+	0.01	122	-16	-5	186
-4.15	5.25	 7	0.34423		grating		ty+	0.01	122	-16	-254	-57
-4.15	5.25	 7	0.34423		grating		tz+	0.01	122	-16	201	45
-4.15	5.25	 7	0.35747		grating		dx+	1.00	120	18	 0	 0
-4.15	5.25	 7	0.35747		grating		dy+	1.00	120	18	 0	 0
-4.15	5.25	 7	0.35747		grating		dz+	1.00	120	18	 0	 0
-4.15	5.25	 7	0.35747		grating		tx+	0.01	120	18	 6	191
-4.15	5.25	 7	0.35747		grating		ty+	0.01	120	18	-251	-61
-4.15	5.25	 7	0.35747		grating		tz+	0.01	120	18	212	52
-4.15	5.25	 7	0.37071		grating		dx+	1.00	122	53	 0	 0
-4.15	5.25	 7	0.37071		grating		dy+	1.00	122	53	 0	 0
-4.15	5.25	 7	0.37071		grating		dz+	1.00	122	53	 0	 0
-4.15	5.25	 7	0.37071		grating		tx+	0.01	122	53	21	198
-4.15	5.25	 7	0.37071		grating		ty+	0.01	122	53	-250	-67
-4.15	5.25	 7	0.37071		grating		tz+	0.01	122	53	225	60
-4.15	5.25	 7	0.38395		grating		dx+	1.00	126	90	 0	 0
-4.15	5.25	 7	0.38395		grating		dy+	1.00	126	90	 0	 0
-4.15	5.25	 7	0.38395		grating		dz+	1.00	126	90	 0	 0
-4.15	5.25	 7	0.38395		grating		tx+	0.01	126	90	38	209
-4.15	5.25	 7	0.38395		grating		ty+	0.01	126	90	-253	-74
-4.15	5.25	 7	0.38395		grating		tz+	0.01	126	90	244	71
-4.15	5.25	 7	0.39719		grating		dx+	1.00	135	132	 0	 0
-4.15	5.25	 7	0.39719		grating		dy+	1.00	135	132	 0	 0
-4.15	5.25	 7	0.39719		grating		dz+	1.00	135	132	 0	 0
-4.15	5.25	 7	0.39719		grating		tx+	0.01	135	132	61	227
-4.15	5.25	 7	0.39719		grating		ty+	0.01	135	132	-261	-85
-4.15	5.25	 7	0.39719		grating		tz+	0.01	135	132	271	88
-4.15	5.25	 8	0.30410		grating		dx+	1.00	127	-6	 0	 0
-4.15	5.25	 8	0.30410		grating		dy+	1.00	127	-6	 0	 0
-4.15	5.25	 8	0.30410		grating		dz+	1.00	127	-6	 0	 0
-4.15	5.25	 8	0.30410		grating		tx+	0.01	127	-6	-2	187
-4.15	5.25	 8	0.30410		grating		ty+	0.01	127	-6	-258	-59
-4.15	5.25	 8	0.30410		grating		tz+	0.01	127	-6	208	47
-4.15	5.25	 8	0.31424		grating		dx+	1.00	126	23	 0	 0
-4.15	5.25	 8	0.31424		grating		dy+	1.00	126	23	 0	 0
-4.15	5.25	 8	0.31424		grating		dz+	1.00	126	23	 0	 0
-4.15	5.25	 8	0.31424		grating		tx+	0.01	126	23	 9	192
-4.15	5.25	 8	0.31424		grating		ty+	0.01	126	23	-255	-63
-4.15	5.25	 8	0.31424		grating		tz+	0.01	126	23	217	53
-4.15	5.25	 8	0.32438		grating		dx+	1.00	127	54	 0	 0
-4.15	5.25	 8	0.32438		grating		dy+	1.00	127	54	 0	 0
-4.15	5.25	 8	0.32438		grating		dz+	1.00	127	54	 0	 0
-4.15	5.25	 8	0.32438		grating		tx+	0.01	127	54	22	199
-4.15	5.25	 8	0.32438		grating		ty+	0.01	127	54	-255	-67
-4.15	5.25	 8	0.32438		grating		tz+	0.01	127	54	230	61
-4.15	5.25	 8	0.33451		grating		dx+	1.00	131	87	 0	 0
-4.15	5.25	 8	0.33451		grating		dy+	1.00	131	87	 0	 0
-4.15	5.25	 8	0.33451		grating		dz+	1.00	131	87	 0	 0
-4.15	5.25	 8	0.33451		grating		tx+	0.01	131	87	37	208
-4.15	5.25	 8	0.33451		grating		ty+	0.01	131	87	-257	-74
-4.15	5.25	 8	0.33451		grating		tz+	0.01	131	87	246	71
-4.15	5.25	 8	0.34465		grating		dx+	1.00	137	123	 0	 0
-4.15	5.25	 8	0.34465		grating		dy+	1.00	137	123	 0	 0
-4.15	5.25	 8	0.34465		grating		dz+	1.00	137	123	 0	 0
-4.15	5.25	 8	0.34465		grating		tx+	0.01	137	123	57	222
-4.15	5.25	 8	0.34465		grating		ty+	0.01	137	123	-263	-83
-4.15	5.25	 8	0.34465		grating		tz+	0.01	137	123	269	84
