XField  YField  Order  Wavelength  Element       Peturbation  Value X  Y DelX  DelY
4.15	3.75	 5	0.81459		mirror		dx+	1.00	-82	-37	 0	 0
4.15	3.75	 5	0.81459		mirror		dy+	1.00	-82	-37	 0	 0
4.15	3.75	 5	0.81459		mirror		dz+	1.00	-82	-37	 1	 5
4.15	3.75	 5	0.81459		mirror		tx+	0.01	-82	-37	-15	-207
4.15	3.75	 5	0.81459		mirror		ty+	0.01	-82	-37	241	-98
4.15	3.75	 5	0.81459		mirror		tz+	0.01	-82	-37	 0	 0
4.15	3.75	 5	0.85984		mirror		dx+	1.00	-79	11	 0	 0
4.15	3.75	 5	0.85984		mirror		dy+	1.00	-79	11	 0	 0
4.15	3.75	 5	0.85984		mirror		dz+	1.00	-79	11	 1	 6
4.15	3.75	 5	0.85984		mirror		tx+	0.01	-79	11	 4	-222
4.15	3.75	 5	0.85984		mirror		ty+	0.01	-79	11	249	-108
4.15	3.75	 5	0.85984		mirror		tz+	0.01	-79	11	 0	 0
4.15	3.75	 5	0.90510		mirror		dx+	1.00	-83	65	 0	 0
4.15	3.75	 5	0.90510		mirror		dy+	1.00	-83	65	 0	 0
4.15	3.75	 5	0.90510		mirror		dz+	1.00	-83	65	 0	 6
4.15	3.75	 5	0.90510		mirror		tx+	0.01	-83	65	31	-248
4.15	3.75	 5	0.90510		mirror		ty+	0.01	-83	65	266	-124
4.15	3.75	 5	0.90510		mirror		tz+	0.01	-83	65	 0	 0
4.15	3.75	 5	0.95035		mirror		dx+	1.00	-94	126	 0	 0
4.15	3.75	 5	0.95035		mirror		dy+	1.00	-94	126	 0	 0
4.15	3.75	 5	0.95035		mirror		dz+	1.00	-94	126	 0	 8
4.15	3.75	 5	0.95035		mirror		tx+	0.01	-94	126	73	-293
4.15	3.75	 5	0.95035		mirror		ty+	0.01	-94	126	299	-152
4.15	3.75	 5	0.95035		mirror		tz+	0.01	-94	126	 0	 0
4.15	3.75	 5	0.99561		mirror		dx+	1.00	-118	202	 0	 0
4.15	3.75	 5	0.99561		mirror		dy+	1.00	-118	202	 0	 0
4.15	3.75	 5	0.99561		mirror		dz+	1.00	-118	202	-3	11
4.15	3.75	 5	0.99561		mirror		tx+	0.01	-118	202	160	-389
4.15	3.75	 5	0.99561		mirror		ty+	0.01	-118	202	374	-214
4.15	3.75	 5	0.99561		mirror		tz+	0.01	-118	202	 0	 0
4.15	3.75	 6	0.69140		mirror		dx+	1.00	-84	-21	 0	 0
4.15	3.75	 6	0.69140		mirror		dy+	1.00	-84	-21	 0	 0
4.15	3.75	 6	0.69140		mirror		dz+	1.00	-84	-21	 1	 5
4.15	3.75	 6	0.69140		mirror		tx+	0.01	-84	-21	-9	-211
4.15	3.75	 6	0.69140		mirror		ty+	0.01	-84	-21	245	-102
4.15	3.75	 6	0.69140		mirror		tz+	0.01	-84	-21	 0	 0
4.15	3.75	 6	0.72282		mirror		dx+	1.00	-83	21	 0	 0
4.15	3.75	 6	0.72282		mirror		dy+	1.00	-83	21	 0	 0
4.15	3.75	 6	0.72282		mirror		dz+	1.00	-83	21	 1	 6
4.15	3.75	 6	0.72282		mirror		tx+	0.01	-83	21	 9	-226
4.15	3.75	 6	0.72282		mirror		ty+	0.01	-83	21	254	-111
4.15	3.75	 6	0.72282		mirror		tz+	0.01	-83	21	 0	 0
4.15	3.75	 6	0.75425		mirror		dx+	1.00	-86	65	 0	 0
4.15	3.75	 6	0.75425		mirror		dy+	1.00	-86	65	 0	 0
4.15	3.75	 6	0.75425		mirror		dz+	1.00	-86	65	 0	 6
4.15	3.75	 6	0.75425		mirror		tx+	0.01	-86	65	32	-248
4.15	3.75	 6	0.75425		mirror		ty+	0.01	-86	65	269	-125
4.15	3.75	 6	0.75425		mirror		tz+	0.01	-86	65	 0	 0
4.15	3.75	 6	0.78568		mirror		dx+	1.00	-94	116	 0	 0
4.15	3.75	 6	0.78568		mirror		dy+	1.00	-94	116	 0	 0
4.15	3.75	 6	0.78568		mirror		dz+	1.00	-94	116	 0	 8
4.15	3.75	 6	0.78568		mirror		tx+	0.01	-94	116	66	-284
4.15	3.75	 6	0.78568		mirror		ty+	0.01	-94	116	295	-147
4.15	3.75	 6	0.78568		mirror		tz+	0.01	-94	116	 0	 0
4.15	3.75	 6	0.81710		mirror		dx+	1.00	-111	175	 0	 0
4.15	3.75	 6	0.81710		mirror		dy+	1.00	-111	175	 0	 0
4.15	3.75	 6	0.81710		mirror		dz+	1.00	-111	175	-1	10
4.15	3.75	 6	0.81710		mirror		tx+	0.01	-111	175	125	-350
4.15	3.75	 6	0.81710		mirror		ty+	0.01	-111	175	346	-189
4.15	3.75	 6	0.81710		mirror		tz+	0.01	-111	175	 0	 0
4.15	3.75	 7	0.60000		mirror		dx+	1.00	-87	-9	 0	 0
4.15	3.75	 7	0.60000		mirror		dy+	1.00	-87	-9	 0	 0
4.15	3.75	 7	0.60000		mirror		dz+	1.00	-87	-9	 1	 6
4.15	3.75	 7	0.60000		mirror		tx+	0.01	-87	-9	-4	-215
4.15	3.75	 7	0.60000		mirror		ty+	0.01	-87	-9	250	-105
4.15	3.75	 7	0.60000		mirror		tz+	0.01	-87	-9	 0	 0
4.15	3.75	 7	0.62325		mirror		dx+	1.00	-86	27	 0	 0
4.15	3.75	 7	0.62325		mirror		dy+	1.00	-86	27	 0	 0
4.15	3.75	 7	0.62325		mirror		dz+	1.00	-86	27	 1	 6
4.15	3.75	 7	0.62325		mirror		tx+	0.01	-86	27	12	-229
4.15	3.75	 7	0.62325		mirror		ty+	0.01	-86	27	258	-113
4.15	3.75	 7	0.62325		mirror		tz+	0.01	-86	27	 0	 0
4.15	3.75	 7	0.64650		mirror		dx+	1.00	-89	66	 0	 0
4.15	3.75	 7	0.64650		mirror		dy+	1.00	-89	66	 0	 0
4.15	3.75	 7	0.64650		mirror		dz+	1.00	-89	66	 0	 6
4.15	3.75	 7	0.64650		mirror		tx+	0.01	-89	66	33	-249
4.15	3.75	 7	0.64650		mirror		ty+	0.01	-89	66	272	-126
4.15	3.75	 7	0.64650		mirror		tz+	0.01	-89	66	 0	 0
4.15	3.75	 7	0.66975		mirror		dx+	1.00	-96	109	 0	 0
4.15	3.75	 7	0.66975		mirror		dy+	1.00	-96	109	 0	 0
4.15	3.75	 7	0.66975		mirror		dz+	1.00	-96	109	 0	 7
4.15	3.75	 7	0.66975		mirror		tx+	0.01	-96	109	62	-279
4.15	3.75	 7	0.66975		mirror		ty+	0.01	-96	109	294	-145
4.15	3.75	 7	0.66975		mirror		tz+	0.01	-96	109	 0	 0
4.15	3.75	 7	0.69300		mirror		dx+	1.00	-109	159	 0	 0
4.15	3.75	 7	0.69300		mirror		dy+	1.00	-109	159	 0	 0
4.15	3.75	 7	0.69300		mirror		dz+	1.00	-109	159	-1	 9
4.15	3.75	 7	0.69300		mirror		tx+	0.01	-109	159	107	-329
4.15	3.75	 7	0.69300		mirror		ty+	0.01	-109	159	333	-177
4.15	3.75	 7	0.69300		mirror		tz+	0.01	-109	159	 0	 0
4.15	3.75	 8	0.53033		mirror		dx+	1.00	-91	 2	 0	 0
4.15	3.75	 8	0.53033		mirror		dy+	1.00	-91	 2	 0	 0
4.15	3.75	 8	0.53033		mirror		dz+	1.00	-91	 2	 1	 6
4.15	3.75	 8	0.53033		mirror		tx+	0.01	-91	 2	 0	-219
4.15	3.75	 8	0.53033		mirror		ty+	0.01	-91	 2	255	-108
4.15	3.75	 8	0.53033		mirror		tz+	0.01	-91	 2	 0	 0
4.15	3.75	 8	0.54801		mirror		dx+	1.00	-91	33	 0	 0
4.15	3.75	 8	0.54801		mirror		dy+	1.00	-91	33	 0	 0
4.15	3.75	 8	0.54801		mirror		dz+	1.00	-91	33	 1	 6
4.15	3.75	 8	0.54801		mirror		tx+	0.01	-91	33	15	-232
4.15	3.75	 8	0.54801		mirror		ty+	0.01	-91	33	263	-116
4.15	3.75	 8	0.54801		mirror		tz+	0.01	-91	33	 0	 0
4.15	3.75	 8	0.56569		mirror		dx+	1.00	-93	67	 0	 0
4.15	3.75	 8	0.56569		mirror		dy+	1.00	-93	67	 0	 0
4.15	3.75	 8	0.56569		mirror		dz+	1.00	-93	67	 0	 7
4.15	3.75	 8	0.56569		mirror		tx+	0.01	-93	67	34	-250
4.15	3.75	 8	0.56569		mirror		ty+	0.01	-93	67	276	-128
4.15	3.75	 8	0.56569		mirror		tz+	0.01	-93	67	 0	 0
4.15	3.75	 8	0.58337		mirror		dx+	1.00	-99	105	 0	 0
4.15	3.75	 8	0.58337		mirror		dy+	1.00	-99	105	 0	 0
4.15	3.75	 8	0.58337		mirror		dz+	1.00	-99	105	 0	 7
4.15	3.75	 8	0.58337		mirror		tx+	0.01	-99	105	59	-276
4.15	3.75	 8	0.58337		mirror		ty+	0.01	-99	105	295	-144
4.15	3.75	 8	0.58337		mirror		tz+	0.01	-99	105	 0	 0
4.15	3.75	 8	0.60104		mirror		dx+	1.00	-109	146	 0	 0
4.15	3.75	 8	0.60104		mirror		dy+	1.00	-109	146	 0	 0
4.15	3.75	 8	0.60104		mirror		dz+	1.00	-109	146	 0	 9
4.15	3.75	 8	0.60104		mirror		tx+	0.01	-109	146	96	-315
4.15	3.75	 8	0.60104		mirror		ty+	0.01	-109	146	326	-169
4.15	3.75	 8	0.60104		mirror		tz+	0.01	-109	146	 0	 0
2.08	3.75	 5	0.81459		mirror		dx+	1.00	-27	-63	 0	 0
2.08	3.75	 5	0.81459		mirror		dy+	1.00	-27	-63	 0	 0
2.08	3.75	 5	0.81459		mirror		dz+	1.00	-27	-63	 1	 5
2.08	3.75	 5	0.81459		mirror		tx+	0.01	-27	-63	-20	-201
2.08	3.75	 5	0.81459		mirror		ty+	0.01	-27	-63	212	-86
2.08	3.75	 5	0.81459		mirror		tz+	0.01	-27	-63	 0	 0
2.08	3.75	 5	0.85984		mirror		dx+	1.00	-23	-16	 0	 0
2.08	3.75	 5	0.85984		mirror		dy+	1.00	-23	-16	 0	 0
2.08	3.75	 5	0.85984		mirror		dz+	1.00	-23	-16	 0	 6
2.08	3.75	 5	0.85984		mirror		tx+	0.01	-23	-16	-5	-212
2.08	3.75	 5	0.85984		mirror		ty+	0.01	-23	-16	216	-92
2.08	3.75	 5	0.85984		mirror		tz+	0.01	-23	-16	 0	 0
2.08	3.75	 5	0.90510		mirror		dx+	1.00	-24	34	 0	 0
2.08	3.75	 5	0.90510		mirror		dy+	1.00	-24	34	 0	 0
2.08	3.75	 5	0.90510		mirror		dz+	1.00	-24	34	 0	 6
2.08	3.75	 5	0.90510		mirror		tx+	0.01	-24	34	12	-231
2.08	3.75	 5	0.90510		mirror		ty+	0.01	-24	34	224	-100
2.08	3.75	 5	0.90510		mirror		tz+	0.01	-24	34	 0	 0
2.08	3.75	 5	0.95035		mirror		dx+	1.00	-29	90	 0	 0
2.08	3.75	 5	0.95035		mirror		dy+	1.00	-29	90	 0	 0
2.08	3.75	 5	0.95035		mirror		dz+	1.00	-29	90	 0	 7
2.08	3.75	 5	0.95035		mirror		tx+	0.01	-29	90	37	-261
2.08	3.75	 5	0.95035		mirror		ty+	0.01	-29	90	240	-115
2.08	3.75	 5	0.95035		mirror		tz+	0.01	-29	90	 0	 0
2.08	3.75	 5	0.99561		mirror		dx+	1.00	-41	155	 0	 0
2.08	3.75	 5	0.99561		mirror		dy+	1.00	-41	155	 0	 0
2.08	3.75	 5	0.99561		mirror		dz+	1.00	-41	155	-1	 9
2.08	3.75	 5	0.99561		mirror		tx+	0.01	-41	155	79	-317
2.08	3.75	 5	0.99561		mirror		ty+	0.01	-41	155	270	-144
2.08	3.75	 5	0.99561		mirror		tz+	0.01	-41	155	 0	 0
2.08	3.75	 6	0.69140		mirror		dx+	1.00	-28	-47	 0	 0
2.08	3.75	 6	0.69140		mirror		dy+	1.00	-28	-47	 0	 0
2.08	3.75	 6	0.69140		mirror		dz+	1.00	-28	-47	 1	 6
2.08	3.75	 6	0.69140		mirror		tx+	0.01	-28	-47	-15	-205
2.08	3.75	 6	0.69140		mirror		ty+	0.01	-28	-47	215	-88
2.08	3.75	 6	0.69140		mirror		tz+	0.01	-28	-47	 0	 0
2.08	3.75	 6	0.72282		mirror		dx+	1.00	-26	-7	 0	 0
2.08	3.75	 6	0.72282		mirror		dy+	1.00	-26	-7	 0	 0
2.08	3.75	 6	0.72282		mirror		dz+	1.00	-26	-7	 0	 6
2.08	3.75	 6	0.72282		mirror		tx+	0.01	-26	-7	-2	-215
2.08	3.75	 6	0.72282		mirror		ty+	0.01	-26	-7	218	-93
2.08	3.75	 6	0.72282		mirror		tz+	0.01	-26	-7	 0	 0
2.08	3.75	 6	0.75425		mirror		dx+	1.00	-26	35	 0	 0
2.08	3.75	 6	0.75425		mirror		dy+	1.00	-26	35	 0	 0
2.08	3.75	 6	0.75425		mirror		dz+	1.00	-26	35	 0	 6
2.08	3.75	 6	0.75425		mirror		tx+	0.01	-26	35	12	-231
2.08	3.75	 6	0.75425		mirror		ty+	0.01	-26	35	226	-101
2.08	3.75	 6	0.75425		mirror		tz+	0.01	-26	35	 0	 0
2.08	3.75	 6	0.78568		mirror		dx+	1.00	-30	81	 0	 0
2.08	3.75	 6	0.78568		mirror		dy+	1.00	-30	81	 0	 0
2.08	3.75	 6	0.78568		mirror		dz+	1.00	-30	81	 0	 7
2.08	3.75	 6	0.78568		mirror		tx+	0.01	-30	81	33	-256
2.08	3.75	 6	0.78568		mirror		ty+	0.01	-30	81	238	-113
2.08	3.75	 6	0.78568		mirror		tz+	0.01	-30	81	 0	 0
2.08	3.75	 6	0.81710		mirror		dx+	1.00	-38	132	 0	 0
2.08	3.75	 6	0.81710		mirror		dy+	1.00	-38	132	 0	 0
2.08	3.75	 6	0.81710		mirror		dz+	1.00	-38	132	-1	 8
2.08	3.75	 6	0.81710		mirror		tx+	0.01	-38	132	63	-295
2.08	3.75	 6	0.81710		mirror		ty+	0.01	-38	132	259	-133
2.08	3.75	 6	0.81710		mirror		tz+	0.01	-38	132	 0	 0
2.08	3.75	 7	0.60000		mirror		dx+	1.00	-31	-35	 0	 0
2.08	3.75	 7	0.60000		mirror		dy+	1.00	-31	-35	 0	 0
2.08	3.75	 7	0.60000		mirror		dz+	1.00	-31	-35	 1	 6
2.08	3.75	 7	0.60000		mirror		tx+	0.01	-31	-35	-12	-207
2.08	3.75	 7	0.60000		mirror		ty+	0.01	-31	-35	217	-90
2.08	3.75	 7	0.60000		mirror		tz+	0.01	-31	-35	 0	 0
2.08	3.75	 7	0.62325		mirror		dx+	1.00	-29	-1	 0	 0
2.08	3.75	 7	0.62325		mirror		dy+	1.00	-29	-1	 0	 0
2.08	3.75	 7	0.62325		mirror		dz+	1.00	-29	-1	 0	 6
2.08	3.75	 7	0.62325		mirror		tx+	0.01	-29	-1	 0	-217
2.08	3.75	 7	0.62325		mirror		ty+	0.01	-29	-1	221	-95
2.08	3.75	 7	0.62325		mirror		tz+	0.01	-29	-1	 0	 0
2.08	3.75	 7	0.64650		mirror		dx+	1.00	-29	36	 0	 0
2.08	3.75	 7	0.64650		mirror		dy+	1.00	-29	36	 0	 0
2.08	3.75	 7	0.64650		mirror		dz+	1.00	-29	36	 0	 6
2.08	3.75	 7	0.64650		mirror		tx+	0.01	-29	36	13	-231
2.08	3.75	 7	0.64650		mirror		ty+	0.01	-29	36	227	-102
2.08	3.75	 7	0.64650		mirror		tz+	0.01	-29	36	 0	 0
2.08	3.75	 7	0.66975		mirror		dx+	1.00	-32	75	 0	 0
2.08	3.75	 7	0.66975		mirror		dy+	1.00	-32	75	 0	 0
2.08	3.75	 7	0.66975		mirror		dz+	1.00	-32	75	 0	 7
2.08	3.75	 7	0.66975		mirror		tx+	0.01	-32	75	30	-252
2.08	3.75	 7	0.66975		mirror		ty+	0.01	-32	75	238	-112
2.08	3.75	 7	0.66975		mirror		tz+	0.01	-32	75	 0	 0
2.08	3.75	 7	0.69300		mirror		dx+	1.00	-38	118	 0	 0
2.08	3.75	 7	0.69300		mirror		dy+	1.00	-38	118	 0	 0
2.08	3.75	 7	0.69300		mirror		dz+	1.00	-38	118	 0	 8
2.08	3.75	 7	0.69300		mirror		tx+	0.01	-38	118	54	-283
2.08	3.75	 7	0.69300		mirror		ty+	0.01	-38	118	254	-128
2.08	3.75	 7	0.69300		mirror		tz+	0.01	-38	118	 0	 0
2.08	3.75	 8	0.53033		mirror		dx+	1.00	-34	-26	 0	 0
2.08	3.75	 8	0.53033		mirror		dy+	1.00	-34	-26	 0	 0
2.08	3.75	 8	0.53033		mirror		dz+	1.00	-34	-26	 0	 6
2.08	3.75	 8	0.53033		mirror		tx+	0.01	-34	-26	-9	-210
2.08	3.75	 8	0.53033		mirror		ty+	0.01	-34	-26	220	-92
2.08	3.75	 8	0.53033		mirror		tz+	0.01	-34	-26	 0	 0
2.08	3.75	 8	0.54801		mirror		dx+	1.00	-32	 5	 0	 0
2.08	3.75	 8	0.54801		mirror		dy+	1.00	-32	 5	 0	 0
2.08	3.75	 8	0.54801		mirror		dz+	1.00	-32	 5	 0	 6
2.08	3.75	 8	0.54801		mirror		tx+	0.01	-32	 5	 1	-219
2.08	3.75	 8	0.54801		mirror		ty+	0.01	-32	 5	223	-96
2.08	3.75	 8	0.54801		mirror		tz+	0.01	-32	 5	 0	 0
2.08	3.75	 8	0.56569		mirror		dx+	1.00	-32	36	 0	 0
2.08	3.75	 8	0.56569		mirror		dy+	1.00	-32	36	 0	 0
2.08	3.75	 8	0.56569		mirror		dz+	1.00	-32	36	 0	 6
2.08	3.75	 8	0.56569		mirror		tx+	0.01	-32	36	13	-232
2.08	3.75	 8	0.56569		mirror		ty+	0.01	-32	36	229	-103
2.08	3.75	 8	0.56569		mirror		tz+	0.01	-32	36	 0	 0
2.08	3.75	 8	0.58337		mirror		dx+	1.00	-34	70	 0	 0
2.08	3.75	 8	0.58337		mirror		dy+	1.00	-34	70	 0	 0
2.08	3.75	 8	0.58337		mirror		dz+	1.00	-34	70	 0	 7
2.08	3.75	 8	0.58337		mirror		tx+	0.01	-34	70	28	-250
2.08	3.75	 8	0.58337		mirror		ty+	0.01	-34	70	238	-111
2.08	3.75	 8	0.58337		mirror		tz+	0.01	-34	70	 0	 0
2.08	3.75	 8	0.60104		mirror		dx+	1.00	-39	107	 0	 0
2.08	3.75	 8	0.60104		mirror		dy+	1.00	-39	107	 0	 0
2.08	3.75	 8	0.60104		mirror		dz+	1.00	-39	107	 0	 8
2.08	3.75	 8	0.60104		mirror		tx+	0.01	-39	107	48	-274
2.08	3.75	 8	0.60104		mirror		ty+	0.01	-39	107	251	-124
2.08	3.75	 8	0.60104		mirror		tz+	0.01	-39	107	 0	 0
0.00	3.75	 5	0.81459		mirror		dx+	1.00	22	-84	 0	 0
0.00	3.75	 5	0.81459		mirror		dy+	1.00	22	-84	 0	 0
0.00	3.75	 5	0.81459		mirror		dz+	1.00	22	-84	 0	 5
0.00	3.75	 5	0.81459		mirror		tx+	0.01	22	-84	-22	-199
0.00	3.75	 5	0.81459		mirror		ty+	0.01	22	-84	196	-78
0.00	3.75	 5	0.81459		mirror		tz+	0.01	22	-84	 0	 0
0.00	3.75	 5	0.85984		mirror		dx+	1.00	27	-38	 0	 0
0.00	3.75	 5	0.85984		mirror		dy+	1.00	27	-38	 0	 0
0.00	3.75	 5	0.85984		mirror		dz+	1.00	27	-38	 0	 6
0.00	3.75	 5	0.85984		mirror		tx+	0.01	27	-38	-10	-207
0.00	3.75	 5	0.85984		mirror		ty+	0.01	27	-38	198	-81
0.00	3.75	 5	0.85984		mirror		tz+	0.01	27	-38	 0	 0
0.00	3.75	 5	0.90510		mirror		dx+	1.00	28	11	 0	 0
0.00	3.75	 5	0.90510		mirror		dy+	1.00	28	11	 0	 0
0.00	3.75	 5	0.90510		mirror		dz+	1.00	28	11	 0	 6
0.00	3.75	 5	0.90510		mirror		tx+	0.01	28	11	 2	-221
0.00	3.75	 5	0.90510		mirror		ty+	0.01	28	11	203	-85
0.00	3.75	 5	0.90510		mirror		tz+	0.01	28	11	 0	 0
0.00	3.75	 5	0.95035		mirror		dx+	1.00	26	63	 0	 0
0.00	3.75	 5	0.95035		mirror		dy+	1.00	26	63	 0	 0
0.00	3.75	 5	0.95035		mirror		dz+	1.00	26	63	 0	 7
0.00	3.75	 5	0.95035		mirror		tx+	0.01	26	63	20	-245
0.00	3.75	 5	0.95035		mirror		ty+	0.01	26	63	211	-94
0.00	3.75	 5	0.95035		mirror		tz+	0.01	26	63	 0	 0
0.00	3.75	 5	0.99561		mirror		dx+	1.00	19	123	 0	 0
0.00	3.75	 5	0.99561		mirror		dy+	1.00	19	123	 0	 0
0.00	3.75	 5	0.99561		mirror		dz+	1.00	19	123	-1	 8
0.00	3.75	 5	0.99561		mirror		tx+	0.01	19	123	46	-284
0.00	3.75	 5	0.99561		mirror		ty+	0.01	19	123	227	-110
0.00	3.75	 5	0.99561		mirror		tz+	0.01	19	123	 0	 0
0.00	3.75	 6	0.69140		mirror		dx+	1.00	22	-68	 0	 0
0.00	3.75	 6	0.69140		mirror		dy+	1.00	22	-68	 0	 0
0.00	3.75	 6	0.69140		mirror		dz+	1.00	22	-68	 0	 6
0.00	3.75	 6	0.69140		mirror		tx+	0.01	22	-68	-18	-201
0.00	3.75	 6	0.69140		mirror		ty+	0.01	22	-68	198	-79
0.00	3.75	 6	0.69140		mirror		tz+	0.01	22	-68	 0	 0
0.00	3.75	 6	0.72282		mirror		dx+	1.00	25	-29	 0	 0
0.00	3.75	 6	0.72282		mirror		dy+	1.00	25	-29	 0	 0
0.00	3.75	 6	0.72282		mirror		dz+	1.00	25	-29	 0	 6
0.00	3.75	 6	0.72282		mirror		tx+	0.01	25	-29	-8	-209
0.00	3.75	 6	0.72282		mirror		ty+	0.01	25	-29	199	-82
0.00	3.75	 6	0.72282		mirror		tz+	0.01	25	-29	 0	 0
0.00	3.75	 6	0.75425		mirror		dx+	1.00	26	11	 0	 0
0.00	3.75	 6	0.75425		mirror		dy+	1.00	26	11	 0	 0
0.00	3.75	 6	0.75425		mirror		dz+	1.00	26	11	 0	 6
0.00	3.75	 6	0.75425		mirror		tx+	0.01	26	11	 3	-222
0.00	3.75	 6	0.75425		mirror		ty+	0.01	26	11	203	-86
0.00	3.75	 6	0.75425		mirror		tz+	0.01	26	11	 0	 0
0.00	3.75	 6	0.78568		mirror		dx+	1.00	25	55	 0	 0
0.00	3.75	 6	0.78568		mirror		dy+	1.00	25	55	 0	 0
0.00	3.75	 6	0.78568		mirror		dz+	1.00	25	55	 0	 7
0.00	3.75	 6	0.78568		mirror		tx+	0.01	25	55	17	-240
0.00	3.75	 6	0.78568		mirror		ty+	0.01	25	55	210	-93
0.00	3.75	 6	0.78568		mirror		tz+	0.01	25	55	 0	 0
0.00	3.75	 6	0.81710		mirror		dx+	1.00	20	102	 0	 0
0.00	3.75	 6	0.81710		mirror		dy+	1.00	20	102	 0	 0
0.00	3.75	 6	0.81710		mirror		dz+	1.00	20	102	-1	 8
0.00	3.75	 6	0.81710		mirror		tx+	0.01	20	102	36	-269
0.00	3.75	 6	0.81710		mirror		ty+	0.01	20	102	221	-104
0.00	3.75	 6	0.81710		mirror		tz+	0.01	20	102	 0	 0
0.00	3.75	 7	0.60000		mirror		dx+	1.00	20	-57	 0	 0
0.00	3.75	 7	0.60000		mirror		dy+	1.00	20	-57	 0	 0
0.00	3.75	 7	0.60000		mirror		dz+	1.00	20	-57	 0	 6
0.00	3.75	 7	0.60000		mirror		tx+	0.01	20	-57	-15	-203
0.00	3.75	 7	0.60000		mirror		ty+	0.01	20	-57	199	-80
0.00	3.75	 7	0.60000		mirror		tz+	0.01	20	-57	 0	 0
0.00	3.75	 7	0.62325		mirror		dx+	1.00	22	-23	 0	 0
0.00	3.75	 7	0.62325		mirror		dy+	1.00	22	-23	 0	 0
0.00	3.75	 7	0.62325		mirror		dz+	1.00	22	-23	 0	 6
0.00	3.75	 7	0.62325		mirror		tx+	0.01	22	-23	-6	-211
0.00	3.75	 7	0.62325		mirror		ty+	0.01	22	-23	201	-83
0.00	3.75	 7	0.62325		mirror		tz+	0.01	22	-23	 0	 0
0.00	3.75	 7	0.64650		mirror		dx+	1.00	23	12	 0	 0
0.00	3.75	 7	0.64650		mirror		dy+	1.00	23	12	 0	 0
0.00	3.75	 7	0.64650		mirror		dz+	1.00	23	12	 0	 6
0.00	3.75	 7	0.64650		mirror		tx+	0.01	23	12	 3	-222
0.00	3.75	 7	0.64650		mirror		ty+	0.01	23	12	204	-86
0.00	3.75	 7	0.64650		mirror		tz+	0.01	23	12	 0	 0
0.00	3.75	 7	0.66975		mirror		dx+	1.00	22	49	 0	 0
0.00	3.75	 7	0.66975		mirror		dy+	1.00	22	49	 0	 0
0.00	3.75	 7	0.66975		mirror		dz+	1.00	22	49	 0	 7
0.00	3.75	 7	0.66975		mirror		tx+	0.01	22	49	15	-237
0.00	3.75	 7	0.66975		mirror		ty+	0.01	22	49	210	-92
0.00	3.75	 7	0.66975		mirror		tz+	0.01	22	49	 0	 0
0.00	3.75	 7	0.69300		mirror		dx+	1.00	19	89	 0	 0
0.00	3.75	 7	0.69300		mirror		dy+	1.00	19	89	 0	 0
0.00	3.75	 7	0.69300		mirror		dz+	1.00	19	89	 0	 8
0.00	3.75	 7	0.69300		mirror		tx+	0.01	19	89	31	-260
0.00	3.75	 7	0.69300		mirror		ty+	0.01	19	89	219	-101
0.00	3.75	 7	0.69300		mirror		tz+	0.01	19	89	 0	 0
0.00	3.75	 8	0.53033		mirror		dx+	1.00	17	-48	 0	 0
0.00	3.75	 8	0.53033		mirror		dy+	1.00	17	-48	 0	 0
0.00	3.75	 8	0.53033		mirror		dz+	1.00	17	-48	 0	 6
0.00	3.75	 8	0.53033		mirror		tx+	0.01	17	-48	-13	-205
0.00	3.75	 8	0.53033		mirror		ty+	0.01	17	-48	200	-81
0.00	3.75	 8	0.53033		mirror		tz+	0.01	17	-48	 0	 0
0.00	3.75	 8	0.54801		mirror		dx+	1.00	19	-18	 0	 0
0.00	3.75	 8	0.54801		mirror		dy+	1.00	19	-18	 0	 0
0.00	3.75	 8	0.54801		mirror		dz+	1.00	19	-18	 0	 6
0.00	3.75	 8	0.54801		mirror		tx+	0.01	19	-18	-5	-212
0.00	3.75	 8	0.54801		mirror		ty+	0.01	19	-18	202	-84
0.00	3.75	 8	0.54801		mirror		tz+	0.01	19	-18	 0	 0
0.00	3.75	 8	0.56569		mirror		dx+	1.00	20	12	 0	 0
0.00	3.75	 8	0.56569		mirror		dy+	1.00	20	12	 0	 0
0.00	3.75	 8	0.56569		mirror		dz+	1.00	20	12	 0	 6
0.00	3.75	 8	0.56569		mirror		tx+	0.01	20	12	 3	-222
0.00	3.75	 8	0.56569		mirror		ty+	0.01	20	12	205	-87
0.00	3.75	 8	0.56569		mirror		tz+	0.01	20	12	 0	 0
0.00	3.75	 8	0.58337		mirror		dx+	1.00	20	44	 0	 0
0.00	3.75	 8	0.58337		mirror		dy+	1.00	20	44	 0	 0
0.00	3.75	 8	0.58337		mirror		dz+	1.00	20	44	 0	 7
0.00	3.75	 8	0.58337		mirror		tx+	0.01	20	44	14	-235
0.00	3.75	 8	0.58337		mirror		ty+	0.01	20	44	210	-92
0.00	3.75	 8	0.58337		mirror		tz+	0.01	20	44	 0	 0
0.00	3.75	 8	0.60104		mirror		dx+	1.00	18	79	 0	 0
0.00	3.75	 8	0.60104		mirror		dy+	1.00	18	79	 0	 0
0.00	3.75	 8	0.60104		mirror		dz+	1.00	18	79	 0	 7
0.00	3.75	 8	0.60104		mirror		tx+	0.01	18	79	27	-254
0.00	3.75	 8	0.60104		mirror		ty+	0.01	18	79	217	-99
0.00	3.75	 8	0.60104		mirror		tz+	0.01	18	79	 0	 0
-2.08	3.75	 5	0.81459		mirror		dx+	1.00	69	-101	 0	 0
-2.08	3.75	 5	0.81459		mirror		dy+	1.00	69	-101	 0	 0
-2.08	3.75	 5	0.81459		mirror		dz+	1.00	69	-101	 0	 5
-2.08	3.75	 5	0.81459		mirror		tx+	0.01	69	-101	-22	-197
-2.08	3.75	 5	0.81459		mirror		ty+	0.01	69	-101	188	-73
-2.08	3.75	 5	0.81459		mirror		tz+	0.01	69	-101	 0	 0
-2.08	3.75	 5	0.85984		mirror		dx+	1.00	74	-55	 0	 0
-2.08	3.75	 5	0.85984		mirror		dy+	1.00	74	-55	 0	 0
-2.08	3.75	 5	0.85984		mirror		dz+	1.00	74	-55	 0	 6
-2.08	3.75	 5	0.85984		mirror		tx+	0.01	74	-55	-12	-204
-2.08	3.75	 5	0.85984		mirror		ty+	0.01	74	-55	188	-73
-2.08	3.75	 5	0.85984		mirror		tz+	0.01	74	-55	 0	 0
-2.08	3.75	 5	0.90510		mirror		dx+	1.00	76	-8	 0	 0
-2.08	3.75	 5	0.90510		mirror		dy+	1.00	76	-8	 0	 0
-2.08	3.75	 5	0.90510		mirror		dz+	1.00	76	-8	 0	 6
-2.08	3.75	 5	0.90510		mirror		tx+	0.01	76	-8	-2	-216
-2.08	3.75	 5	0.90510		mirror		ty+	0.01	76	-8	191	-75
-2.08	3.75	 5	0.90510		mirror		tz+	0.01	76	-8	 0	 0
-2.08	3.75	 5	0.95035		mirror		dx+	1.00	75	43	 0	 0
-2.08	3.75	 5	0.95035		mirror		dy+	1.00	75	43	 0	 0
-2.08	3.75	 5	0.95035		mirror		dz+	1.00	75	43	 0	 7
-2.08	3.75	 5	0.95035		mirror		tx+	0.01	75	43	11	-235
-2.08	3.75	 5	0.95035		mirror		ty+	0.01	75	43	196	-80
-2.08	3.75	 5	0.95035		mirror		tz+	0.01	75	43	 0	 0
-2.08	3.75	 5	0.99561		mirror		dx+	1.00	71	100	 0	 0
-2.08	3.75	 5	0.99561		mirror		dy+	1.00	71	100	 0	 0
-2.08	3.75	 5	0.99561		mirror		dz+	1.00	71	100	-1	 8
-2.08	3.75	 5	0.99561		mirror		tx+	0.01	71	100	29	-267
-2.08	3.75	 5	0.99561		mirror		ty+	0.01	71	100	205	-89
-2.08	3.75	 5	0.99561		mirror		tz+	0.01	71	100	 0	 0
-2.08	3.75	 6	0.69140		mirror		dx+	1.00	68	-86	 0	 0
-2.08	3.75	 6	0.69140		mirror		dy+	1.00	68	-86	 0	 0
-2.08	3.75	 6	0.69140		mirror		dz+	1.00	68	-86	 0	 6
-2.08	3.75	 6	0.69140		mirror		tx+	0.01	68	-86	-19	-199
-2.08	3.75	 6	0.69140		mirror		ty+	0.01	68	-86	188	-73
-2.08	3.75	 6	0.69140		mirror		tz+	0.01	68	-86	 0	 0
-2.08	3.75	 6	0.72282		mirror		dx+	1.00	72	-47	 0	 0
-2.08	3.75	 6	0.72282		mirror		dy+	1.00	72	-47	 0	 0
-2.08	3.75	 6	0.72282		mirror		dz+	1.00	72	-47	 0	 6
-2.08	3.75	 6	0.72282		mirror		tx+	0.01	72	-47	-11	-206
-2.08	3.75	 6	0.72282		mirror		ty+	0.01	72	-47	189	-73
-2.08	3.75	 6	0.72282		mirror		tz+	0.01	72	-47	 0	 0
-2.08	3.75	 6	0.75425		mirror		dx+	1.00	74	-7	 0	 0
-2.08	3.75	 6	0.75425		mirror		dy+	1.00	74	-7	 0	 0
-2.08	3.75	 6	0.75425		mirror		dz+	1.00	74	-7	 0	 6
-2.08	3.75	 6	0.75425		mirror		tx+	0.01	74	-7	-1	-216
-2.08	3.75	 6	0.75425		mirror		ty+	0.01	74	-7	191	-75
-2.08	3.75	 6	0.75425		mirror		tz+	0.01	74	-7	 0	 0
-2.08	3.75	 6	0.78568		mirror		dx+	1.00	74	35	 0	 0
-2.08	3.75	 6	0.78568		mirror		dy+	1.00	74	35	 0	 0
-2.08	3.75	 6	0.78568		mirror		dz+	1.00	74	35	 0	 7
-2.08	3.75	 6	0.78568		mirror		tx+	0.01	74	35	 8	-232
-2.08	3.75	 6	0.78568		mirror		ty+	0.01	74	35	195	-79
-2.08	3.75	 6	0.78568		mirror		tz+	0.01	74	35	 0	 0
-2.08	3.75	 6	0.81710		mirror		dx+	1.00	71	81	 0	 0
-2.08	3.75	 6	0.81710		mirror		dy+	1.00	71	81	 0	 0
-2.08	3.75	 6	0.81710		mirror		dz+	1.00	71	81	-1	 8
-2.08	3.75	 6	0.81710		mirror		tx+	0.01	71	81	22	-255
-2.08	3.75	 6	0.81710		mirror		ty+	0.01	71	81	202	-86
-2.08	3.75	 6	0.81710		mirror		tz+	0.01	71	81	 0	 0
-2.08	3.75	 7	0.60000		mirror		dx+	1.00	67	-75	 0	 0
-2.08	3.75	 7	0.60000		mirror		dy+	1.00	67	-75	 0	 0
-2.08	3.75	 7	0.60000		mirror		dz+	1.00	67	-75	 0	 6
-2.08	3.75	 7	0.60000		mirror		tx+	0.01	67	-75	-17	-201
-2.08	3.75	 7	0.60000		mirror		ty+	0.01	67	-75	189	-73
-2.08	3.75	 7	0.60000		mirror		tz+	0.01	67	-75	 0	 0
-2.08	3.75	 7	0.62325		mirror		dx+	1.00	70	-42	 0	 0
-2.08	3.75	 7	0.62325		mirror		dy+	1.00	70	-42	 0	 0
-2.08	3.75	 7	0.62325		mirror		dz+	1.00	70	-42	 0	 6
-2.08	3.75	 7	0.62325		mirror		tx+	0.01	70	-42	-9	-207
-2.08	3.75	 7	0.62325		mirror		ty+	0.01	70	-42	190	-74
-2.08	3.75	 7	0.62325		mirror		tz+	0.01	70	-42	 0	 0
-2.08	3.75	 7	0.64650		mirror		dx+	1.00	71	-7	 0	 0
-2.08	3.75	 7	0.64650		mirror		dy+	1.00	71	-7	 0	 0
-2.08	3.75	 7	0.64650		mirror		dz+	1.00	71	-7	 0	 6
-2.08	3.75	 7	0.64650		mirror		tx+	0.01	71	-7	-1	-216
-2.08	3.75	 7	0.64650		mirror		ty+	0.01	71	-7	192	-76
-2.08	3.75	 7	0.64650		mirror		tz+	0.01	71	-7	 0	 0
-2.08	3.75	 7	0.66975		mirror		dx+	1.00	72	29	 0	 0
-2.08	3.75	 7	0.66975		mirror		dy+	1.00	72	29	 0	 0
-2.08	3.75	 7	0.66975		mirror		dz+	1.00	72	29	 0	 7
-2.08	3.75	 7	0.66975		mirror		tx+	0.01	72	29	 7	-229
-2.08	3.75	 7	0.66975		mirror		ty+	0.01	72	29	195	-79
-2.08	3.75	 7	0.66975		mirror		tz+	0.01	72	29	 0	 0
-2.08	3.75	 7	0.69300		mirror		dx+	1.00	70	68	 0	 0
-2.08	3.75	 7	0.69300		mirror		dy+	1.00	70	68	 0	 0
-2.08	3.75	 7	0.69300		mirror		dz+	1.00	70	68	-1	 7
-2.08	3.75	 7	0.69300		mirror		tx+	0.01	70	68	18	-247
-2.08	3.75	 7	0.69300		mirror		ty+	0.01	70	68	200	-84
-2.08	3.75	 7	0.69300		mirror		tz+	0.01	70	68	 0	 0
-2.08	3.75	 8	0.53033		mirror		dx+	1.00	64	-66	 0	 0
-2.08	3.75	 8	0.53033		mirror		dy+	1.00	64	-66	 0	 0
-2.08	3.75	 8	0.53033		mirror		dz+	1.00	64	-66	 0	 6
-2.08	3.75	 8	0.53033		mirror		tx+	0.01	64	-66	-15	-202
-2.08	3.75	 8	0.53033		mirror		ty+	0.01	64	-66	189	-74
-2.08	3.75	 8	0.53033		mirror		tz+	0.01	64	-66	 0	 0
-2.08	3.75	 8	0.54801		mirror		dx+	1.00	67	-37	 0	 0
-2.08	3.75	 8	0.54801		mirror		dy+	1.00	67	-37	 0	 0
-2.08	3.75	 8	0.54801		mirror		dz+	1.00	67	-37	 0	 6
-2.08	3.75	 8	0.54801		mirror		tx+	0.01	67	-37	-8	-208
-2.08	3.75	 8	0.54801		mirror		ty+	0.01	67	-37	190	-75
-2.08	3.75	 8	0.54801		mirror		tz+	0.01	67	-37	 0	 0
-2.08	3.75	 8	0.56569		mirror		dx+	1.00	69	-7	 0	 0
-2.08	3.75	 8	0.56569		mirror		dy+	1.00	69	-7	 0	 0
-2.08	3.75	 8	0.56569		mirror		dz+	1.00	69	-7	 0	 6
-2.08	3.75	 8	0.56569		mirror		tx+	0.01	69	-7	-1	-216
-2.08	3.75	 8	0.56569		mirror		ty+	0.01	69	-7	192	-76
-2.08	3.75	 8	0.56569		mirror		tz+	0.01	69	-7	 0	 0
-2.08	3.75	 8	0.58337		mirror		dx+	1.00	69	25	 0	 0
-2.08	3.75	 8	0.58337		mirror		dy+	1.00	69	25	 0	 0
-2.08	3.75	 8	0.58337		mirror		dz+	1.00	69	25	 0	 7
-2.08	3.75	 8	0.58337		mirror		tx+	0.01	69	25	 6	-227
-2.08	3.75	 8	0.58337		mirror		ty+	0.01	69	25	195	-79
-2.08	3.75	 8	0.58337		mirror		tz+	0.01	69	25	 0	 0
-2.08	3.75	 8	0.60104		mirror		dx+	1.00	68	58	 0	 0
-2.08	3.75	 8	0.60104		mirror		dy+	1.00	68	58	 0	 0
-2.08	3.75	 8	0.60104		mirror		dz+	1.00	68	58	-1	 7
-2.08	3.75	 8	0.60104		mirror		tx+	0.01	68	58	15	-242
-2.08	3.75	 8	0.60104		mirror		ty+	0.01	68	58	199	-83
-2.08	3.75	 8	0.60104		mirror		tz+	0.01	68	58	 0	 0
-4.15	3.75	 5	0.81459		mirror		dx+	1.00	114	-115	 0	 0
-4.15	3.75	 5	0.81459		mirror		dy+	1.00	114	-115	 0	 0
-4.15	3.75	 5	0.81459		mirror		dz+	1.00	114	-115	 0	 6
-4.15	3.75	 5	0.81459		mirror		tx+	0.01	114	-115	-21	-197
-4.15	3.75	 5	0.81459		mirror		ty+	0.01	114	-115	183	-68
-4.15	3.75	 5	0.81459		mirror		tz+	0.01	114	-115	 0	 0
-4.15	3.75	 5	0.85984		mirror		dx+	1.00	119	-70	 0	 0
-4.15	3.75	 5	0.85984		mirror		dy+	1.00	119	-70	 0	 0
-4.15	3.75	 5	0.85984		mirror		dz+	1.00	119	-70	 0	 6
-4.15	3.75	 5	0.85984		mirror		tx+	0.01	119	-70	-13	-203
-4.15	3.75	 5	0.85984		mirror		ty+	0.01	119	-70	183	-67
-4.15	3.75	 5	0.85984		mirror		tz+	0.01	119	-70	 0	 0
-4.15	3.75	 5	0.90510		mirror		dx+	1.00	121	-22	 0	 0
-4.15	3.75	 5	0.90510		mirror		dy+	1.00	121	-22	 0	 0
-4.15	3.75	 5	0.90510		mirror		dz+	1.00	121	-22	 0	 6
-4.15	3.75	 5	0.90510		mirror		tx+	0.01	121	-22	-4	-214
-4.15	3.75	 5	0.90510		mirror		ty+	0.01	121	-22	184	-67
-4.15	3.75	 5	0.90510		mirror		tz+	0.01	121	-22	 0	 0
-4.15	3.75	 5	0.95035		mirror		dx+	1.00	122	29	 0	 0
-4.15	3.75	 5	0.95035		mirror		dy+	1.00	122	29	 0	 0
-4.15	3.75	 5	0.95035		mirror		dz+	1.00	122	29	-1	 7
-4.15	3.75	 5	0.95035		mirror		tx+	0.01	122	29	 5	-230
-4.15	3.75	 5	0.95035		mirror		ty+	0.01	122	29	188	-69
-4.15	3.75	 5	0.95035		mirror		tz+	0.01	122	29	 0	 0
-4.15	3.75	 5	0.99561		mirror		dx+	1.00	119	84	 0	 0
-4.15	3.75	 5	0.99561		mirror		dy+	1.00	119	84	 0	 0
-4.15	3.75	 5	0.99561		mirror		dz+	1.00	119	84	-1	 8
-4.15	3.75	 5	0.99561		mirror		tx+	0.01	119	84	19	-257
-4.15	3.75	 5	0.99561		mirror		ty+	0.01	119	84	194	-74
-4.15	3.75	 5	0.99561		mirror		tz+	0.01	119	84	 0	 0
-4.15	3.75	 6	0.69140		mirror		dx+	1.00	114	-100	 0	 0
-4.15	3.75	 6	0.69140		mirror		dy+	1.00	114	-100	 0	 0
-4.15	3.75	 6	0.69140		mirror		dz+	1.00	114	-100	 0	 6
-4.15	3.75	 6	0.69140		mirror		tx+	0.01	114	-100	-18	-199
-4.15	3.75	 6	0.69140		mirror		ty+	0.01	114	-100	183	-68
-4.15	3.75	 6	0.69140		mirror		tz+	0.01	114	-100	 0	 0
-4.15	3.75	 6	0.72282		mirror		dx+	1.00	117	-62	 0	 0
-4.15	3.75	 6	0.72282		mirror		dy+	1.00	117	-62	 0	 0
-4.15	3.75	 6	0.72282		mirror		dz+	1.00	117	-62	 0	 6
-4.15	3.75	 6	0.72282		mirror		tx+	0.01	117	-62	-11	-205
-4.15	3.75	 6	0.72282		mirror		ty+	0.01	117	-62	183	-67
-4.15	3.75	 6	0.72282		mirror		tz+	0.01	117	-62	 0	 0
-4.15	3.75	 6	0.75425		mirror		dx+	1.00	119	-22	 0	 0
-4.15	3.75	 6	0.75425		mirror		dy+	1.00	119	-22	 0	 0
-4.15	3.75	 6	0.75425		mirror		dz+	1.00	119	-22	 0	 6
-4.15	3.75	 6	0.75425		mirror		tx+	0.01	119	-22	-4	-213
-4.15	3.75	 6	0.75425		mirror		ty+	0.01	119	-22	185	-68
-4.15	3.75	 6	0.75425		mirror		tz+	0.01	119	-22	 0	 0
-4.15	3.75	 6	0.78568		mirror		dx+	1.00	120	20	 0	 0
-4.15	3.75	 6	0.78568		mirror		dy+	1.00	120	20	 0	 0
-4.15	3.75	 6	0.78568		mirror		dz+	1.00	120	20	-1	 7
-4.15	3.75	 6	0.78568		mirror		tx+	0.01	120	20	 4	-227
-4.15	3.75	 6	0.78568		mirror		ty+	0.01	120	20	187	-69
-4.15	3.75	 6	0.78568		mirror		tz+	0.01	120	20	 0	 0
-4.15	3.75	 6	0.81710		mirror		dx+	1.00	119	65	 0	 0
-4.15	3.75	 6	0.81710		mirror		dy+	1.00	119	65	 0	 0
-4.15	3.75	 6	0.81710		mirror		dz+	1.00	119	65	-1	 8
-4.15	3.75	 6	0.81710		mirror		tx+	0.01	119	65	14	-246
-4.15	3.75	 6	0.81710		mirror		ty+	0.01	119	65	192	-73
-4.15	3.75	 6	0.81710		mirror		tz+	0.01	119	65	 0	 0
-4.15	3.75	 7	0.60000		mirror		dx+	1.00	112	-89	 0	 0
-4.15	3.75	 7	0.60000		mirror		dy+	1.00	112	-89	 0	 0
-4.15	3.75	 7	0.60000		mirror		dz+	1.00	112	-89	 0	 6
-4.15	3.75	 7	0.60000		mirror		tx+	0.01	112	-89	-17	-200
-4.15	3.75	 7	0.60000		mirror		ty+	0.01	112	-89	183	-68
-4.15	3.75	 7	0.60000		mirror		tz+	0.01	112	-89	 0	 0
-4.15	3.75	 7	0.62325		mirror		dx+	1.00	115	-56	 0	 0
-4.15	3.75	 7	0.62325		mirror		dy+	1.00	115	-56	 0	 0
-4.15	3.75	 7	0.62325		mirror		dz+	1.00	115	-56	 0	 6
-4.15	3.75	 7	0.62325		mirror		tx+	0.01	115	-56	-11	-205
-4.15	3.75	 7	0.62325		mirror		ty+	0.01	115	-56	184	-68
-4.15	3.75	 7	0.62325		mirror		tz+	0.01	115	-56	 0	 0
-4.15	3.75	 7	0.64650		mirror		dx+	1.00	117	-21	 0	 0
-4.15	3.75	 7	0.64650		mirror		dy+	1.00	117	-21	 0	 0
-4.15	3.75	 7	0.64650		mirror		dz+	1.00	117	-21	 0	 6
-4.15	3.75	 7	0.64650		mirror		tx+	0.01	117	-21	-4	-213
-4.15	3.75	 7	0.64650		mirror		ty+	0.01	117	-21	185	-68
-4.15	3.75	 7	0.64650		mirror		tz+	0.01	117	-21	 0	 0
-4.15	3.75	 7	0.66975		mirror		dx+	1.00	118	14	 0	 0
-4.15	3.75	 7	0.66975		mirror		dy+	1.00	118	14	 0	 0
-4.15	3.75	 7	0.66975		mirror		dz+	1.00	118	14	-1	 7
-4.15	3.75	 7	0.66975		mirror		tx+	0.01	118	14	 2	-225
-4.15	3.75	 7	0.66975		mirror		ty+	0.01	118	14	187	-69
-4.15	3.75	 7	0.66975		mirror		tz+	0.01	118	14	 0	 0
-4.15	3.75	 7	0.69300		mirror		dx+	1.00	117	53	 0	 0
-4.15	3.75	 7	0.69300		mirror		dy+	1.00	117	53	 0	 0
-4.15	3.75	 7	0.69300		mirror		dz+	1.00	117	53	-1	 7
-4.15	3.75	 7	0.69300		mirror		tx+	0.01	117	53	11	-240
-4.15	3.75	 7	0.69300		mirror		ty+	0.01	117	53	190	-72
-4.15	3.75	 7	0.69300		mirror		tz+	0.01	117	53	 0	 0
-4.15	3.75	 8	0.53033		mirror		dx+	1.00	110	-80	 0	 0
-4.15	3.75	 8	0.53033		mirror		dy+	1.00	110	-80	 0	 0
-4.15	3.75	 8	0.53033		mirror		dz+	1.00	110	-80	 0	 6
-4.15	3.75	 8	0.53033		mirror		tx+	0.01	110	-80	-15	-201
-4.15	3.75	 8	0.53033		mirror		ty+	0.01	110	-80	183	-68
-4.15	3.75	 8	0.53033		mirror		tz+	0.01	110	-80	 0	 0
-4.15	3.75	 8	0.54801		mirror		dx+	1.00	113	-51	 0	 0
-4.15	3.75	 8	0.54801		mirror		dy+	1.00	113	-51	 0	 0
-4.15	3.75	 8	0.54801		mirror		dz+	1.00	113	-51	 0	 6
-4.15	3.75	 8	0.54801		mirror		tx+	0.01	113	-51	-10	-206
-4.15	3.75	 8	0.54801		mirror		ty+	0.01	113	-51	184	-68
-4.15	3.75	 8	0.54801		mirror		tz+	0.01	113	-51	 0	 0
-4.15	3.75	 8	0.56569		mirror		dx+	1.00	114	-21	 0	 0
-4.15	3.75	 8	0.56569		mirror		dy+	1.00	114	-21	 0	 0
-4.15	3.75	 8	0.56569		mirror		dz+	1.00	114	-21	 0	 6
-4.15	3.75	 8	0.56569		mirror		tx+	0.01	114	-21	-4	-213
-4.15	3.75	 8	0.56569		mirror		ty+	0.01	114	-21	185	-68
-4.15	3.75	 8	0.56569		mirror		tz+	0.01	114	-21	 0	 0
-4.15	3.75	 8	0.58337		mirror		dx+	1.00	115	10	 0	 0
-4.15	3.75	 8	0.58337		mirror		dy+	1.00	115	10	 0	 0
-4.15	3.75	 8	0.58337		mirror		dz+	1.00	115	10	-1	 7
-4.15	3.75	 8	0.58337		mirror		tx+	0.01	115	10	 1	-223
-4.15	3.75	 8	0.58337		mirror		ty+	0.01	115	10	187	-69
-4.15	3.75	 8	0.58337		mirror		tz+	0.01	115	10	 0	 0
-4.15	3.75	 8	0.60104		mirror		dx+	1.00	115	43	 0	 0
-4.15	3.75	 8	0.60104		mirror		dy+	1.00	115	43	 0	 0
-4.15	3.75	 8	0.60104		mirror		dz+	1.00	115	43	-1	 7
-4.15	3.75	 8	0.60104		mirror		tx+	0.01	115	43	 9	-236
-4.15	3.75	 8	0.60104		mirror		ty+	0.01	115	43	190	-71
-4.15	3.75	 8	0.60104		mirror		tz+	0.01	115	43	 0	 0
4.15	4.50	 5	0.81459		mirror		dx+	1.00	-82	-51	 0	 0
4.15	4.50	 5	0.81459		mirror		dy+	1.00	-82	-51	 0	 0
4.15	4.50	 5	0.81459		mirror		dz+	1.00	-82	-51	 2	 5
4.15	4.50	 5	0.81459		mirror		tx+	0.01	-82	-51	-20	-200
4.15	4.50	 5	0.81459		mirror		ty+	0.01	-82	-51	234	-94
4.15	4.50	 5	0.81459		mirror		tz+	0.01	-82	-51	 0	 0
4.15	4.50	 5	0.85984		mirror		dx+	1.00	-79	-3	 0	 0
4.15	4.50	 5	0.85984		mirror		dy+	1.00	-79	-3	 0	 0
4.15	4.50	 5	0.85984		mirror		dz+	1.00	-79	-3	 1	 6
4.15	4.50	 5	0.85984		mirror		tx+	0.01	-79	-3	-1	-212
4.15	4.50	 5	0.85984		mirror		ty+	0.01	-79	-3	241	-102
4.15	4.50	 5	0.85984		mirror		tz+	0.01	-79	-3	 0	 0
4.15	4.50	 5	0.90510		mirror		dx+	1.00	-81	49	 0	 0
4.15	4.50	 5	0.90510		mirror		dy+	1.00	-81	49	 0	 0
4.15	4.50	 5	0.90510		mirror		dz+	1.00	-81	49	 0	 6
4.15	4.50	 5	0.90510		mirror		tx+	0.01	-81	49	22	-234
4.15	4.50	 5	0.90510		mirror		ty+	0.01	-81	49	254	-116
4.15	4.50	 5	0.90510		mirror		tz+	0.01	-81	49	 0	 0
4.15	4.50	 5	0.95035		mirror		dx+	1.00	-89	107	 0	 0
4.15	4.50	 5	0.95035		mirror		dy+	1.00	-89	107	 0	 0
4.15	4.50	 5	0.95035		mirror		dz+	1.00	-89	107	 0	 7
4.15	4.50	 5	0.95035		mirror		tx+	0.01	-89	107	58	-271
4.15	4.50	 5	0.95035		mirror		ty+	0.01	-89	107	281	-139
4.15	4.50	 5	0.95035		mirror		tz+	0.01	-89	107	 0	 0
4.15	4.50	 5	0.99561		mirror		dx+	1.00	-109	178	 0	 0
4.15	4.50	 5	0.99561		mirror		dy+	1.00	-109	178	 0	 0
4.15	4.50	 5	0.99561		mirror		dz+	1.00	-109	178	-2	10
4.15	4.50	 5	0.99561		mirror		tx+	0.01	-109	178	125	-346
4.15	4.50	 5	0.99561		mirror		ty+	0.01	-109	178	337	-186
4.15	4.50	 5	0.99561		mirror		tz+	0.01	-109	178	 0	 0
4.15	4.50	 6	0.69140		mirror		dx+	1.00	-84	-34	 0	 0
4.15	4.50	 6	0.69140		mirror		dy+	1.00	-84	-34	 0	 0
4.15	4.50	 6	0.69140		mirror		dz+	1.00	-84	-34	 1	 5
4.15	4.50	 6	0.69140		mirror		tx+	0.01	-84	-34	-13	-204
4.15	4.50	 6	0.69140		mirror		ty+	0.01	-84	-34	238	-97
4.15	4.50	 6	0.69140		mirror		tz+	0.01	-84	-34	 0	 0
4.15	4.50	 6	0.72282		mirror		dx+	1.00	-82	 6	 0	 0
4.15	4.50	 6	0.72282		mirror		dy+	1.00	-82	 6	 0	 0
4.15	4.50	 6	0.72282		mirror		dz+	1.00	-82	 6	 1	 6
4.15	4.50	 6	0.72282		mirror		tx+	0.01	-82	 6	 2	-216
4.15	4.50	 6	0.72282		mirror		ty+	0.01	-82	 6	245	-105
4.15	4.50	 6	0.72282		mirror		tz+	0.01	-82	 6	 0	 0
4.15	4.50	 6	0.75425		mirror		dx+	1.00	-84	50	 0	 0
4.15	4.50	 6	0.75425		mirror		dy+	1.00	-84	50	 0	 0
4.15	4.50	 6	0.75425		mirror		dz+	1.00	-84	50	 0	 6
4.15	4.50	 6	0.75425		mirror		tx+	0.01	-84	50	23	-234
4.15	4.50	 6	0.75425		mirror		ty+	0.01	-84	50	257	-117
4.15	4.50	 6	0.75425		mirror		tz+	0.01	-84	50	 0	 0
4.15	4.50	 6	0.78568		mirror		dx+	1.00	-90	98	 0	 0
4.15	4.50	 6	0.78568		mirror		dy+	1.00	-90	98	 0	 0
4.15	4.50	 6	0.78568		mirror		dz+	1.00	-90	98	 0	 7
4.15	4.50	 6	0.78568		mirror		tx+	0.01	-90	98	52	-264
4.15	4.50	 6	0.78568		mirror		ty+	0.01	-90	98	278	-135
4.15	4.50	 6	0.78568		mirror		tz+	0.01	-90	98	 0	 0
4.15	4.50	 6	0.81710		mirror		dx+	1.00	-104	154	 0	 0
4.15	4.50	 6	0.81710		mirror		dy+	1.00	-104	154	 0	 0
4.15	4.50	 6	0.81710		mirror		dz+	1.00	-104	154	-1	 9
4.15	4.50	 6	0.81710		mirror		tx+	0.01	-104	154	98	-316
4.15	4.50	 6	0.81710		mirror		ty+	0.01	-104	154	317	-168
4.15	4.50	 6	0.81710		mirror		tz+	0.01	-104	154	 0	 0
4.15	4.50	 7	0.60000		mirror		dx+	1.00	-87	-22	 0	 0
4.15	4.50	 7	0.60000		mirror		dy+	1.00	-87	-22	 0	 0
4.15	4.50	 7	0.60000		mirror		dz+	1.00	-87	-22	 1	 6
4.15	4.50	 7	0.60000		mirror		tx+	0.01	-87	-22	-9	-207
4.15	4.50	 7	0.60000		mirror		ty+	0.01	-87	-22	242	-100
4.15	4.50	 7	0.60000		mirror		tz+	0.01	-87	-22	 0	 0
4.15	4.50	 7	0.62325		mirror		dx+	1.00	-86	13	 0	 0
4.15	4.50	 7	0.62325		mirror		dy+	1.00	-86	13	 0	 0
4.15	4.50	 7	0.62325		mirror		dz+	1.00	-86	13	 1	 6
4.15	4.50	 7	0.62325		mirror		tx+	0.01	-86	13	 5	-218
4.15	4.50	 7	0.62325		mirror		ty+	0.01	-86	13	249	-107
4.15	4.50	 7	0.62325		mirror		tz+	0.01	-86	13	 0	 0
4.15	4.50	 7	0.64650		mirror		dx+	1.00	-87	51	 0	 0
4.15	4.50	 7	0.64650		mirror		dy+	1.00	-87	51	 0	 0
4.15	4.50	 7	0.64650		mirror		dz+	1.00	-87	51	 0	 6
4.15	4.50	 7	0.64650		mirror		tx+	0.01	-87	51	24	-235
4.15	4.50	 7	0.64650		mirror		ty+	0.01	-87	51	260	-118
4.15	4.50	 7	0.64650		mirror		tz+	0.01	-87	51	 0	 0
4.15	4.50	 7	0.66975		mirror		dx+	1.00	-92	92	 0	 0
4.15	4.50	 7	0.66975		mirror		dy+	1.00	-92	92	 0	 0
4.15	4.50	 7	0.66975		mirror		dz+	1.00	-92	92	 0	 7
4.15	4.50	 7	0.66975		mirror		tx+	0.01	-92	92	48	-260
4.15	4.50	 7	0.66975		mirror		ty+	0.01	-92	92	278	-133
4.15	4.50	 7	0.66975		mirror		tz+	0.01	-92	92	 0	 0
4.15	4.50	 7	0.69300		mirror		dx+	1.00	-102	138	 0	 0
4.15	4.50	 7	0.69300		mirror		dy+	1.00	-102	138	 0	 0
4.15	4.50	 7	0.69300		mirror		dz+	1.00	-102	138	 0	 8
4.15	4.50	 7	0.69300		mirror		tx+	0.01	-102	138	85	-300
4.15	4.50	 7	0.69300		mirror		ty+	0.01	-102	138	308	-159
4.15	4.50	 7	0.69300		mirror		tz+	0.01	-102	138	 0	 0
4.15	4.50	 8	0.53033		mirror		dx+	1.00	-91	-12	 0	 0
4.15	4.50	 8	0.53033		mirror		dy+	1.00	-91	-12	 0	 0
4.15	4.50	 8	0.53033		mirror		dz+	1.00	-91	-12	 1	 6
4.15	4.50	 8	0.53033		mirror		tx+	0.01	-91	-12	-5	-210
4.15	4.50	 8	0.53033		mirror		ty+	0.01	-91	-12	247	-102
4.15	4.50	 8	0.53033		mirror		tz+	0.01	-91	-12	 0	 0
4.15	4.50	 8	0.54801		mirror		dx+	1.00	-90	19	 0	 0
4.15	4.50	 8	0.54801		mirror		dy+	1.00	-90	19	 0	 0
4.15	4.50	 8	0.54801		mirror		dz+	1.00	-90	19	 1	 6
4.15	4.50	 8	0.54801		mirror		tx+	0.01	-90	19	 8	-221
4.15	4.50	 8	0.54801		mirror		ty+	0.01	-90	19	253	-109
4.15	4.50	 8	0.54801		mirror		tz+	0.01	-90	19	 0	 0
4.15	4.50	 8	0.56569		mirror		dx+	1.00	-91	52	 0	 0
4.15	4.50	 8	0.56569		mirror		dy+	1.00	-91	52	 0	 0
4.15	4.50	 8	0.56569		mirror		dz+	1.00	-91	52	 0	 6
4.15	4.50	 8	0.56569		mirror		tx+	0.01	-91	52	25	-236
4.15	4.50	 8	0.56569		mirror		ty+	0.01	-91	52	263	-119
4.15	4.50	 8	0.56569		mirror		tz+	0.01	-91	52	 0	 0
4.15	4.50	 8	0.58337		mirror		dx+	1.00	-95	87	 0	 0
4.15	4.50	 8	0.58337		mirror		dy+	1.00	-95	87	 0	 0
4.15	4.50	 8	0.58337		mirror		dz+	1.00	-95	87	 0	 7
4.15	4.50	 8	0.58337		mirror		tx+	0.01	-95	87	46	-257
4.15	4.50	 8	0.58337		mirror		ty+	0.01	-95	87	279	-133
4.15	4.50	 8	0.58337		mirror		tz+	0.01	-95	87	 0	 0
4.15	4.50	 8	0.60104		mirror		dx+	1.00	-103	127	 0	 0
4.15	4.50	 8	0.60104		mirror		dy+	1.00	-103	127	 0	 0
4.15	4.50	 8	0.60104		mirror		dz+	1.00	-103	127	 0	 8
4.15	4.50	 8	0.60104		mirror		tx+	0.01	-103	127	76	-289
4.15	4.50	 8	0.60104		mirror		ty+	0.01	-103	127	303	-153
4.15	4.50	 8	0.60104		mirror		tz+	0.01	-103	127	 0	 0
2.08	4.50	 5	0.81459		mirror		dx+	1.00	-28	-75	 0	 0
2.08	4.50	 5	0.81459		mirror		dy+	1.00	-28	-75	 0	 0
2.08	4.50	 5	0.81459		mirror		dz+	1.00	-28	-75	 1	 5
2.08	4.50	 5	0.81459		mirror		tx+	0.01	-28	-75	-23	-195
2.08	4.50	 5	0.81459		mirror		ty+	0.01	-28	-75	207	-84
2.08	4.50	 5	0.81459		mirror		tz+	0.01	-28	-75	 0	 0
2.08	4.50	 5	0.85984		mirror		dx+	1.00	-24	-29	 0	 0
2.08	4.50	 5	0.85984		mirror		dy+	1.00	-24	-29	 0	 0
2.08	4.50	 5	0.85984		mirror		dz+	1.00	-24	-29	 0	 6
2.08	4.50	 5	0.85984		mirror		tx+	0.01	-24	-29	-9	-204
2.08	4.50	 5	0.85984		mirror		ty+	0.01	-24	-29	210	-88
2.08	4.50	 5	0.85984		mirror		tz+	0.01	-24	-29	 0	 0
2.08	4.50	 5	0.90510		mirror		dx+	1.00	-23	20	 0	 0
2.08	4.50	 5	0.90510		mirror		dy+	1.00	-23	20	 0	 0
2.08	4.50	 5	0.90510		mirror		dz+	1.00	-23	20	 0	 6
2.08	4.50	 5	0.90510		mirror		tx+	0.01	-23	20	 7	-220
2.08	4.50	 5	0.90510		mirror		ty+	0.01	-23	20	217	-95
2.08	4.50	 5	0.90510		mirror		tz+	0.01	-23	20	 0	 0
2.08	4.50	 5	0.95035		mirror		dx+	1.00	-26	73	 0	 0
2.08	4.50	 5	0.95035		mirror		dy+	1.00	-26	73	 0	 0
2.08	4.50	 5	0.95035		mirror		dz+	1.00	-26	73	 0	 7
2.08	4.50	 5	0.95035		mirror		tx+	0.01	-26	73	29	-246
2.08	4.50	 5	0.95035		mirror		ty+	0.01	-26	73	229	-108
2.08	4.50	 5	0.95035		mirror		tz+	0.01	-26	73	 0	 0
2.08	4.50	 5	0.99561		mirror		dx+	1.00	-36	135	 0	 0
2.08	4.50	 5	0.99561		mirror		dy+	1.00	-36	135	 0	 0
2.08	4.50	 5	0.99561		mirror		dz+	1.00	-36	135	-1	 9
2.08	4.50	 5	0.99561		mirror		tx+	0.01	-36	135	63	-292
2.08	4.50	 5	0.99561		mirror		ty+	0.01	-36	135	253	-131
2.08	4.50	 5	0.99561		mirror		tz+	0.01	-36	135	 0	 0
2.08	4.50	 6	0.69140		mirror		dx+	1.00	-29	-60	 0	 0
2.08	4.50	 6	0.69140		mirror		dy+	1.00	-29	-60	 0	 0
2.08	4.50	 6	0.69140		mirror		dz+	1.00	-29	-60	 1	 5
2.08	4.50	 6	0.69140		mirror		tx+	0.01	-29	-60	-19	-198
2.08	4.50	 6	0.69140		mirror		ty+	0.01	-29	-60	209	-85
2.08	4.50	 6	0.69140		mirror		tz+	0.01	-29	-60	 0	 0
2.08	4.50	 6	0.72282		mirror		dx+	1.00	-26	-21	 0	 0
2.08	4.50	 6	0.72282		mirror		dy+	1.00	-26	-21	 0	 0
2.08	4.50	 6	0.72282		mirror		dz+	1.00	-26	-21	 0	 6
2.08	4.50	 6	0.72282		mirror		tx+	0.01	-26	-21	-6	-207
2.08	4.50	 6	0.72282		mirror		ty+	0.01	-26	-21	212	-89
2.08	4.50	 6	0.72282		mirror		tz+	0.01	-26	-21	 0	 0
2.08	4.50	 6	0.75425		mirror		dx+	1.00	-25	20	 0	 0
2.08	4.50	 6	0.75425		mirror		dy+	1.00	-25	20	 0	 0
2.08	4.50	 6	0.75425		mirror		dz+	1.00	-25	20	 0	 6
2.08	4.50	 6	0.75425		mirror		tx+	0.01	-25	20	 7	-220
2.08	4.50	 6	0.75425		mirror		ty+	0.01	-25	20	218	-96
2.08	4.50	 6	0.75425		mirror		tz+	0.01	-25	20	 0	 0
2.08	4.50	 6	0.78568		mirror		dx+	1.00	-28	65	 0	 0
2.08	4.50	 6	0.78568		mirror		dy+	1.00	-28	65	 0	 0
2.08	4.50	 6	0.78568		mirror		dz+	1.00	-28	65	 0	 7
2.08	4.50	 6	0.78568		mirror		tx+	0.01	-28	65	25	-241
2.08	4.50	 6	0.78568		mirror		ty+	0.01	-28	65	228	-106
2.08	4.50	 6	0.78568		mirror		tz+	0.01	-28	65	 0	 0
2.08	4.50	 6	0.81710		mirror		dx+	1.00	-34	114	 0	 0
2.08	4.50	 6	0.81710		mirror		dy+	1.00	-34	114	 0	 0
2.08	4.50	 6	0.81710		mirror		dz+	1.00	-34	114	 0	 8
2.08	4.50	 6	0.81710		mirror		tx+	0.01	-34	114	50	-274
2.08	4.50	 6	0.81710		mirror		ty+	0.01	-34	114	245	-122
2.08	4.50	 6	0.81710		mirror		tz+	0.01	-34	114	 0	 0
2.08	4.50	 7	0.60000		mirror		dx+	1.00	-31	-49	 0	 0
2.08	4.50	 7	0.60000		mirror		dy+	1.00	-31	-49	 0	 0
2.08	4.50	 7	0.60000		mirror		dz+	1.00	-31	-49	 1	 6
2.08	4.50	 7	0.60000		mirror		tx+	0.01	-31	-49	-15	-200
2.08	4.50	 7	0.60000		mirror		ty+	0.01	-31	-49	211	-87
2.08	4.50	 7	0.60000		mirror		tz+	0.01	-31	-49	 0	 0
2.08	4.50	 7	0.62325		mirror		dx+	1.00	-29	-15	 0	 0
2.08	4.50	 7	0.62325		mirror		dy+	1.00	-29	-15	 0	 0
2.08	4.50	 7	0.62325		mirror		dz+	1.00	-29	-15	 0	 6
2.08	4.50	 7	0.62325		mirror		tx+	0.01	-29	-15	-4	-209
2.08	4.50	 7	0.62325		mirror		ty+	0.01	-29	-15	214	-91
2.08	4.50	 7	0.62325		mirror		tz+	0.01	-29	-15	 0	 0
2.08	4.50	 7	0.64650		mirror		dx+	1.00	-28	21	 0	 0
2.08	4.50	 7	0.64650		mirror		dy+	1.00	-28	21	 0	 0
2.08	4.50	 7	0.64650		mirror		dz+	1.00	-28	21	 0	 6
2.08	4.50	 7	0.64650		mirror		tx+	0.01	-28	21	 7	-221
2.08	4.50	 7	0.64650		mirror		ty+	0.01	-28	21	219	-96
2.08	4.50	 7	0.64650		mirror		tz+	0.01	-28	21	 0	 0
2.08	4.50	 7	0.66975		mirror		dx+	1.00	-30	59	 0	 0
2.08	4.50	 7	0.66975		mirror		dy+	1.00	-30	59	 0	 0
2.08	4.50	 7	0.66975		mirror		dz+	1.00	-30	59	 0	 7
2.08	4.50	 7	0.66975		mirror		tx+	0.01	-30	59	23	-238
2.08	4.50	 7	0.66975		mirror		ty+	0.01	-30	59	228	-105
2.08	4.50	 7	0.66975		mirror		tz+	0.01	-30	59	 0	 0
2.08	4.50	 7	0.69300		mirror		dx+	1.00	-35	100	 0	 0
2.08	4.50	 7	0.69300		mirror		dy+	1.00	-35	100	 0	 0
2.08	4.50	 7	0.69300		mirror		dz+	1.00	-35	100	 0	 8
2.08	4.50	 7	0.69300		mirror		tx+	0.01	-35	100	43	-264
2.08	4.50	 7	0.69300		mirror		ty+	0.01	-35	100	241	-118
2.08	4.50	 7	0.69300		mirror		tz+	0.01	-35	100	 0	 0
2.08	4.50	 8	0.53033		mirror		dx+	1.00	-34	-39	 0	 0
2.08	4.50	 8	0.53033		mirror		dy+	1.00	-34	-39	 0	 0
2.08	4.50	 8	0.53033		mirror		dz+	1.00	-34	-39	 1	 6
2.08	4.50	 8	0.53033		mirror		tx+	0.01	-34	-39	-13	-202
2.08	4.50	 8	0.53033		mirror		ty+	0.01	-34	-39	214	-88
2.08	4.50	 8	0.53033		mirror		tz+	0.01	-34	-39	 0	 0
2.08	4.50	 8	0.54801		mirror		dx+	1.00	-32	-9	 0	 0
2.08	4.50	 8	0.54801		mirror		dy+	1.00	-32	-9	 0	 0
2.08	4.50	 8	0.54801		mirror		dz+	1.00	-32	-9	 0	 6
2.08	4.50	 8	0.54801		mirror		tx+	0.01	-32	-9	-3	-210
2.08	4.50	 8	0.54801		mirror		ty+	0.01	-32	-9	216	-92
2.08	4.50	 8	0.54801		mirror		tz+	0.01	-32	-9	 0	 0
2.08	4.50	 8	0.56569		mirror		dx+	1.00	-32	22	 0	 0
2.08	4.50	 8	0.56569		mirror		dy+	1.00	-32	22	 0	 0
2.08	4.50	 8	0.56569		mirror		dz+	1.00	-32	22	 0	 6
2.08	4.50	 8	0.56569		mirror		tx+	0.01	-32	22	 8	-221
2.08	4.50	 8	0.56569		mirror		ty+	0.01	-32	22	221	-97
2.08	4.50	 8	0.56569		mirror		tz+	0.01	-32	22	 0	 0
2.08	4.50	 8	0.58337		mirror		dx+	1.00	-33	55	 0	 0
2.08	4.50	 8	0.58337		mirror		dy+	1.00	-33	55	 0	 0
2.08	4.50	 8	0.58337		mirror		dz+	1.00	-33	55	 0	 7
2.08	4.50	 8	0.58337		mirror		tx+	0.01	-33	55	21	-236
2.08	4.50	 8	0.58337		mirror		ty+	0.01	-33	55	229	-105
2.08	4.50	 8	0.58337		mirror		tz+	0.01	-33	55	 0	 0
2.08	4.50	 8	0.60104		mirror		dx+	1.00	-36	90	 0	 0
2.08	4.50	 8	0.60104		mirror		dy+	1.00	-36	90	 0	 0
2.08	4.50	 8	0.60104		mirror		dz+	1.00	-36	90	 0	 7
2.08	4.50	 8	0.60104		mirror		tx+	0.01	-36	90	38	-257
2.08	4.50	 8	0.60104		mirror		ty+	0.01	-36	90	239	-115
2.08	4.50	 8	0.60104		mirror		tz+	0.01	-36	90	 0	 0
0.00	4.50	 5	0.81459		mirror		dx+	1.00	21	-96	 0	 0
0.00	4.50	 5	0.81459		mirror		dy+	1.00	21	-96	 0	 0
0.00	4.50	 5	0.81459		mirror		dz+	1.00	21	-96	 0	 5
0.00	4.50	 5	0.81459		mirror		tx+	0.01	21	-96	-24	-193
0.00	4.50	 5	0.81459		mirror		ty+	0.01	21	-96	192	-76
0.00	4.50	 5	0.81459		mirror		tz+	0.01	21	-96	 0	 0
0.00	4.50	 5	0.85984		mirror		dx+	1.00	26	-51	 0	 0
0.00	4.50	 5	0.85984		mirror		dy+	1.00	26	-51	 0	 0
0.00	4.50	 5	0.85984		mirror		dz+	1.00	26	-51	 0	 6
0.00	4.50	 5	0.85984		mirror		tx+	0.01	26	-51	-13	-200
0.00	4.50	 5	0.85984		mirror		ty+	0.01	26	-51	193	-78
0.00	4.50	 5	0.85984		mirror		tz+	0.01	26	-51	 0	 0
0.00	4.50	 5	0.90510		mirror		dx+	1.00	28	-3	 0	 0
0.00	4.50	 5	0.90510		mirror		dy+	1.00	28	-3	 0	 0
0.00	4.50	 5	0.90510		mirror		dz+	1.00	28	-3	 0	 6
0.00	4.50	 5	0.90510		mirror		tx+	0.01	28	-3	 0	-212
0.00	4.50	 5	0.90510		mirror		ty+	0.01	28	-3	197	-82
0.00	4.50	 5	0.90510		mirror		tz+	0.01	28	-3	 0	 0
0.00	4.50	 5	0.95035		mirror		dx+	1.00	27	48	 0	 0
0.00	4.50	 5	0.95035		mirror		dy+	1.00	27	48	 0	 0
0.00	4.50	 5	0.95035		mirror		dz+	1.00	27	48	 0	 7
0.00	4.50	 5	0.95035		mirror		tx+	0.01	27	48	14	-232
0.00	4.50	 5	0.95035		mirror		ty+	0.01	27	48	204	-89
0.00	4.50	 5	0.95035		mirror		tz+	0.01	27	48	 0	 0
0.00	4.50	 5	0.99561		mirror		dx+	1.00	22	105	 0	 0
0.00	4.50	 5	0.99561		mirror		dy+	1.00	22	105	 0	 0
0.00	4.50	 5	0.99561		mirror		dz+	1.00	22	105	-1	 8
0.00	4.50	 5	0.99561		mirror		tx+	0.01	22	105	36	-265
0.00	4.50	 5	0.99561		mirror		ty+	0.01	22	105	217	-102
0.00	4.50	 5	0.99561		mirror		tz+	0.01	22	105	 0	 0
0.00	4.50	 6	0.69140		mirror		dx+	1.00	20	-81	 0	 0
0.00	4.50	 6	0.69140		mirror		dy+	1.00	20	-81	 0	 0
0.00	4.50	 6	0.69140		mirror		dz+	1.00	20	-81	 0	 6
0.00	4.50	 6	0.69140		mirror		tx+	0.01	20	-81	-21	-195
0.00	4.50	 6	0.69140		mirror		ty+	0.01	20	-81	193	-77
0.00	4.50	 6	0.69140		mirror		tz+	0.01	20	-81	 0	 0
0.00	4.50	 6	0.72282		mirror		dx+	1.00	24	-43	 0	 0
0.00	4.50	 6	0.72282		mirror		dy+	1.00	24	-43	 0	 0
0.00	4.50	 6	0.72282		mirror		dz+	1.00	24	-43	 0	 6
0.00	4.50	 6	0.72282		mirror		tx+	0.01	24	-43	-11	-202
0.00	4.50	 6	0.72282		mirror		ty+	0.01	24	-43	194	-79
0.00	4.50	 6	0.72282		mirror		tz+	0.01	24	-43	 0	 0
0.00	4.50	 6	0.75425		mirror		dx+	1.00	26	-3	 0	 0
0.00	4.50	 6	0.75425		mirror		dy+	1.00	26	-3	 0	 0
0.00	4.50	 6	0.75425		mirror		dz+	1.00	26	-3	 0	 6
0.00	4.50	 6	0.75425		mirror		tx+	0.01	26	-3	 0	-213
0.00	4.50	 6	0.75425		mirror		ty+	0.01	26	-3	197	-82
0.00	4.50	 6	0.75425		mirror		tz+	0.01	26	-3	 0	 0
0.00	4.50	 6	0.78568		mirror		dx+	1.00	25	39	 0	 0
0.00	4.50	 6	0.78568		mirror		dy+	1.00	25	39	 0	 0
0.00	4.50	 6	0.78568		mirror		dz+	1.00	25	39	 0	 7
0.00	4.50	 6	0.78568		mirror		tx+	0.01	25	39	12	-228
0.00	4.50	 6	0.78568		mirror		ty+	0.01	25	39	203	-88
0.00	4.50	 6	0.78568		mirror		tz+	0.01	25	39	 0	 0
0.00	4.50	 6	0.81710		mirror		dx+	1.00	22	86	 0	 0
0.00	4.50	 6	0.81710		mirror		dy+	1.00	22	86	 0	 0
0.00	4.50	 6	0.81710		mirror		dz+	1.00	22	86	 0	 8
0.00	4.50	 6	0.81710		mirror		tx+	0.01	22	86	28	-253
0.00	4.50	 6	0.81710		mirror		ty+	0.01	22	86	212	-97
0.00	4.50	 6	0.81710		mirror		tz+	0.01	22	86	 0	 0
0.00	4.50	 7	0.60000		mirror		dx+	1.00	19	-70	 0	 0
0.00	4.50	 7	0.60000		mirror		dy+	1.00	19	-70	 0	 0
0.00	4.50	 7	0.60000		mirror		dz+	1.00	19	-70	 0	 6
0.00	4.50	 7	0.60000		mirror		tx+	0.01	19	-70	-18	-197
0.00	4.50	 7	0.60000		mirror		ty+	0.01	19	-70	194	-78
0.00	4.50	 7	0.60000		mirror		tz+	0.01	19	-70	 0	 0
0.00	4.50	 7	0.62325		mirror		dx+	1.00	22	-37	 0	 0
0.00	4.50	 7	0.62325		mirror		dy+	1.00	22	-37	 0	 0
0.00	4.50	 7	0.62325		mirror		dz+	1.00	22	-37	 0	 6
0.00	4.50	 7	0.62325		mirror		tx+	0.01	22	-37	-10	-203
0.00	4.50	 7	0.62325		mirror		ty+	0.01	22	-37	195	-80
0.00	4.50	 7	0.62325		mirror		tz+	0.01	22	-37	 0	 0
0.00	4.50	 7	0.64650		mirror		dx+	1.00	23	-2	 0	 0
0.00	4.50	 7	0.64650		mirror		dy+	1.00	23	-2	 0	 0
0.00	4.50	 7	0.64650		mirror		dz+	1.00	23	-2	 0	 6
0.00	4.50	 7	0.64650		mirror		tx+	0.01	23	-2	 0	-213
0.00	4.50	 7	0.64650		mirror		ty+	0.01	23	-2	198	-83
0.00	4.50	 7	0.64650		mirror		tz+	0.01	23	-2	 0	 0
0.00	4.50	 7	0.66975		mirror		dx+	1.00	23	34	 0	 0
0.00	4.50	 7	0.66975		mirror		dy+	1.00	23	34	 0	 0
0.00	4.50	 7	0.66975		mirror		dz+	1.00	23	34	 0	 7
0.00	4.50	 7	0.66975		mirror		tx+	0.01	23	34	10	-226
0.00	4.50	 7	0.66975		mirror		ty+	0.01	23	34	203	-88
0.00	4.50	 7	0.66975		mirror		tz+	0.01	23	34	 0	 0
0.00	4.50	 7	0.69300		mirror		dx+	1.00	21	73	 0	 0
0.00	4.50	 7	0.69300		mirror		dy+	1.00	21	73	 0	 0
0.00	4.50	 7	0.69300		mirror		dz+	1.00	21	73	 0	 7
0.00	4.50	 7	0.69300		mirror		tx+	0.01	21	73	24	-245
0.00	4.50	 7	0.69300		mirror		ty+	0.01	21	73	210	-95
0.00	4.50	 7	0.69300		mirror		tz+	0.01	21	73	 0	 0
0.00	4.50	 8	0.53033		mirror		dx+	1.00	16	-61	 0	 0
0.00	4.50	 8	0.53033		mirror		dy+	1.00	16	-61	 0	 0
0.00	4.50	 8	0.53033		mirror		dz+	1.00	16	-61	 0	 6
0.00	4.50	 8	0.53033		mirror		tx+	0.01	16	-61	-16	-198
0.00	4.50	 8	0.53033		mirror		ty+	0.01	16	-61	195	-79
0.00	4.50	 8	0.53033		mirror		tz+	0.01	16	-61	 0	 0
0.00	4.50	 8	0.54801		mirror		dx+	1.00	19	-32	 0	 0
0.00	4.50	 8	0.54801		mirror		dy+	1.00	19	-32	 0	 0
0.00	4.50	 8	0.54801		mirror		dz+	1.00	19	-32	 0	 6
0.00	4.50	 8	0.54801		mirror		tx+	0.01	19	-32	-8	-204
0.00	4.50	 8	0.54801		mirror		ty+	0.01	19	-32	197	-81
0.00	4.50	 8	0.54801		mirror		tz+	0.01	19	-32	 0	 0
0.00	4.50	 8	0.56569		mirror		dx+	1.00	20	-2	 0	 0
0.00	4.50	 8	0.56569		mirror		dy+	1.00	20	-2	 0	 0
0.00	4.50	 8	0.56569		mirror		dz+	1.00	20	-2	 0	 6
0.00	4.50	 8	0.56569		mirror		tx+	0.01	20	-2	 0	-213
0.00	4.50	 8	0.56569		mirror		ty+	0.01	20	-2	199	-83
0.00	4.50	 8	0.56569		mirror		tz+	0.01	20	-2	 0	 0
0.00	4.50	 8	0.58337		mirror		dx+	1.00	21	30	 0	 0
0.00	4.50	 8	0.58337		mirror		dy+	1.00	21	30	 0	 0
0.00	4.50	 8	0.58337		mirror		dz+	1.00	21	30	 0	 7
0.00	4.50	 8	0.58337		mirror		tx+	0.01	21	30	 9	-224
0.00	4.50	 8	0.58337		mirror		ty+	0.01	21	30	203	-88
0.00	4.50	 8	0.58337		mirror		tz+	0.01	21	30	 0	 0
0.00	4.50	 8	0.60104		mirror		dx+	1.00	19	63	 0	 0
0.00	4.50	 8	0.60104		mirror		dy+	1.00	19	63	 0	 0
0.00	4.50	 8	0.60104		mirror		dz+	1.00	19	63	 0	 7
0.00	4.50	 8	0.60104		mirror		tx+	0.01	19	63	20	-240
0.00	4.50	 8	0.60104		mirror		ty+	0.01	19	63	209	-93
0.00	4.50	 8	0.60104		mirror		tz+	0.01	19	63	 0	 0
-2.08	4.50	 5	0.81459		mirror		dx+	1.00	68	-114	 0	 0
-2.08	4.50	 5	0.81459		mirror		dy+	1.00	68	-114	 0	 0
-2.08	4.50	 5	0.81459		mirror		dz+	1.00	68	-114	 0	 5
-2.08	4.50	 5	0.81459		mirror		tx+	0.01	68	-114	-24	-192
-2.08	4.50	 5	0.81459		mirror		ty+	0.01	68	-114	184	-71
-2.08	4.50	 5	0.81459		mirror		tz+	0.01	68	-114	 0	 0
-2.08	4.50	 5	0.85984		mirror		dx+	1.00	73	-68	 0	 0
-2.08	4.50	 5	0.85984		mirror		dy+	1.00	73	-68	 0	 0
-2.08	4.50	 5	0.85984		mirror		dz+	1.00	73	-68	 0	 6
-2.08	4.50	 5	0.85984		mirror		tx+	0.01	73	-68	-15	-198
-2.08	4.50	 5	0.85984		mirror		ty+	0.01	73	-68	184	-71
-2.08	4.50	 5	0.85984		mirror		tz+	0.01	73	-68	 0	 0
-2.08	4.50	 5	0.90510		mirror		dx+	1.00	76	-21	 0	 0
-2.08	4.50	 5	0.90510		mirror		dy+	1.00	76	-21	 0	 0
-2.08	4.50	 5	0.90510		mirror		dz+	1.00	76	-21	 0	 6
-2.08	4.50	 5	0.90510		mirror		tx+	0.01	76	-21	-4	-208
-2.08	4.50	 5	0.90510		mirror		ty+	0.01	76	-21	186	-73
-2.08	4.50	 5	0.90510		mirror		tz+	0.01	76	-21	 0	 0
-2.08	4.50	 5	0.95035		mirror		dx+	1.00	76	29	 0	 0
-2.08	4.50	 5	0.95035		mirror		dy+	1.00	76	29	 0	 0
-2.08	4.50	 5	0.95035		mirror		dz+	1.00	76	29	 0	 7
-2.08	4.50	 5	0.95035		mirror		tx+	0.01	76	29	 7	-225
-2.08	4.50	 5	0.95035		mirror		ty+	0.01	76	29	190	-76
-2.08	4.50	 5	0.95035		mirror		tz+	0.01	76	29	 0	 0
-2.08	4.50	 5	0.99561		mirror		dx+	1.00	73	83	 0	 0
-2.08	4.50	 5	0.99561		mirror		dy+	1.00	73	83	 0	 0
-2.08	4.50	 5	0.99561		mirror		dz+	1.00	73	83	-1	 8
-2.08	4.50	 5	0.99561		mirror		tx+	0.01	73	83	23	-251
-2.08	4.50	 5	0.99561		mirror		ty+	0.01	73	83	198	-84
-2.08	4.50	 5	0.99561		mirror		tz+	0.01	73	83	 0	 0
-2.08	4.50	 6	0.69140		mirror		dx+	1.00	67	-98	 0	 0
-2.08	4.50	 6	0.69140		mirror		dy+	1.00	67	-98	 0	 0
-2.08	4.50	 6	0.69140		mirror		dz+	1.00	67	-98	 0	 5
-2.08	4.50	 6	0.69140		mirror		tx+	0.01	67	-98	-21	-194
-2.08	4.50	 6	0.69140		mirror		ty+	0.01	67	-98	184	-71
-2.08	4.50	 6	0.69140		mirror		tz+	0.01	67	-98	 0	 0
-2.08	4.50	 6	0.72282		mirror		dx+	1.00	71	-60	 0	 0
-2.08	4.50	 6	0.72282		mirror		dy+	1.00	71	-60	 0	 0
-2.08	4.50	 6	0.72282		mirror		dz+	1.00	71	-60	 0	 6
-2.08	4.50	 6	0.72282		mirror		tx+	0.01	71	-60	-13	-199
-2.08	4.50	 6	0.72282		mirror		ty+	0.01	71	-60	184	-72
-2.08	4.50	 6	0.72282		mirror		tz+	0.01	71	-60	 0	 0
-2.08	4.50	 6	0.75425		mirror		dx+	1.00	73	-21	 0	 0
-2.08	4.50	 6	0.75425		mirror		dy+	1.00	73	-21	 0	 0
-2.08	4.50	 6	0.75425		mirror		dz+	1.00	73	-21	 0	 6
-2.08	4.50	 6	0.75425		mirror		tx+	0.01	73	-21	-4	-208
-2.08	4.50	 6	0.75425		mirror		ty+	0.01	73	-21	186	-73
-2.08	4.50	 6	0.75425		mirror		tz+	0.01	73	-21	 0	 0
-2.08	4.50	 6	0.78568		mirror		dx+	1.00	74	20	 0	 0
-2.08	4.50	 6	0.78568		mirror		dy+	1.00	74	20	 0	 0
-2.08	4.50	 6	0.78568		mirror		dz+	1.00	74	20	 0	 7
-2.08	4.50	 6	0.78568		mirror		tx+	0.01	74	20	 5	-221
-2.08	4.50	 6	0.78568		mirror		ty+	0.01	74	20	190	-76
-2.08	4.50	 6	0.78568		mirror		tz+	0.01	74	20	 0	 0
-2.08	4.50	 6	0.81710		mirror		dx+	1.00	72	65	 0	 0
-2.08	4.50	 6	0.81710		mirror		dy+	1.00	72	65	 0	 0
-2.08	4.50	 6	0.81710		mirror		dz+	1.00	72	65	-1	 8
-2.08	4.50	 6	0.81710		mirror		tx+	0.01	72	65	17	-241
-2.08	4.50	 6	0.81710		mirror		ty+	0.01	72	65	195	-81
-2.08	4.50	 6	0.81710		mirror		tz+	0.01	72	65	 0	 0
-2.08	4.50	 7	0.60000		mirror		dx+	1.00	66	-88	 0	 0
-2.08	4.50	 7	0.60000		mirror		dy+	1.00	66	-88	 0	 0
-2.08	4.50	 7	0.60000		mirror		dz+	1.00	66	-88	 0	 6
-2.08	4.50	 7	0.60000		mirror		tx+	0.01	66	-88	-19	-195
-2.08	4.50	 7	0.60000		mirror		ty+	0.01	66	-88	184	-72
-2.08	4.50	 7	0.60000		mirror		tz+	0.01	66	-88	 0	 0
-2.08	4.50	 7	0.62325		mirror		dx+	1.00	69	-55	 0	 0
-2.08	4.50	 7	0.62325		mirror		dy+	1.00	69	-55	 0	 0
-2.08	4.50	 7	0.62325		mirror		dz+	1.00	69	-55	 0	 6
-2.08	4.50	 7	0.62325		mirror		tx+	0.01	69	-55	-12	-200
-2.08	4.50	 7	0.62325		mirror		ty+	0.01	69	-55	185	-72
-2.08	4.50	 7	0.62325		mirror		tz+	0.01	69	-55	 0	 0
-2.08	4.50	 7	0.64650		mirror		dx+	1.00	71	-21	 0	 0
-2.08	4.50	 7	0.64650		mirror		dy+	1.00	71	-21	 0	 0
-2.08	4.50	 7	0.64650		mirror		dz+	1.00	71	-21	 0	 6
-2.08	4.50	 7	0.64650		mirror		tx+	0.01	71	-21	-4	-208
-2.08	4.50	 7	0.64650		mirror		ty+	0.01	71	-21	187	-73
-2.08	4.50	 7	0.64650		mirror		tz+	0.01	71	-21	 0	 0
-2.08	4.50	 7	0.66975		mirror		dx+	1.00	72	15	 0	 0
-2.08	4.50	 7	0.66975		mirror		dy+	1.00	72	15	 0	 0
-2.08	4.50	 7	0.66975		mirror		dz+	1.00	72	15	 0	 7
-2.08	4.50	 7	0.66975		mirror		tx+	0.01	72	15	 3	-219
-2.08	4.50	 7	0.66975		mirror		ty+	0.01	72	15	189	-76
-2.08	4.50	 7	0.66975		mirror		tz+	0.01	72	15	 0	 0
-2.08	4.50	 7	0.69300		mirror		dx+	1.00	71	53	 0	 0
-2.08	4.50	 7	0.69300		mirror		dy+	1.00	71	53	 0	 0
-2.08	4.50	 7	0.69300		mirror		dz+	1.00	71	53	-1	 7
-2.08	4.50	 7	0.69300		mirror		tx+	0.01	71	53	13	-235
-2.08	4.50	 7	0.69300		mirror		ty+	0.01	71	53	194	-80
-2.08	4.50	 7	0.69300		mirror		tz+	0.01	71	53	 0	 0
-2.08	4.50	 8	0.53033		mirror		dx+	1.00	63	-78	 0	 0
-2.08	4.50	 8	0.53033		mirror		dy+	1.00	63	-78	 0	 0
-2.08	4.50	 8	0.53033		mirror		dz+	1.00	63	-78	 0	 6
-2.08	4.50	 8	0.53033		mirror		tx+	0.01	63	-78	-17	-196
-2.08	4.50	 8	0.53033		mirror		ty+	0.01	63	-78	185	-72
-2.08	4.50	 8	0.53033		mirror		tz+	0.01	63	-78	 0	 0
-2.08	4.50	 8	0.54801		mirror		dx+	1.00	66	-50	 0	 0
-2.08	4.50	 8	0.54801		mirror		dy+	1.00	66	-50	 0	 0
-2.08	4.50	 8	0.54801		mirror		dz+	1.00	66	-50	 0	 6
-2.08	4.50	 8	0.54801		mirror		tx+	0.01	66	-50	-11	-201
-2.08	4.50	 8	0.54801		mirror		ty+	0.01	66	-50	186	-73
-2.08	4.50	 8	0.54801		mirror		tz+	0.01	66	-50	 0	 0
-2.08	4.50	 8	0.56569		mirror		dx+	1.00	68	-20	 0	 0
-2.08	4.50	 8	0.56569		mirror		dy+	1.00	68	-20	 0	 0
-2.08	4.50	 8	0.56569		mirror		dz+	1.00	68	-20	 0	 6
-2.08	4.50	 8	0.56569		mirror		tx+	0.01	68	-20	-4	-208
-2.08	4.50	 8	0.56569		mirror		ty+	0.01	68	-20	187	-74
-2.08	4.50	 8	0.56569		mirror		tz+	0.01	68	-20	 0	 0
-2.08	4.50	 8	0.58337		mirror		dx+	1.00	69	10	 0	 0
-2.08	4.50	 8	0.58337		mirror		dy+	1.00	69	10	 0	 0
-2.08	4.50	 8	0.58337		mirror		dz+	1.00	69	10	 0	 7
-2.08	4.50	 8	0.58337		mirror		tx+	0.01	69	10	 2	-218
-2.08	4.50	 8	0.58337		mirror		ty+	0.01	69	10	190	-76
-2.08	4.50	 8	0.58337		mirror		tz+	0.01	69	10	 0	 0
-2.08	4.50	 8	0.60104		mirror		dx+	1.00	69	43	 0	 0
-2.08	4.50	 8	0.60104		mirror		dy+	1.00	69	43	 0	 0
-2.08	4.50	 8	0.60104		mirror		dz+	1.00	69	43	 0	 7
-2.08	4.50	 8	0.60104		mirror		tx+	0.01	69	43	11	-230
-2.08	4.50	 8	0.60104		mirror		ty+	0.01	69	43	193	-79
-2.08	4.50	 8	0.60104		mirror		tz+	0.01	69	43	 0	 0
-4.15	4.50	 5	0.81459		mirror		dx+	1.00	113	-128	 0	 0
-4.15	4.50	 5	0.81459		mirror		dy+	1.00	113	-128	 0	 0
-4.15	4.50	 5	0.81459		mirror		dz+	1.00	113	-128	 0	 5
-4.15	4.50	 5	0.81459		mirror		tx+	0.01	113	-128	-22	-193
-4.15	4.50	 5	0.81459		mirror		ty+	0.01	113	-128	179	-67
-4.15	4.50	 5	0.81459		mirror		tz+	0.01	113	-128	 0	 0
-4.15	4.50	 5	0.85984		mirror		dx+	1.00	118	-83	 0	 0
-4.15	4.50	 5	0.85984		mirror		dy+	1.00	118	-83	 0	 0
-4.15	4.50	 5	0.85984		mirror		dz+	1.00	118	-83	 0	 6
-4.15	4.50	 5	0.85984		mirror		tx+	0.01	118	-83	-15	-197
-4.15	4.50	 5	0.85984		mirror		ty+	0.01	118	-83	179	-66
-4.15	4.50	 5	0.85984		mirror		tz+	0.01	118	-83	 0	 0
-4.15	4.50	 5	0.90510		mirror		dx+	1.00	121	-36	 0	 0
-4.15	4.50	 5	0.90510		mirror		dy+	1.00	121	-36	 0	 0
-4.15	4.50	 5	0.90510		mirror		dz+	1.00	121	-36	 0	 6
-4.15	4.50	 5	0.90510		mirror		tx+	0.01	121	-36	-6	-206
-4.15	4.50	 5	0.90510		mirror		ty+	0.01	121	-36	180	-66
-4.15	4.50	 5	0.90510		mirror		tz+	0.01	121	-36	 0	 0
-4.15	4.50	 5	0.95035		mirror		dx+	1.00	122	14	 0	 0
-4.15	4.50	 5	0.95035		mirror		dy+	1.00	122	14	 0	 0
-4.15	4.50	 5	0.95035		mirror		dz+	1.00	122	14	-1	 7
-4.15	4.50	 5	0.95035		mirror		tx+	0.01	122	14	 2	-220
-4.15	4.50	 5	0.95035		mirror		ty+	0.01	122	14	183	-67
-4.15	4.50	 5	0.95035		mirror		tz+	0.01	122	14	 0	 0
-4.15	4.50	 5	0.99561		mirror		dx+	1.00	120	68	 0	 0
-4.15	4.50	 5	0.99561		mirror		dy+	1.00	120	68	 0	 0
-4.15	4.50	 5	0.99561		mirror		dz+	1.00	120	68	-1	 8
-4.15	4.50	 5	0.99561		mirror		tx+	0.01	120	68	15	-243
-4.15	4.50	 5	0.99561		mirror		ty+	0.01	120	68	188	-71
-4.15	4.50	 5	0.99561		mirror		tz+	0.01	120	68	 0	 0
-4.15	4.50	 6	0.69140		mirror		dx+	1.00	112	-113	 0	 0
-4.15	4.50	 6	0.69140		mirror		dy+	1.00	112	-113	 0	 0
-4.15	4.50	 6	0.69140		mirror		dz+	1.00	112	-113	 0	 6
-4.15	4.50	 6	0.69140		mirror		tx+	0.01	112	-113	-20	-194
-4.15	4.50	 6	0.69140		mirror		ty+	0.01	112	-113	179	-67
-4.15	4.50	 6	0.69140		mirror		tz+	0.01	112	-113	 0	 0
-4.15	4.50	 6	0.72282		mirror		dx+	1.00	116	-75	 0	 0
-4.15	4.50	 6	0.72282		mirror		dy+	1.00	116	-75	 0	 0
-4.15	4.50	 6	0.72282		mirror		dz+	1.00	116	-75	 0	 6
-4.15	4.50	 6	0.72282		mirror		tx+	0.01	116	-75	-13	-198
-4.15	4.50	 6	0.72282		mirror		ty+	0.01	116	-75	179	-66
-4.15	4.50	 6	0.72282		mirror		tz+	0.01	116	-75	 0	 0
-4.15	4.50	 6	0.75425		mirror		dx+	1.00	119	-35	 0	 0
-4.15	4.50	 6	0.75425		mirror		dy+	1.00	119	-35	 0	 0
-4.15	4.50	 6	0.75425		mirror		dz+	1.00	119	-35	 0	 6
-4.15	4.50	 6	0.75425		mirror		tx+	0.01	119	-35	-6	-206
-4.15	4.50	 6	0.75425		mirror		ty+	0.01	119	-35	180	-66
-4.15	4.50	 6	0.75425		mirror		tz+	0.01	119	-35	 0	 0
-4.15	4.50	 6	0.78568		mirror		dx+	1.00	120	 6	 0	 0
-4.15	4.50	 6	0.78568		mirror		dy+	1.00	120	 6	 0	 0
-4.15	4.50	 6	0.78568		mirror		dz+	1.00	120	 6	-1	 7
-4.15	4.50	 6	0.78568		mirror		tx+	0.01	120	 6	 1	-218
-4.15	4.50	 6	0.78568		mirror		ty+	0.01	120	 6	182	-67
-4.15	4.50	 6	0.78568		mirror		tz+	0.01	120	 6	 0	 0
-4.15	4.50	 6	0.81710		mirror		dx+	1.00	119	50	 0	 0
-4.15	4.50	 6	0.81710		mirror		dy+	1.00	119	50	 0	 0
-4.15	4.50	 6	0.81710		mirror		dz+	1.00	119	50	-1	 8
-4.15	4.50	 6	0.81710		mirror		tx+	0.01	119	50	10	-234
-4.15	4.50	 6	0.81710		mirror		ty+	0.01	119	50	186	-70
-4.15	4.50	 6	0.81710		mirror		tz+	0.01	119	50	 0	 0
-4.15	4.50	 7	0.60000		mirror		dx+	1.00	111	-102	 0	 0
-4.15	4.50	 7	0.60000		mirror		dy+	1.00	111	-102	 0	 0
-4.15	4.50	 7	0.60000		mirror		dz+	1.00	111	-102	 0	 6
-4.15	4.50	 7	0.60000		mirror		tx+	0.01	111	-102	-18	-195
-4.15	4.50	 7	0.60000		mirror		ty+	0.01	111	-102	179	-67
-4.15	4.50	 7	0.60000		mirror		tz+	0.01	111	-102	 0	 0
-4.15	4.50	 7	0.62325		mirror		dx+	1.00	114	-69	 0	 0
-4.15	4.50	 7	0.62325		mirror		dy+	1.00	114	-69	 0	 0
-4.15	4.50	 7	0.62325		mirror		dz+	1.00	114	-69	 0	 6
-4.15	4.50	 7	0.62325		mirror		tx+	0.01	114	-69	-13	-199
-4.15	4.50	 7	0.62325		mirror		ty+	0.01	114	-69	179	-66
-4.15	4.50	 7	0.62325		mirror		tz+	0.01	114	-69	 0	 0
-4.15	4.50	 7	0.64650		mirror		dx+	1.00	117	-35	 0	 0
-4.15	4.50	 7	0.64650		mirror		dy+	1.00	117	-35	 0	 0
-4.15	4.50	 7	0.64650		mirror		dz+	1.00	117	-35	 0	 6
-4.15	4.50	 7	0.64650		mirror		tx+	0.01	117	-35	-6	-206
-4.15	4.50	 7	0.64650		mirror		ty+	0.01	117	-35	180	-66
-4.15	4.50	 7	0.64650		mirror		tz+	0.01	117	-35	 0	 0
-4.15	4.50	 7	0.66975		mirror		dx+	1.00	118	 0	 0	 0
-4.15	4.50	 7	0.66975		mirror		dy+	1.00	118	 0	 0	 0
-4.15	4.50	 7	0.66975		mirror		dz+	1.00	118	 0	-1	 7
-4.15	4.50	 7	0.66975		mirror		tx+	0.01	118	 0	 0	-216
-4.15	4.50	 7	0.66975		mirror		ty+	0.01	118	 0	182	-67
-4.15	4.50	 7	0.66975		mirror		tz+	0.01	118	 0	 0	 0
-4.15	4.50	 7	0.69300		mirror		dx+	1.00	118	37	 0	 0
-4.15	4.50	 7	0.69300		mirror		dy+	1.00	118	37	 0	 0
-4.15	4.50	 7	0.69300		mirror		dz+	1.00	118	37	-1	 7
-4.15	4.50	 7	0.69300		mirror		tx+	0.01	118	37	 8	-229
-4.15	4.50	 7	0.69300		mirror		ty+	0.01	118	37	185	-69
-4.15	4.50	 7	0.69300		mirror		tz+	0.01	118	37	 0	 0
-4.15	4.50	 8	0.53033		mirror		dx+	1.00	109	-93	 0	 0
-4.15	4.50	 8	0.53033		mirror		dy+	1.00	109	-93	 0	 0
-4.15	4.50	 8	0.53033		mirror		dz+	1.00	109	-93	 0	 6
-4.15	4.50	 8	0.53033		mirror		tx+	0.01	109	-93	-17	-195
-4.15	4.50	 8	0.53033		mirror		ty+	0.01	109	-93	179	-67
-4.15	4.50	 8	0.53033		mirror		tz+	0.01	109	-93	 0	 0
-4.15	4.50	 8	0.54801		mirror		dx+	1.00	112	-64	 0	 0
-4.15	4.50	 8	0.54801		mirror		dy+	1.00	112	-64	 0	 0
-4.15	4.50	 8	0.54801		mirror		dz+	1.00	112	-64	 0	 6
-4.15	4.50	 8	0.54801		mirror		tx+	0.01	112	-64	-12	-200
-4.15	4.50	 8	0.54801		mirror		ty+	0.01	112	-64	180	-67
-4.15	4.50	 8	0.54801		mirror		tz+	0.01	112	-64	 0	 0
-4.15	4.50	 8	0.56569		mirror		dx+	1.00	114	-35	 0	 0
-4.15	4.50	 8	0.56569		mirror		dy+	1.00	114	-35	 0	 0
-4.15	4.50	 8	0.56569		mirror		dz+	1.00	114	-35	 0	 6
-4.15	4.50	 8	0.56569		mirror		tx+	0.01	114	-35	-6	-206
-4.15	4.50	 8	0.56569		mirror		ty+	0.01	114	-35	181	-67
-4.15	4.50	 8	0.56569		mirror		tz+	0.01	114	-35	 0	 0
-4.15	4.50	 8	0.58337		mirror		dx+	1.00	115	-4	 0	 0
-4.15	4.50	 8	0.58337		mirror		dy+	1.00	115	-4	 0	 0
-4.15	4.50	 8	0.58337		mirror		dz+	1.00	115	-4	 0	 7
-4.15	4.50	 8	0.58337		mirror		tx+	0.01	115	-4	 0	-214
-4.15	4.50	 8	0.58337		mirror		ty+	0.01	115	-4	182	-67
-4.15	4.50	 8	0.58337		mirror		tz+	0.01	115	-4	 0	 0
-4.15	4.50	 8	0.60104		mirror		dx+	1.00	115	28	 0	 0
-4.15	4.50	 8	0.60104		mirror		dy+	1.00	115	28	 0	 0
-4.15	4.50	 8	0.60104		mirror		dz+	1.00	115	28	-1	 7
-4.15	4.50	 8	0.60104		mirror		tx+	0.01	115	28	 5	-225
-4.15	4.50	 8	0.60104		mirror		ty+	0.01	115	28	184	-69
-4.15	4.50	 8	0.60104		mirror		tz+	0.01	115	28	 0	 0
4.15	5.25	 5	0.81459		mirror		dx+	1.00	-84	-63	 0	 0
4.15	5.25	 5	0.81459		mirror		dy+	1.00	-84	-63	 0	 0
4.15	5.25	 5	0.81459		mirror		dz+	1.00	-84	-63	 2	 5
4.15	5.25	 5	0.81459		mirror		tx+	0.01	-84	-63	-24	-193
4.15	5.25	 5	0.81459		mirror		ty+	0.01	-84	-63	228	-90
4.15	5.25	 5	0.81459		mirror		tz+	0.01	-84	-63	 0	 0
4.15	5.25	 5	0.85984		mirror		dx+	1.00	-79	-16	 0	 0
4.15	5.25	 5	0.85984		mirror		dy+	1.00	-79	-16	 0	 0
4.15	5.25	 5	0.85984		mirror		dz+	1.00	-79	-16	 1	 6
4.15	5.25	 5	0.85984		mirror		tx+	0.01	-79	-16	-6	-204
4.15	5.25	 5	0.85984		mirror		ty+	0.01	-79	-16	233	-97
4.15	5.25	 5	0.85984		mirror		tz+	0.01	-79	-16	 0	 0
4.15	5.25	 5	0.90510		mirror		dx+	1.00	-79	34	 0	 0
4.15	5.25	 5	0.90510		mirror		dy+	1.00	-79	34	 0	 0
4.15	5.25	 5	0.90510		mirror		dz+	1.00	-79	34	 0	 6
4.15	5.25	 5	0.90510		mirror		tx+	0.01	-79	34	15	-222
4.15	5.25	 5	0.90510		mirror		ty+	0.01	-79	34	244	-109
4.15	5.25	 5	0.90510		mirror		tz+	0.01	-79	34	 0	 0
4.15	5.25	 5	0.95035		mirror		dx+	1.00	-86	90	 0	 0
4.15	5.25	 5	0.95035		mirror		dy+	1.00	-86	90	 0	 0
4.15	5.25	 5	0.95035		mirror		dz+	1.00	-86	90	 0	 7
4.15	5.25	 5	0.95035		mirror		tx+	0.01	-86	90	45	-253
4.15	5.25	 5	0.95035		mirror		ty+	0.01	-86	90	265	-128
4.15	5.25	 5	0.95035		mirror		tz+	0.01	-86	90	 0	 0
4.15	5.25	 5	0.99561		mirror		dx+	1.00	-101	157	 0	 0
4.15	5.25	 5	0.99561		mirror		dy+	1.00	-101	157	 0	 0
4.15	5.25	 5	0.99561		mirror		dz+	1.00	-101	157	-1	 9
4.15	5.25	 5	0.99561		mirror		tx+	0.01	-101	157	98	-312
4.15	5.25	 5	0.99561		mirror		ty+	0.01	-101	157	309	-165
4.15	5.25	 5	0.99561		mirror		tz+	0.01	-101	157	 0	 0
4.15	5.25	 6	0.69140		mirror		dx+	1.00	-85	-47	 0	 0
4.15	5.25	 6	0.69140		mirror		dy+	1.00	-85	-47	 0	 0
4.15	5.25	 6	0.69140		mirror		dz+	1.00	-85	-47	 1	 5
4.15	5.25	 6	0.69140		mirror		tx+	0.01	-85	-47	-18	-196
4.15	5.25	 6	0.69140		mirror		ty+	0.01	-85	-47	231	-93
4.15	5.25	 6	0.69140		mirror		tz+	0.01	-85	-47	 0	 0
4.15	5.25	 6	0.72282		mirror		dx+	1.00	-82	-7	 0	 0
4.15	5.25	 6	0.72282		mirror		dy+	1.00	-82	-7	 0	 0
4.15	5.25	 6	0.72282		mirror		dz+	1.00	-82	-7	 1	 6
4.15	5.25	 6	0.72282		mirror		tx+	0.01	-82	-7	-2	-206
4.15	5.25	 6	0.72282		mirror		ty+	0.01	-82	-7	236	-100
4.15	5.25	 6	0.72282		mirror		tz+	0.01	-82	-7	 0	 0
4.15	5.25	 6	0.75425		mirror		dx+	1.00	-82	35	 0	 0
4.15	5.25	 6	0.75425		mirror		dy+	1.00	-82	35	 0	 0
4.15	5.25	 6	0.75425		mirror		dz+	1.00	-82	35	 1	 6
4.15	5.25	 6	0.75425		mirror		tx+	0.01	-82	35	15	-222
4.15	5.25	 6	0.75425		mirror		ty+	0.01	-82	35	246	-110
4.15	5.25	 6	0.75425		mirror		tz+	0.01	-82	35	 0	 0
4.15	5.25	 6	0.78568		mirror		dx+	1.00	-87	81	 0	 0
4.15	5.25	 6	0.78568		mirror		dy+	1.00	-87	81	 0	 0
4.15	5.25	 6	0.78568		mirror		dz+	1.00	-87	81	 0	 7
4.15	5.25	 6	0.78568		mirror		tx+	0.01	-87	81	40	-247
4.15	5.25	 6	0.78568		mirror		ty+	0.01	-87	81	263	-125
4.15	5.25	 6	0.78568		mirror		tz+	0.01	-87	81	 0	 0
4.15	5.25	 6	0.81710		mirror		dx+	1.00	-98	134	 0	 0
4.15	5.25	 6	0.81710		mirror		dy+	1.00	-98	134	 0	 0
4.15	5.25	 6	0.81710		mirror		dz+	1.00	-98	134	 0	 8
4.15	5.25	 6	0.81710		mirror		tx+	0.01	-98	134	78	-289
4.15	5.25	 6	0.81710		mirror		ty+	0.01	-98	134	294	-151
4.15	5.25	 6	0.81710		mirror		tz+	0.01	-98	134	 0	 0
4.15	5.25	 7	0.60000		mirror		dx+	1.00	-87	-36	 0	 0
4.15	5.25	 7	0.60000		mirror		dy+	1.00	-87	-36	 0	 0
4.15	5.25	 7	0.60000		mirror		dz+	1.00	-87	-36	 1	 5
4.15	5.25	 7	0.60000		mirror		tx+	0.01	-87	-36	-14	-199
4.15	5.25	 7	0.60000		mirror		ty+	0.01	-87	-36	235	-95
4.15	5.25	 7	0.60000		mirror		tz+	0.01	-87	-36	 0	 0
4.15	5.25	 7	0.62325		mirror		dx+	1.00	-85	-1	 0	 0
4.15	5.25	 7	0.62325		mirror		dy+	1.00	-85	-1	 0	 0
4.15	5.25	 7	0.62325		mirror		dz+	1.00	-85	-1	 1	 6
4.15	5.25	 7	0.62325		mirror		tx+	0.01	-85	-1	 0	-209
4.15	5.25	 7	0.62325		mirror		ty+	0.01	-85	-1	240	-102
4.15	5.25	 7	0.62325		mirror		tz+	0.01	-85	-1	 0	 0
4.15	5.25	 7	0.64650		mirror		dx+	1.00	-86	36	 0	 0
4.15	5.25	 7	0.64650		mirror		dy+	1.00	-86	36	 0	 0
4.15	5.25	 7	0.64650		mirror		dz+	1.00	-86	36	 1	 6
4.15	5.25	 7	0.64650		mirror		tx+	0.01	-86	36	16	-223
4.15	5.25	 7	0.64650		mirror		ty+	0.01	-86	36	249	-111
4.15	5.25	 7	0.64650		mirror		tz+	0.01	-86	36	 0	 0
4.15	5.25	 7	0.66975		mirror		dx+	1.00	-89	75	 0	 0
4.15	5.25	 7	0.66975		mirror		dy+	1.00	-89	75	 0	 0
4.15	5.25	 7	0.66975		mirror		dz+	1.00	-89	75	 0	 7
4.15	5.25	 7	0.66975		mirror		tx+	0.01	-89	75	37	-244
4.15	5.25	 7	0.66975		mirror		ty+	0.01	-89	75	263	-124
4.15	5.25	 7	0.66975		mirror		tz+	0.01	-89	75	 0	 0
4.15	5.25	 7	0.69300		mirror		dx+	1.00	-97	120	 0	 0
4.15	5.25	 7	0.69300		mirror		dy+	1.00	-97	120	 0	 0
4.15	5.25	 7	0.69300		mirror		dz+	1.00	-97	120	 0	 8
4.15	5.25	 7	0.69300		mirror		tx+	0.01	-97	120	67	-276
4.15	5.25	 7	0.69300		mirror		ty+	0.01	-97	120	287	-144
4.15	5.25	 7	0.69300		mirror		tz+	0.01	-97	120	 0	 0
4.15	5.25	 8	0.53033		mirror		dx+	1.00	-91	-26	 0	 0
4.15	5.25	 8	0.53033		mirror		dy+	1.00	-91	-26	 0	 0
4.15	5.25	 8	0.53033		mirror		dz+	1.00	-91	-26	 1	 6
4.15	5.25	 8	0.53033		mirror		tx+	0.01	-91	-26	-10	-202
4.15	5.25	 8	0.53033		mirror		ty+	0.01	-91	-26	239	-98
4.15	5.25	 8	0.53033		mirror		tz+	0.01	-91	-26	 0	 0
4.15	5.25	 8	0.54801		mirror		dx+	1.00	-89	 5	 0	 0
4.15	5.25	 8	0.54801		mirror		dy+	1.00	-89	 5	 0	 0
4.15	5.25	 8	0.54801		mirror		dz+	1.00	-89	 5	 1	 6
4.15	5.25	 8	0.54801		mirror		tx+	0.01	-89	 5	 2	-211
4.15	5.25	 8	0.54801		mirror		ty+	0.01	-89	 5	244	-104
4.15	5.25	 8	0.54801		mirror		tz+	0.01	-89	 5	 0	 0
4.15	5.25	 8	0.56569		mirror		dx+	1.00	-89	37	 0	 0
4.15	5.25	 8	0.56569		mirror		dy+	1.00	-89	37	 0	 0
4.15	5.25	 8	0.56569		mirror		dz+	1.00	-89	37	 1	 6
4.15	5.25	 8	0.56569		mirror		tx+	0.01	-89	37	17	-224
4.15	5.25	 8	0.56569		mirror		ty+	0.01	-89	37	252	-112
4.15	5.25	 8	0.56569		mirror		tz+	0.01	-89	37	 0	 0
4.15	5.25	 8	0.58337		mirror		dx+	1.00	-92	71	 0	 0
4.15	5.25	 8	0.58337		mirror		dy+	1.00	-92	71	 0	 0
4.15	5.25	 8	0.58337		mirror		dz+	1.00	-92	71	 0	 7
4.15	5.25	 8	0.58337		mirror		tx+	0.01	-92	71	35	-242
4.15	5.25	 8	0.58337		mirror		ty+	0.01	-92	71	264	-123
4.15	5.25	 8	0.58337		mirror		tz+	0.01	-92	71	 0	 0
4.15	5.25	 8	0.60104		mirror		dx+	1.00	-98	109	 0	 0
4.15	5.25	 8	0.60104		mirror		dy+	1.00	-98	109	 0	 0
4.15	5.25	 8	0.60104		mirror		dz+	1.00	-98	109	 0	 8
4.15	5.25	 8	0.60104		mirror		tx+	0.01	-98	109	60	-267
4.15	5.25	 8	0.60104		mirror		ty+	0.01	-98	109	284	-139
4.15	5.25	 8	0.60104		mirror		tz+	0.01	-98	109	 0	 0
2.08	5.25	 5	0.81459		mirror		dx+	1.00	-30	-88	 0	 0
2.08	5.25	 5	0.81459		mirror		dy+	1.00	-30	-88	 0	 0
2.08	5.25	 5	0.81459		mirror		dz+	1.00	-30	-88	 1	 5
2.08	5.25	 5	0.81459		mirror		tx+	0.01	-30	-88	-26	-190
2.08	5.25	 5	0.81459		mirror		ty+	0.01	-30	-88	202	-81
2.08	5.25	 5	0.81459		mirror		tz+	0.01	-30	-88	 0	 0
2.08	5.25	 5	0.85984		mirror		dx+	1.00	-24	-42	 0	 0
2.08	5.25	 5	0.85984		mirror		dy+	1.00	-24	-42	 0	 0
2.08	5.25	 5	0.85984		mirror		dz+	1.00	-24	-42	 1	 6
2.08	5.25	 5	0.85984		mirror		tx+	0.01	-24	-42	-13	-197
2.08	5.25	 5	0.85984		mirror		ty+	0.01	-24	-42	204	-84
2.08	5.25	 5	0.85984		mirror		tz+	0.01	-24	-42	 0	 0
2.08	5.25	 5	0.90510		mirror		dx+	1.00	-22	 6	 0	 0
2.08	5.25	 5	0.90510		mirror		dy+	1.00	-22	 6	 0	 0
2.08	5.25	 5	0.90510		mirror		dz+	1.00	-22	 6	 0	 6
2.08	5.25	 5	0.90510		mirror		tx+	0.01	-22	 6	 2	-210
2.08	5.25	 5	0.90510		mirror		ty+	0.01	-22	 6	209	-91
2.08	5.25	 5	0.90510		mirror		tz+	0.01	-22	 6	 0	 0
2.08	5.25	 5	0.95035		mirror		dx+	1.00	-25	58	 0	 0
2.08	5.25	 5	0.95035		mirror		dy+	1.00	-25	58	 0	 0
2.08	5.25	 5	0.95035		mirror		dz+	1.00	-25	58	 0	 7
2.08	5.25	 5	0.95035		mirror		tx+	0.01	-25	58	21	-232
2.08	5.25	 5	0.95035		mirror		ty+	0.01	-25	58	220	-101
2.08	5.25	 5	0.95035		mirror		tz+	0.01	-25	58	 0	 0
2.08	5.25	 5	0.99561		mirror		dx+	1.00	-32	117	 0	 0
2.08	5.25	 5	0.99561		mirror		dy+	1.00	-32	117	 0	 0
2.08	5.25	 5	0.99561		mirror		dz+	1.00	-32	117	 0	 8
2.08	5.25	 5	0.99561		mirror		tx+	0.01	-32	117	51	-270
2.08	5.25	 5	0.99561		mirror		ty+	0.01	-32	117	239	-120
2.08	5.25	 5	0.99561		mirror		tz+	0.01	-32	117	 0	 0
2.08	5.25	 6	0.69140		mirror		dx+	1.00	-31	-72	 0	 0
2.08	5.25	 6	0.69140		mirror		dy+	1.00	-31	-72	 0	 0
2.08	5.25	 6	0.69140		mirror		dz+	1.00	-31	-72	 1	 5
2.08	5.25	 6	0.69140		mirror		tx+	0.01	-31	-72	-22	-192
2.08	5.25	 6	0.69140		mirror		ty+	0.01	-31	-72	204	-82
2.08	5.25	 6	0.69140		mirror		tz+	0.01	-31	-72	 0	 0
2.08	5.25	 6	0.72282		mirror		dx+	1.00	-27	-34	 0	 0
2.08	5.25	 6	0.72282		mirror		dy+	1.00	-27	-34	 0	 0
2.08	5.25	 6	0.72282		mirror		dz+	1.00	-27	-34	 0	 6
2.08	5.25	 6	0.72282		mirror		tx+	0.01	-27	-34	-10	-199
2.08	5.25	 6	0.72282		mirror		ty+	0.01	-27	-34	206	-86
2.08	5.25	 6	0.72282		mirror		tz+	0.01	-27	-34	 0	 0
2.08	5.25	 6	0.75425		mirror		dx+	1.00	-25	 6	 0	 0
2.08	5.25	 6	0.75425		mirror		dy+	1.00	-25	 6	 0	 0
2.08	5.25	 6	0.75425		mirror		dz+	1.00	-25	 6	 0	 6
2.08	5.25	 6	0.75425		mirror		tx+	0.01	-25	 6	 2	-211
2.08	5.25	 6	0.75425		mirror		ty+	0.01	-25	 6	211	-91
2.08	5.25	 6	0.75425		mirror		tz+	0.01	-25	 6	 0	 0
2.08	5.25	 6	0.78568		mirror		dx+	1.00	-26	49	 0	 0
2.08	5.25	 6	0.78568		mirror		dy+	1.00	-26	49	 0	 0
2.08	5.25	 6	0.78568		mirror		dz+	1.00	-26	49	 0	 7
2.08	5.25	 6	0.78568		mirror		tx+	0.01	-26	49	18	-228
2.08	5.25	 6	0.78568		mirror		ty+	0.01	-26	49	219	-100
2.08	5.25	 6	0.78568		mirror		tz+	0.01	-26	49	 0	 0
2.08	5.25	 6	0.81710		mirror		dx+	1.00	-31	97	 0	 0
2.08	5.25	 6	0.81710		mirror		dy+	1.00	-31	97	 0	 0
2.08	5.25	 6	0.81710		mirror		dz+	1.00	-31	97	 0	 8
2.08	5.25	 6	0.81710		mirror		tx+	0.01	-31	97	40	-256
2.08	5.25	 6	0.81710		mirror		ty+	0.01	-31	97	233	-113
2.08	5.25	 6	0.81710		mirror		tz+	0.01	-31	97	 0	 0
2.08	5.25	 7	0.60000		mirror		dx+	1.00	-32	-61	 0	 0
2.08	5.25	 7	0.60000		mirror		dy+	1.00	-32	-61	 0	 0
2.08	5.25	 7	0.60000		mirror		dz+	1.00	-32	-61	 1	 6
2.08	5.25	 7	0.60000		mirror		tx+	0.01	-32	-61	-19	-194
2.08	5.25	 7	0.60000		mirror		ty+	0.01	-32	-61	206	-84
2.08	5.25	 7	0.60000		mirror		tz+	0.01	-32	-61	 0	 0
2.08	5.25	 7	0.62325		mirror		dx+	1.00	-29	-28	 0	 0
2.08	5.25	 7	0.62325		mirror		dy+	1.00	-29	-28	 0	 0
2.08	5.25	 7	0.62325		mirror		dz+	1.00	-29	-28	 0	 6
2.08	5.25	 7	0.62325		mirror		tx+	0.01	-29	-28	-8	-201
2.08	5.25	 7	0.62325		mirror		ty+	0.01	-29	-28	208	-87
2.08	5.25	 7	0.62325		mirror		tz+	0.01	-29	-28	 0	 0
2.08	5.25	 7	0.64650		mirror		dx+	1.00	-28	 7	 0	 0
2.08	5.25	 7	0.64650		mirror		dy+	1.00	-28	 7	 0	 0
2.08	5.25	 7	0.64650		mirror		dz+	1.00	-28	 7	 0	 6
2.08	5.25	 7	0.64650		mirror		tx+	0.01	-28	 7	 2	-211
2.08	5.25	 7	0.64650		mirror		ty+	0.01	-28	 7	212	-92
2.08	5.25	 7	0.64650		mirror		tz+	0.01	-28	 7	 0	 0
2.08	5.25	 7	0.66975		mirror		dx+	1.00	-29	44	 0	 0
2.08	5.25	 7	0.66975		mirror		dy+	1.00	-29	44	 0	 0
2.08	5.25	 7	0.66975		mirror		dz+	1.00	-29	44	 0	 7
2.08	5.25	 7	0.66975		mirror		tx+	0.01	-29	44	16	-226
2.08	5.25	 7	0.66975		mirror		ty+	0.01	-29	44	219	-99
2.08	5.25	 7	0.66975		mirror		tz+	0.01	-29	44	 0	 0
2.08	5.25	 7	0.69300		mirror		dx+	1.00	-32	84	 0	 0
2.08	5.25	 7	0.69300		mirror		dy+	1.00	-32	84	 0	 0
2.08	5.25	 7	0.69300		mirror		dz+	1.00	-32	84	 0	 7
2.08	5.25	 7	0.69300		mirror		tx+	0.01	-32	84	34	-247
2.08	5.25	 7	0.69300		mirror		ty+	0.01	-32	84	230	-110
2.08	5.25	 7	0.69300		mirror		tz+	0.01	-32	84	 0	 0
2.08	5.25	 8	0.53033		mirror		dx+	1.00	-35	-52	 0	 0
2.08	5.25	 8	0.53033		mirror		dy+	1.00	-35	-52	 0	 0
2.08	5.25	 8	0.53033		mirror		dz+	1.00	-35	-52	 1	 6
2.08	5.25	 8	0.53033		mirror		tx+	0.01	-35	-52	-16	-195
2.08	5.25	 8	0.53033		mirror		ty+	0.01	-35	-52	208	-85
2.08	5.25	 8	0.53033		mirror		tz+	0.01	-35	-52	 0	 0
2.08	5.25	 8	0.54801		mirror		dx+	1.00	-32	-23	 0	 0
2.08	5.25	 8	0.54801		mirror		dy+	1.00	-32	-23	 0	 0
2.08	5.25	 8	0.54801		mirror		dz+	1.00	-32	-23	 0	 6
2.08	5.25	 8	0.54801		mirror		tx+	0.01	-32	-23	-7	-202
2.08	5.25	 8	0.54801		mirror		ty+	0.01	-32	-23	210	-88
2.08	5.25	 8	0.54801		mirror		tz+	0.01	-32	-23	 0	 0
2.08	5.25	 8	0.56569		mirror		dx+	1.00	-31	 8	 0	 0
2.08	5.25	 8	0.56569		mirror		dy+	1.00	-31	 8	 0	 0
2.08	5.25	 8	0.56569		mirror		dz+	1.00	-31	 8	 0	 6
2.08	5.25	 8	0.56569		mirror		tx+	0.01	-31	 8	 3	-211
2.08	5.25	 8	0.56569		mirror		ty+	0.01	-31	 8	214	-93
2.08	5.25	 8	0.56569		mirror		tz+	0.01	-31	 8	 0	 0
2.08	5.25	 8	0.58337		mirror		dx+	1.00	-31	40	 0	 0
2.08	5.25	 8	0.58337		mirror		dy+	1.00	-31	40	 0	 0
2.08	5.25	 8	0.58337		mirror		dz+	1.00	-31	40	 0	 7
2.08	5.25	 8	0.58337		mirror		tx+	0.01	-31	40	15	-224
2.08	5.25	 8	0.58337		mirror		ty+	0.01	-31	40	220	-99
2.08	5.25	 8	0.58337		mirror		tz+	0.01	-31	40	 0	 0
2.08	5.25	 8	0.60104		mirror		dx+	1.00	-34	74	 0	 0
2.08	5.25	 8	0.60104		mirror		dy+	1.00	-34	74	 0	 0
2.08	5.25	 8	0.60104		mirror		dz+	1.00	-34	74	 0	 7
2.08	5.25	 8	0.60104		mirror		tx+	0.01	-34	74	29	-241
2.08	5.25	 8	0.60104		mirror		ty+	0.01	-34	74	229	-107
2.08	5.25	 8	0.60104		mirror		tz+	0.01	-34	74	 0	 0
0.00	5.25	 5	0.81459		mirror		dx+	1.00	19	-108	 0	 0
0.00	5.25	 5	0.81459		mirror		dy+	1.00	19	-108	 0	 0
0.00	5.25	 5	0.81459		mirror		dz+	1.00	19	-108	 0	 5
0.00	5.25	 5	0.81459		mirror		tx+	0.01	19	-108	-26	-188
0.00	5.25	 5	0.81459		mirror		ty+	0.01	19	-108	188	-74
0.00	5.25	 5	0.81459		mirror		tz+	0.01	19	-108	 0	 0
0.00	5.25	 5	0.85984		mirror		dx+	1.00	25	-64	 0	 0
0.00	5.25	 5	0.85984		mirror		dy+	1.00	25	-64	 0	 0
0.00	5.25	 5	0.85984		mirror		dz+	1.00	25	-64	 0	 6
0.00	5.25	 5	0.85984		mirror		tx+	0.01	25	-64	-16	-194
0.00	5.25	 5	0.85984		mirror		ty+	0.01	25	-64	188	-76
0.00	5.25	 5	0.85984		mirror		tz+	0.01	25	-64	 0	 0
0.00	5.25	 5	0.90510		mirror		dx+	1.00	28	-17	 0	 0
0.00	5.25	 5	0.90510		mirror		dy+	1.00	28	-17	 0	 0
0.00	5.25	 5	0.90510		mirror		dz+	1.00	28	-17	 0	 6
0.00	5.25	 5	0.90510		mirror		tx+	0.01	28	-17	-4	-204
0.00	5.25	 5	0.90510		mirror		ty+	0.01	28	-17	191	-79
0.00	5.25	 5	0.90510		mirror		tz+	0.01	28	-17	 0	 0
0.00	5.25	 5	0.95035		mirror		dx+	1.00	28	33	 0	 0
0.00	5.25	 5	0.95035		mirror		dy+	1.00	28	33	 0	 0
0.00	5.25	 5	0.95035		mirror		dz+	1.00	28	33	 0	 7
0.00	5.25	 5	0.95035		mirror		tx+	0.01	28	33	10	-221
0.00	5.25	 5	0.95035		mirror		ty+	0.01	28	33	197	-85
0.00	5.25	 5	0.95035		mirror		tz+	0.01	28	33	 0	 0
0.00	5.25	 5	0.99561		mirror		dx+	1.00	24	89	 0	 0
0.00	5.25	 5	0.99561		mirror		dy+	1.00	24	89	 0	 0
0.00	5.25	 5	0.99561		mirror		dz+	1.00	24	89	 0	 8
0.00	5.25	 5	0.99561		mirror		tx+	0.01	24	89	29	-249
0.00	5.25	 5	0.99561		mirror		ty+	0.01	24	89	207	-95
0.00	5.25	 5	0.99561		mirror		tz+	0.01	24	89	 0	 0
0.00	5.25	 6	0.69140		mirror		dx+	1.00	19	-93	 0	 0
0.00	5.25	 6	0.69140		mirror		dy+	1.00	19	-93	 0	 0
0.00	5.25	 6	0.69140		mirror		dz+	1.00	19	-93	 0	 5
0.00	5.25	 6	0.69140		mirror		tx+	0.01	19	-93	-23	-189
0.00	5.25	 6	0.69140		mirror		ty+	0.01	19	-93	189	-75
0.00	5.25	 6	0.69140		mirror		tz+	0.01	19	-93	 0	 0
0.00	5.25	 6	0.72282		mirror		dx+	1.00	23	-55	 0	 0
0.00	5.25	 6	0.72282		mirror		dy+	1.00	23	-55	 0	 0
0.00	5.25	 6	0.72282		mirror		dz+	1.00	23	-55	 0	 6
0.00	5.25	 6	0.72282		mirror		tx+	0.01	23	-55	-14	-195
0.00	5.25	 6	0.72282		mirror		ty+	0.01	23	-55	189	-76
0.00	5.25	 6	0.72282		mirror		tz+	0.01	23	-55	 0	 0
0.00	5.25	 6	0.75425		mirror		dx+	1.00	26	-16	 0	 0
0.00	5.25	 6	0.75425		mirror		dy+	1.00	26	-16	 0	 0
0.00	5.25	 6	0.75425		mirror		dz+	1.00	26	-16	 0	 6
0.00	5.25	 6	0.75425		mirror		tx+	0.01	26	-16	-4	-204
0.00	5.25	 6	0.75425		mirror		ty+	0.01	26	-16	192	-79
0.00	5.25	 6	0.75425		mirror		tz+	0.01	26	-16	 0	 0
0.00	5.25	 6	0.78568		mirror		dx+	1.00	26	25	 0	 0
0.00	5.25	 6	0.78568		mirror		dy+	1.00	26	25	 0	 0
0.00	5.25	 6	0.78568		mirror		dz+	1.00	26	25	 0	 7
0.00	5.25	 6	0.78568		mirror		tx+	0.01	26	25	 7	-218
0.00	5.25	 6	0.78568		mirror		ty+	0.01	26	25	196	-84
0.00	5.25	 6	0.78568		mirror		tz+	0.01	26	25	 0	 0
0.00	5.25	 6	0.81710		mirror		dx+	1.00	24	70	 0	 0
0.00	5.25	 6	0.81710		mirror		dy+	1.00	24	70	 0	 0
0.00	5.25	 6	0.81710		mirror		dz+	1.00	24	70	 0	 7
0.00	5.25	 6	0.81710		mirror		tx+	0.01	24	70	22	-238
0.00	5.25	 6	0.81710		mirror		ty+	0.01	24	70	204	-92
0.00	5.25	 6	0.81710		mirror		tz+	0.01	24	70	 0	 0
0.00	5.25	 7	0.60000		mirror		dx+	1.00	17	-82	 0	 0
0.00	5.25	 7	0.60000		mirror		dy+	1.00	17	-82	 0	 0
0.00	5.25	 7	0.60000		mirror		dz+	1.00	17	-82	 0	 6
0.00	5.25	 7	0.60000		mirror		tx+	0.01	17	-82	-21	-191
0.00	5.25	 7	0.60000		mirror		ty+	0.01	17	-82	190	-76
0.00	5.25	 7	0.60000		mirror		tz+	0.01	17	-82	 0	 0
0.00	5.25	 7	0.62325		mirror		dx+	1.00	21	-50	 0	 0
0.00	5.25	 7	0.62325		mirror		dy+	1.00	21	-50	 0	 0
0.00	5.25	 7	0.62325		mirror		dz+	1.00	21	-50	 0	 6
0.00	5.25	 7	0.62325		mirror		tx+	0.01	21	-50	-12	-196
0.00	5.25	 7	0.62325		mirror		ty+	0.01	21	-50	190	-77
0.00	5.25	 7	0.62325		mirror		tz+	0.01	21	-50	 0	 0
0.00	5.25	 7	0.64650		mirror		dx+	1.00	23	-16	 0	 0
0.00	5.25	 7	0.64650		mirror		dy+	1.00	23	-16	 0	 0
0.00	5.25	 7	0.64650		mirror		dz+	1.00	23	-16	 0	 6
0.00	5.25	 7	0.64650		mirror		tx+	0.01	23	-16	-4	-204
0.00	5.25	 7	0.64650		mirror		ty+	0.01	23	-16	193	-80
0.00	5.25	 7	0.64650		mirror		tz+	0.01	23	-16	 0	 0
0.00	5.25	 7	0.66975		mirror		dx+	1.00	24	20	 0	 0
0.00	5.25	 7	0.66975		mirror		dy+	1.00	24	20	 0	 0
0.00	5.25	 7	0.66975		mirror		dz+	1.00	24	20	 0	 7
0.00	5.25	 7	0.66975		mirror		tx+	0.01	24	20	 6	-216
0.00	5.25	 7	0.66975		mirror		ty+	0.01	24	20	196	-84
0.00	5.25	 7	0.66975		mirror		tz+	0.01	24	20	 0	 0
0.00	5.25	 7	0.69300		mirror		dx+	1.00	22	58	 0	 0
0.00	5.25	 7	0.69300		mirror		dy+	1.00	22	58	 0	 0
0.00	5.25	 7	0.69300		mirror		dz+	1.00	22	58	 0	 7
0.00	5.25	 7	0.69300		mirror		tx+	0.01	22	58	18	-232
0.00	5.25	 7	0.69300		mirror		ty+	0.01	22	58	202	-90
0.00	5.25	 7	0.69300		mirror		tz+	0.01	22	58	 0	 0
0.00	5.25	 8	0.53033		mirror		dx+	1.00	15	-73	 0	 0
0.00	5.25	 8	0.53033		mirror		dy+	1.00	15	-73	 0	 0
0.00	5.25	 8	0.53033		mirror		dz+	1.00	15	-73	 0	 6
0.00	5.25	 8	0.53033		mirror		tx+	0.01	15	-73	-19	-192
0.00	5.25	 8	0.53033		mirror		ty+	0.01	15	-73	191	-76
0.00	5.25	 8	0.53033		mirror		tz+	0.01	15	-73	 0	 0
0.00	5.25	 8	0.54801		mirror		dx+	1.00	18	-45	 0	 0
0.00	5.25	 8	0.54801		mirror		dy+	1.00	18	-45	 0	 0
0.00	5.25	 8	0.54801		mirror		dz+	1.00	18	-45	 0	 6
0.00	5.25	 8	0.54801		mirror		tx+	0.01	18	-45	-11	-197
0.00	5.25	 8	0.54801		mirror		ty+	0.01	18	-45	192	-78
0.00	5.25	 8	0.54801		mirror		tz+	0.01	18	-45	 0	 0
0.00	5.25	 8	0.56569		mirror		dx+	1.00	20	-15	 0	 0
0.00	5.25	 8	0.56569		mirror		dy+	1.00	20	-15	 0	 0
0.00	5.25	 8	0.56569		mirror		dz+	1.00	20	-15	 0	 6
0.00	5.25	 8	0.56569		mirror		tx+	0.01	20	-15	-3	-204
0.00	5.25	 8	0.56569		mirror		ty+	0.01	20	-15	194	-80
0.00	5.25	 8	0.56569		mirror		tz+	0.01	20	-15	 0	 0
0.00	5.25	 8	0.58337		mirror		dx+	1.00	21	16	 0	 0
0.00	5.25	 8	0.58337		mirror		dy+	1.00	21	16	 0	 0
0.00	5.25	 8	0.58337		mirror		dz+	1.00	21	16	 0	 7
0.00	5.25	 8	0.58337		mirror		tx+	0.01	21	16	 4	-214
0.00	5.25	 8	0.58337		mirror		ty+	0.01	21	16	197	-84
0.00	5.25	 8	0.58337		mirror		tz+	0.01	21	16	 0	 0
0.00	5.25	 8	0.60104		mirror		dx+	1.00	20	48	 0	 0
0.00	5.25	 8	0.60104		mirror		dy+	1.00	20	48	 0	 0
0.00	5.25	 8	0.60104		mirror		dz+	1.00	20	48	 0	 7
0.00	5.25	 8	0.60104		mirror		tx+	0.01	20	48	15	-228
0.00	5.25	 8	0.60104		mirror		ty+	0.01	20	48	202	-88
0.00	5.25	 8	0.60104		mirror		tz+	0.01	20	48	 0	 0
-2.08	5.25	 5	0.81459		mirror		dx+	1.00	66	-126	 0	 0
-2.08	5.25	 5	0.81459		mirror		dy+	1.00	66	-126	 0	 0
-2.08	5.25	 5	0.81459		mirror		dz+	1.00	66	-126	 0	 5
-2.08	5.25	 5	0.81459		mirror		tx+	0.01	66	-126	-26	-188
-2.08	5.25	 5	0.81459		mirror		ty+	0.01	66	-126	180	-70
-2.08	5.25	 5	0.81459		mirror		tz+	0.01	66	-126	 0	 0
-2.08	5.25	 5	0.85984		mirror		dx+	1.00	72	-81	 0	 0
-2.08	5.25	 5	0.85984		mirror		dy+	1.00	72	-81	 0	 0
-2.08	5.25	 5	0.85984		mirror		dz+	1.00	72	-81	 0	 6
-2.08	5.25	 5	0.85984		mirror		tx+	0.01	72	-81	-17	-192
-2.08	5.25	 5	0.85984		mirror		ty+	0.01	72	-81	180	-69
-2.08	5.25	 5	0.85984		mirror		tz+	0.01	72	-81	 0	 0
-2.08	5.25	 5	0.90510		mirror		dx+	1.00	75	-35	 0	 0
-2.08	5.25	 5	0.90510		mirror		dy+	1.00	75	-35	 0	 0
-2.08	5.25	 5	0.90510		mirror		dz+	1.00	75	-35	 0	 6
-2.08	5.25	 5	0.90510		mirror		tx+	0.01	75	-35	-7	-201
-2.08	5.25	 5	0.90510		mirror		ty+	0.01	75	-35	181	-71
-2.08	5.25	 5	0.90510		mirror		tz+	0.01	75	-35	 0	 0
-2.08	5.25	 5	0.95035		mirror		dx+	1.00	76	14	 0	 0
-2.08	5.25	 5	0.95035		mirror		dy+	1.00	76	14	 0	 0
-2.08	5.25	 5	0.95035		mirror		dz+	1.00	76	14	 0	 7
-2.08	5.25	 5	0.95035		mirror		tx+	0.01	76	14	 3	-215
-2.08	5.25	 5	0.95035		mirror		ty+	0.01	76	14	184	-73
-2.08	5.25	 5	0.95035		mirror		tz+	0.01	76	14	 0	 0
-2.08	5.25	 5	0.99561		mirror		dx+	1.00	74	68	 0	 0
-2.08	5.25	 5	0.99561		mirror		dy+	1.00	74	68	 0	 0
-2.08	5.25	 5	0.99561		mirror		dz+	1.00	74	68	-1	 8
-2.08	5.25	 5	0.99561		mirror		tx+	0.01	74	68	17	-238
-2.08	5.25	 5	0.99561		mirror		ty+	0.01	74	68	191	-79
-2.08	5.25	 5	0.99561		mirror		tz+	0.01	74	68	 0	 0
-2.08	5.25	 6	0.69140		mirror		dx+	1.00	66	-111	 0	 0
-2.08	5.25	 6	0.69140		mirror		dy+	1.00	66	-111	 0	 0
-2.08	5.25	 6	0.69140		mirror		dz+	1.00	66	-111	 0	 5
-2.08	5.25	 6	0.69140		mirror		tx+	0.01	66	-111	-23	-189
-2.08	5.25	 6	0.69140		mirror		ty+	0.01	66	-111	180	-70
-2.08	5.25	 6	0.69140		mirror		tz+	0.01	66	-111	 0	 0
-2.08	5.25	 6	0.72282		mirror		dx+	1.00	70	-73	 0	 0
-2.08	5.25	 6	0.72282		mirror		dy+	1.00	70	-73	 0	 0
-2.08	5.25	 6	0.72282		mirror		dz+	1.00	70	-73	 0	 6
-2.08	5.25	 6	0.72282		mirror		tx+	0.01	70	-73	-15	-193
-2.08	5.25	 6	0.72282		mirror		ty+	0.01	70	-73	180	-70
-2.08	5.25	 6	0.72282		mirror		tz+	0.01	70	-73	 0	 0
-2.08	5.25	 6	0.75425		mirror		dx+	1.00	73	-34	 0	 0
-2.08	5.25	 6	0.75425		mirror		dy+	1.00	73	-34	 0	 0
-2.08	5.25	 6	0.75425		mirror		dz+	1.00	73	-34	 0	 6
-2.08	5.25	 6	0.75425		mirror		tx+	0.01	73	-34	-7	-201
-2.08	5.25	 6	0.75425		mirror		ty+	0.01	73	-34	181	-71
-2.08	5.25	 6	0.75425		mirror		tz+	0.01	73	-34	 0	 0
-2.08	5.25	 6	0.78568		mirror		dx+	1.00	74	 6	 0	 0
-2.08	5.25	 6	0.78568		mirror		dy+	1.00	74	 6	 0	 0
-2.08	5.25	 6	0.78568		mirror		dz+	1.00	74	 6	 0	 7
-2.08	5.25	 6	0.78568		mirror		tx+	0.01	74	 6	 1	-212
-2.08	5.25	 6	0.78568		mirror		ty+	0.01	74	 6	184	-73
-2.08	5.25	 6	0.78568		mirror		tz+	0.01	74	 6	 0	 0
-2.08	5.25	 6	0.81710		mirror		dx+	1.00	73	50	 0	 0
-2.08	5.25	 6	0.81710		mirror		dy+	1.00	73	50	 0	 0
-2.08	5.25	 6	0.81710		mirror		dz+	1.00	73	50	 0	 7
-2.08	5.25	 6	0.81710		mirror		tx+	0.01	73	50	12	-229
-2.08	5.25	 6	0.81710		mirror		ty+	0.01	73	50	189	-77
-2.08	5.25	 6	0.81710		mirror		tz+	0.01	73	50	 0	 0
-2.08	5.25	 7	0.60000		mirror		dx+	1.00	64	-100	 0	 0
-2.08	5.25	 7	0.60000		mirror		dy+	1.00	64	-100	 0	 0
-2.08	5.25	 7	0.60000		mirror		dz+	1.00	64	-100	 0	 6
-2.08	5.25	 7	0.60000		mirror		tx+	0.01	64	-100	-21	-190
-2.08	5.25	 7	0.60000		mirror		ty+	0.01	64	-100	180	-70
-2.08	5.25	 7	0.60000		mirror		tz+	0.01	64	-100	 0	 0
-2.08	5.25	 7	0.62325		mirror		dx+	1.00	68	-67	 0	 0
-2.08	5.25	 7	0.62325		mirror		dy+	1.00	68	-67	 0	 0
-2.08	5.25	 7	0.62325		mirror		dz+	1.00	68	-67	 0	 6
-2.08	5.25	 7	0.62325		mirror		tx+	0.01	68	-67	-14	-194
-2.08	5.25	 7	0.62325		mirror		ty+	0.01	68	-67	181	-70
-2.08	5.25	 7	0.62325		mirror		tz+	0.01	68	-67	 0	 0
-2.08	5.25	 7	0.64650		mirror		dx+	1.00	71	-34	 0	 0
-2.08	5.25	 7	0.64650		mirror		dy+	1.00	71	-34	 0	 0
-2.08	5.25	 7	0.64650		mirror		dz+	1.00	71	-34	 0	 6
-2.08	5.25	 7	0.64650		mirror		tx+	0.01	71	-34	-7	-201
-2.08	5.25	 7	0.64650		mirror		ty+	0.01	71	-34	182	-71
-2.08	5.25	 7	0.64650		mirror		tz+	0.01	71	-34	 0	 0
-2.08	5.25	 7	0.66975		mirror		dx+	1.00	72	 1	 0	 0
-2.08	5.25	 7	0.66975		mirror		dy+	1.00	72	 1	 0	 0
-2.08	5.25	 7	0.66975		mirror		dz+	1.00	72	 1	 0	 7
-2.08	5.25	 7	0.66975		mirror		tx+	0.01	72	 1	 0	-210
-2.08	5.25	 7	0.66975		mirror		ty+	0.01	72	 1	184	-73
-2.08	5.25	 7	0.66975		mirror		tz+	0.01	72	 1	 0	 0
-2.08	5.25	 7	0.69300		mirror		dx+	1.00	72	38	 0	 0
-2.08	5.25	 7	0.69300		mirror		dy+	1.00	72	38	 0	 0
-2.08	5.25	 7	0.69300		mirror		dz+	1.00	72	38	 0	 7
-2.08	5.25	 7	0.69300		mirror		tx+	0.01	72	38	 9	-224
-2.08	5.25	 7	0.69300		mirror		ty+	0.01	72	38	188	-76
-2.08	5.25	 7	0.69300		mirror		tz+	0.01	72	38	 0	 0
-2.08	5.25	 8	0.53033		mirror		dx+	1.00	62	-91	 0	 0
-2.08	5.25	 8	0.53033		mirror		dy+	1.00	62	-91	 0	 0
-2.08	5.25	 8	0.53033		mirror		dz+	1.00	62	-91	 0	 6
-2.08	5.25	 8	0.53033		mirror		tx+	0.01	62	-91	-19	-191
-2.08	5.25	 8	0.53033		mirror		ty+	0.01	62	-91	181	-70
-2.08	5.25	 8	0.53033		mirror		tz+	0.01	62	-91	 0	 0
-2.08	5.25	 8	0.54801		mirror		dx+	1.00	65	-63	 0	 0
-2.08	5.25	 8	0.54801		mirror		dy+	1.00	65	-63	 0	 0
-2.08	5.25	 8	0.54801		mirror		dz+	1.00	65	-63	 0	 6
-2.08	5.25	 8	0.54801		mirror		tx+	0.01	65	-63	-13	-195
-2.08	5.25	 8	0.54801		mirror		ty+	0.01	65	-63	181	-71
-2.08	5.25	 8	0.54801		mirror		tz+	0.01	65	-63	 0	 0
-2.08	5.25	 8	0.56569		mirror		dx+	1.00	68	-33	 0	 0
-2.08	5.25	 8	0.56569		mirror		dy+	1.00	68	-33	 0	 0
-2.08	5.25	 8	0.56569		mirror		dz+	1.00	68	-33	 0	 6
-2.08	5.25	 8	0.56569		mirror		tx+	0.01	68	-33	-7	-201
-2.08	5.25	 8	0.56569		mirror		ty+	0.01	68	-33	182	-72
-2.08	5.25	 8	0.56569		mirror		tz+	0.01	68	-33	 0	 0
-2.08	5.25	 8	0.58337		mirror		dx+	1.00	69	-3	 0	 0
-2.08	5.25	 8	0.58337		mirror		dy+	1.00	69	-3	 0	 0
-2.08	5.25	 8	0.58337		mirror		dz+	1.00	69	-3	 0	 7
-2.08	5.25	 8	0.58337		mirror		tx+	0.01	69	-3	 0	-209
-2.08	5.25	 8	0.58337		mirror		ty+	0.01	69	-3	184	-73
-2.08	5.25	 8	0.58337		mirror		tz+	0.01	69	-3	 0	 0
-2.08	5.25	 8	0.60104		mirror		dx+	1.00	69	28	 0	 0
-2.08	5.25	 8	0.60104		mirror		dy+	1.00	69	28	 0	 0
-2.08	5.25	 8	0.60104		mirror		dz+	1.00	69	28	 0	 7
-2.08	5.25	 8	0.60104		mirror		tx+	0.01	69	28	 7	-220
-2.08	5.25	 8	0.60104		mirror		ty+	0.01	69	28	187	-76
-2.08	5.25	 8	0.60104		mirror		tz+	0.01	69	28	 0	 0
-4.15	5.25	 5	0.81459		mirror		dx+	1.00	111	-140	 0	 0
-4.15	5.25	 5	0.81459		mirror		dy+	1.00	111	-140	 0	 0
-4.15	5.25	 5	0.81459		mirror		dz+	1.00	111	-140	 0	 5
-4.15	5.25	 5	0.81459		mirror		tx+	0.01	111	-140	-24	-188
-4.15	5.25	 5	0.81459		mirror		ty+	0.01	111	-140	176	-66
-4.15	5.25	 5	0.81459		mirror		tz+	0.01	111	-140	 0	 0
-4.15	5.25	 5	0.85984		mirror		dx+	1.00	117	-95	 0	 0
-4.15	5.25	 5	0.85984		mirror		dy+	1.00	117	-95	 0	 0
-4.15	5.25	 5	0.85984		mirror		dz+	1.00	117	-95	 0	 6
-4.15	5.25	 5	0.85984		mirror		tx+	0.01	117	-95	-16	-192
-4.15	5.25	 5	0.85984		mirror		ty+	0.01	117	-95	175	-65
-4.15	5.25	 5	0.85984		mirror		tz+	0.01	117	-95	 0	 0
-4.15	5.25	 5	0.90510		mirror		dx+	1.00	120	-49	 0	 0
-4.15	5.25	 5	0.90510		mirror		dy+	1.00	120	-49	 0	 0
-4.15	5.25	 5	0.90510		mirror		dz+	1.00	120	-49	 0	 6
-4.15	5.25	 5	0.90510		mirror		tx+	0.01	120	-49	-8	-199
-4.15	5.25	 5	0.90510		mirror		ty+	0.01	120	-49	176	-64
-4.15	5.25	 5	0.90510		mirror		tz+	0.01	120	-49	 0	 0
-4.15	5.25	 5	0.95035		mirror		dx+	1.00	122	 0	 0	 0
-4.15	5.25	 5	0.95035		mirror		dy+	1.00	122	 0	 0	 0
-4.15	5.25	 5	0.95035		mirror		dz+	1.00	122	 0	 0	 7
-4.15	5.25	 5	0.95035		mirror		tx+	0.01	122	 0	 0	-211
-4.15	5.25	 5	0.95035		mirror		ty+	0.01	122	 0	178	-65
-4.15	5.25	 5	0.95035		mirror		tz+	0.01	122	 0	 0	 0
-4.15	5.25	 5	0.99561		mirror		dx+	1.00	121	53	 0	 0
-4.15	5.25	 5	0.99561		mirror		dy+	1.00	121	53	 0	 0
-4.15	5.25	 5	0.99561		mirror		dz+	1.00	121	53	-1	 8
-4.15	5.25	 5	0.99561		mirror		tx+	0.01	121	53	11	-231
-4.15	5.25	 5	0.99561		mirror		ty+	0.01	121	53	182	-68
-4.15	5.25	 5	0.99561		mirror		tz+	0.01	121	53	 0	 0
-4.15	5.25	 6	0.69140		mirror		dx+	1.00	111	-125	 0	 0
-4.15	5.25	 6	0.69140		mirror		dy+	1.00	111	-125	 0	 0
-4.15	5.25	 6	0.69140		mirror		dz+	1.00	111	-125	 0	 6
-4.15	5.25	 6	0.69140		mirror		tx+	0.01	111	-125	-22	-189
-4.15	5.25	 6	0.69140		mirror		ty+	0.01	111	-125	175	-66
-4.15	5.25	 6	0.69140		mirror		tz+	0.01	111	-125	 0	 0
-4.15	5.25	 6	0.72282		mirror		dx+	1.00	115	-87	 0	 0
-4.15	5.25	 6	0.72282		mirror		dy+	1.00	115	-87	 0	 0
-4.15	5.25	 6	0.72282		mirror		dz+	1.00	115	-87	 0	 6
-4.15	5.25	 6	0.72282		mirror		tx+	0.01	115	-87	-15	-193
-4.15	5.25	 6	0.72282		mirror		ty+	0.01	115	-87	175	-65
-4.15	5.25	 6	0.72282		mirror		tz+	0.01	115	-87	 0	 0
-4.15	5.25	 6	0.75425		mirror		dx+	1.00	118	-48	 0	 0
-4.15	5.25	 6	0.75425		mirror		dy+	1.00	118	-48	 0	 0
-4.15	5.25	 6	0.75425		mirror		dz+	1.00	118	-48	 0	 6
-4.15	5.25	 6	0.75425		mirror		tx+	0.01	118	-48	-8	-199
-4.15	5.25	 6	0.75425		mirror		ty+	0.01	118	-48	176	-64
-4.15	5.25	 6	0.75425		mirror		tz+	0.01	118	-48	 0	 0
-4.15	5.25	 6	0.78568		mirror		dx+	1.00	120	-8	 0	 0
-4.15	5.25	 6	0.78568		mirror		dy+	1.00	120	-8	 0	 0
-4.15	5.25	 6	0.78568		mirror		dz+	1.00	120	-8	 0	 7
-4.15	5.25	 6	0.78568		mirror		tx+	0.01	120	-8	-1	-209
-4.15	5.25	 6	0.78568		mirror		ty+	0.01	120	-8	177	-65
-4.15	5.25	 6	0.78568		mirror		tz+	0.01	120	-8	 0	 0
-4.15	5.25	 6	0.81710		mirror		dx+	1.00	120	35	 0	 0
-4.15	5.25	 6	0.81710		mirror		dy+	1.00	120	35	 0	 0
-4.15	5.25	 6	0.81710		mirror		dz+	1.00	120	35	-1	 7
-4.15	5.25	 6	0.81710		mirror		tx+	0.01	120	35	 7	-224
-4.15	5.25	 6	0.81710		mirror		ty+	0.01	120	35	180	-67
-4.15	5.25	 6	0.81710		mirror		tz+	0.01	120	35	 0	 0
-4.15	5.25	 7	0.60000		mirror		dx+	1.00	109	-114	 0	 0
-4.15	5.25	 7	0.60000		mirror		dy+	1.00	109	-114	 0	 0
-4.15	5.25	 7	0.60000		mirror		dz+	1.00	109	-114	 0	 6
-4.15	5.25	 7	0.60000		mirror		tx+	0.01	109	-114	-20	-189
-4.15	5.25	 7	0.60000		mirror		ty+	0.01	109	-114	175	-66
-4.15	5.25	 7	0.60000		mirror		tz+	0.01	109	-114	 0	 0
-4.15	5.25	 7	0.62325		mirror		dx+	1.00	113	-81	 0	 0
-4.15	5.25	 7	0.62325		mirror		dy+	1.00	113	-81	 0	 0
-4.15	5.25	 7	0.62325		mirror		dz+	1.00	113	-81	 0	 6
-4.15	5.25	 7	0.62325		mirror		tx+	0.01	113	-81	-14	-193
-4.15	5.25	 7	0.62325		mirror		ty+	0.01	113	-81	175	-65
-4.15	5.25	 7	0.62325		mirror		tz+	0.01	113	-81	 0	 0
-4.15	5.25	 7	0.64650		mirror		dx+	1.00	116	-48	 0	 0
-4.15	5.25	 7	0.64650		mirror		dy+	1.00	116	-48	 0	 0
-4.15	5.25	 7	0.64650		mirror		dz+	1.00	116	-48	 0	 6
-4.15	5.25	 7	0.64650		mirror		tx+	0.01	116	-48	-8	-199
-4.15	5.25	 7	0.64650		mirror		ty+	0.01	116	-48	176	-65
-4.15	5.25	 7	0.64650		mirror		tz+	0.01	116	-48	 0	 0
-4.15	5.25	 7	0.66975		mirror		dx+	1.00	117	-13	 0	 0
-4.15	5.25	 7	0.66975		mirror		dy+	1.00	117	-13	 0	 0
-4.15	5.25	 7	0.66975		mirror		dz+	1.00	117	-13	 0	 7
-4.15	5.25	 7	0.66975		mirror		tx+	0.01	117	-13	-2	-207
-4.15	5.25	 7	0.66975		mirror		ty+	0.01	117	-13	177	-65
-4.15	5.25	 7	0.66975		mirror		tz+	0.01	117	-13	 0	 0
-4.15	5.25	 7	0.69300		mirror		dx+	1.00	118	23	 0	 0
-4.15	5.25	 7	0.69300		mirror		dy+	1.00	118	23	 0	 0
-4.15	5.25	 7	0.69300		mirror		dz+	1.00	118	23	-1	 7
-4.15	5.25	 7	0.69300		mirror		tx+	0.01	118	23	 4	-219
-4.15	5.25	 7	0.69300		mirror		ty+	0.01	118	23	180	-67
-4.15	5.25	 7	0.69300		mirror		tz+	0.01	118	23	 0	 0
-4.15	5.25	 8	0.53033		mirror		dx+	1.00	107	-105	 0	 0
-4.15	5.25	 8	0.53033		mirror		dy+	1.00	107	-105	 0	 0
-4.15	5.25	 8	0.53033		mirror		dz+	1.00	107	-105	 0	 6
-4.15	5.25	 8	0.53033		mirror		tx+	0.01	107	-105	-19	-190
-4.15	5.25	 8	0.53033		mirror		ty+	0.01	107	-105	176	-66
-4.15	5.25	 8	0.53033		mirror		tz+	0.01	107	-105	 0	 0
-4.15	5.25	 8	0.54801		mirror		dx+	1.00	111	-77	 0	 0
-4.15	5.25	 8	0.54801		mirror		dy+	1.00	111	-77	 0	 0
-4.15	5.25	 8	0.54801		mirror		dz+	1.00	111	-77	 0	 6
-4.15	5.25	 8	0.54801		mirror		tx+	0.01	111	-77	-14	-194
-4.15	5.25	 8	0.54801		mirror		ty+	0.01	111	-77	176	-65
-4.15	5.25	 8	0.54801		mirror		tz+	0.01	111	-77	 0	 0
-4.15	5.25	 8	0.56569		mirror		dx+	1.00	113	-48	 0	 0
-4.15	5.25	 8	0.56569		mirror		dy+	1.00	113	-48	 0	 0
-4.15	5.25	 8	0.56569		mirror		dz+	1.00	113	-48	 0	 6
-4.15	5.25	 8	0.56569		mirror		tx+	0.01	113	-48	-8	-199
-4.15	5.25	 8	0.56569		mirror		ty+	0.01	113	-48	176	-65
-4.15	5.25	 8	0.56569		mirror		tz+	0.01	113	-48	 0	 0
-4.15	5.25	 8	0.58337		mirror		dx+	1.00	115	-18	 0	 0
-4.15	5.25	 8	0.58337		mirror		dy+	1.00	115	-18	 0	 0
-4.15	5.25	 8	0.58337		mirror		dz+	1.00	115	-18	 0	 7
-4.15	5.25	 8	0.58337		mirror		tx+	0.01	115	-18	-3	-206
-4.15	5.25	 8	0.58337		mirror		ty+	0.01	115	-18	177	-65
-4.15	5.25	 8	0.58337		mirror		tz+	0.01	115	-18	 0	 0
-4.15	5.25	 8	0.60104		mirror		dx+	1.00	115	14	 0	 0
-4.15	5.25	 8	0.60104		mirror		dy+	1.00	115	14	 0	 0
-4.15	5.25	 8	0.60104		mirror		dz+	1.00	115	14	-1	 7
-4.15	5.25	 8	0.60104		mirror		tx+	0.01	115	14	 2	-215
-4.15	5.25	 8	0.60104		mirror		ty+	0.01	115	14	179	-67
-4.15	5.25	 8	0.60104		mirror		tz+	0.01	115	14	 0	 0
