XField  YField  Order  Wavelength  Element       Peturbation  Value X  Y DelX  DelY
4.15	3.75	 5	0.81459		grating		dx+	1.00	-82	-37	 0	 0
4.15	3.75	 5	0.81459		grating		dy+	1.00	-82	-37	 0	 0
4.15	3.75	 5	0.81459		grating		dz+	1.00	-82	-37	 0	 0
4.15	3.75	 5	0.81459		grating		tx+	0.01	-82	-37	13	188
4.15	3.75	 5	0.81459		grating		ty+	0.01	-82	-37	-240	56
4.15	3.75	 5	0.81459		grating		tz+	0.01	-82	-37	189	-44
4.15	3.75	 5	0.85984		grating		dx+	1.00	-79	11	 0	 0
4.15	3.75	 5	0.85984		grating		dy+	1.00	-79	11	 0	 0
4.15	3.75	 5	0.85984		grating		dz+	1.00	-79	11	 0	 0
4.15	3.75	 5	0.85984		grating		tx+	0.01	-79	11	-4	194
4.15	3.75	 5	0.85984		grating		ty+	0.01	-79	11	-235	60
4.15	3.75	 5	0.85984		grating		tz+	0.01	-79	11	203	-52
4.15	3.75	 5	0.90510		grating		dx+	1.00	-83	65	 0	 0
4.15	3.75	 5	0.90510		grating		dy+	1.00	-83	65	 0	 0
4.15	3.75	 5	0.90510		grating		dz+	1.00	-83	65	 0	 0
4.15	3.75	 5	0.90510		grating		tx+	0.01	-83	65	-26	207
4.15	3.75	 5	0.90510		grating		ty+	0.01	-83	65	-235	67
4.15	3.75	 5	0.90510		grating		tz+	0.01	-83	65	224	-64
4.15	3.75	 5	0.95035		grating		dx+	1.00	-94	126	 0	 0
4.15	3.75	 5	0.95035		grating		dy+	1.00	-94	126	 0	 0
4.15	3.75	 5	0.95035		grating		dz+	1.00	-94	126	 0	 0
4.15	3.75	 5	0.95035		grating		tx+	0.01	-94	126	-58	231
4.15	3.75	 5	0.95035		grating		ty+	0.01	-94	126	-242	80
4.15	3.75	 5	0.95035		grating		tz+	0.01	-94	126	257	-85
4.15	3.75	 5	0.99561		grating		dx+	1.00	-118	202	 0	 0
4.15	3.75	 5	0.99561		grating		dy+	1.00	-118	202	 0	 0
4.15	3.75	 5	0.99561		grating		dz+	1.00	-118	202	 0	 0
4.15	3.75	 5	0.99561		grating		tx+	0.01	-118	202	-116	282
4.15	3.75	 5	0.99561		grating		ty+	0.01	-118	202	-268	107
4.15	3.75	 5	0.99561		grating		tz+	0.01	-118	202	324	-129
4.15	3.75	 6	0.69140		grating		dx+	1.00	-84	-21	 0	 0
4.15	3.75	 6	0.69140		grating		dy+	1.00	-84	-21	 0	 0
4.15	3.75	 6	0.69140		grating		dz+	1.00	-84	-21	 0	 0
4.15	3.75	 6	0.69140		grating		tx+	0.01	-84	-21	 7	190
4.15	3.75	 6	0.69140		grating		ty+	0.01	-84	-21	-240	57
4.15	3.75	 6	0.69140		grating		tz+	0.01	-84	-21	195	-47
4.15	3.75	 6	0.72282		grating		dx+	1.00	-83	21	 0	 0
4.15	3.75	 6	0.72282		grating		dy+	1.00	-83	21	 0	 0
4.15	3.75	 6	0.72282		grating		dz+	1.00	-83	21	 0	 0
4.15	3.75	 6	0.72282		grating		tx+	0.01	-83	21	-8	196
4.15	3.75	 6	0.72282		grating		ty+	0.01	-83	21	-236	62
4.15	3.75	 6	0.72282		grating		tz+	0.01	-83	21	208	-54
4.15	3.75	 6	0.75425		grating		dx+	1.00	-86	65	 0	 0
4.15	3.75	 6	0.75425		grating		dy+	1.00	-86	65	 0	 0
4.15	3.75	 6	0.75425		grating		dz+	1.00	-86	65	 0	 0
4.15	3.75	 6	0.75425		grating		tx+	0.01	-86	65	-27	207
4.15	3.75	 6	0.75425		grating		ty+	0.01	-86	65	-237	68
4.15	3.75	 6	0.75425		grating		tz+	0.01	-86	65	226	-65
4.15	3.75	 6	0.78568		grating		dx+	1.00	-94	116	 0	 0
4.15	3.75	 6	0.78568		grating		dy+	1.00	-94	116	 0	 0
4.15	3.75	 6	0.78568		grating		dz+	1.00	-94	116	 0	 0
4.15	3.75	 6	0.78568		grating		tx+	0.01	-94	116	-53	226
4.15	3.75	 6	0.78568		grating		ty+	0.01	-94	116	-242	78
4.15	3.75	 6	0.78568		grating		tz+	0.01	-94	116	253	-81
4.15	3.75	 6	0.81710		grating		dx+	1.00	-111	175	 0	 0
4.15	3.75	 6	0.81710		grating		dy+	1.00	-111	175	 0	 0
4.15	3.75	 6	0.81710		grating		dz+	1.00	-111	175	 0	 0
4.15	3.75	 6	0.81710		grating		tx+	0.01	-111	175	-93	261
4.15	3.75	 6	0.81710		grating		ty+	0.01	-111	175	-259	96
4.15	3.75	 6	0.81710		grating		tz+	0.01	-111	175	299	-111
4.15	3.75	 7	0.60000		grating		dx+	1.00	-87	-9	 0	 0
4.15	3.75	 7	0.60000		grating		dy+	1.00	-87	-9	 0	 0
4.15	3.75	 7	0.60000		grating		dz+	1.00	-87	-9	 0	 0
4.15	3.75	 7	0.60000		grating		tx+	0.01	-87	-9	 3	191
4.15	3.75	 7	0.60000		grating		ty+	0.01	-87	-9	-241	59
4.15	3.75	 7	0.60000		grating		tz+	0.01	-87	-9	201	-49
4.15	3.75	 7	0.62325		grating		dx+	1.00	-86	27	 0	 0
4.15	3.75	 7	0.62325		grating		dy+	1.00	-86	27	 0	 0
4.15	3.75	 7	0.62325		grating		dz+	1.00	-86	27	 0	 0
4.15	3.75	 7	0.62325		grating		tx+	0.01	-86	27	-11	197
4.15	3.75	 7	0.62325		grating		ty+	0.01	-86	27	-239	63
4.15	3.75	 7	0.62325		grating		tz+	0.01	-86	27	212	-56
4.15	3.75	 7	0.64650		grating		dx+	1.00	-89	66	 0	 0
4.15	3.75	 7	0.64650		grating		dy+	1.00	-89	66	 0	 0
4.15	3.75	 7	0.64650		grating		dz+	1.00	-89	66	 0	 0
4.15	3.75	 7	0.64650		grating		tx+	0.01	-89	66	-28	207
4.15	3.75	 7	0.64650		grating		ty+	0.01	-89	66	-239	68
4.15	3.75	 7	0.64650		grating		tz+	0.01	-89	66	228	-65
4.15	3.75	 7	0.66975		grating		dx+	1.00	-96	109	 0	 0
4.15	3.75	 7	0.66975		grating		dy+	1.00	-96	109	 0	 0
4.15	3.75	 7	0.66975		grating		dz+	1.00	-96	109	 0	 0
4.15	3.75	 7	0.66975		grating		tx+	0.01	-96	109	-50	223
4.15	3.75	 7	0.66975		grating		ty+	0.01	-96	109	-244	77
4.15	3.75	 7	0.66975		grating		tz+	0.01	-96	109	252	-79
4.15	3.75	 7	0.69300		grating		dx+	1.00	-109	159	 0	 0
4.15	3.75	 7	0.69300		grating		dy+	1.00	-109	159	 0	 0
4.15	3.75	 7	0.69300		grating		dz+	1.00	-109	159	 0	 0
4.15	3.75	 7	0.69300		grating		tx+	0.01	-109	159	-82	250
4.15	3.75	 7	0.69300		grating		ty+	0.01	-109	159	-256	91
4.15	3.75	 7	0.69300		grating		tz+	0.01	-109	159	288	-103
4.15	3.75	 8	0.53033		grating		dx+	1.00	-91	 2	 0	 0
4.15	3.75	 8	0.53033		grating		dy+	1.00	-91	 2	 0	 0
4.15	3.75	 8	0.53033		grating		dz+	1.00	-91	 2	 0	 0
4.15	3.75	 8	0.53033		grating		tx+	0.01	-91	 2	 0	193
4.15	3.75	 8	0.53033		grating		ty+	0.01	-91	 2	-243	60
4.15	3.75	 8	0.53033		grating		tz+	0.01	-91	 2	206	-51
4.15	3.75	 8	0.54801		grating		dx+	1.00	-91	33	 0	 0
4.15	3.75	 8	0.54801		grating		dy+	1.00	-91	33	 0	 0
4.15	3.75	 8	0.54801		grating		dz+	1.00	-91	33	 0	 0
4.15	3.75	 8	0.54801		grating		tx+	0.01	-91	33	-13	199
4.15	3.75	 8	0.54801		grating		ty+	0.01	-91	33	-241	64
4.15	3.75	 8	0.54801		grating		tz+	0.01	-91	33	217	-58
4.15	3.75	 8	0.56569		grating		dx+	1.00	-93	67	 0	 0
4.15	3.75	 8	0.56569		grating		dy+	1.00	-93	67	 0	 0
4.15	3.75	 8	0.56569		grating		dz+	1.00	-93	67	 0	 0
4.15	3.75	 8	0.56569		grating		tx+	0.01	-93	67	-29	208
4.15	3.75	 8	0.56569		grating		ty+	0.01	-93	67	-242	69
4.15	3.75	 8	0.56569		grating		tz+	0.01	-93	67	232	-66
4.15	3.75	 8	0.58337		grating		dx+	1.00	-99	105	 0	 0
4.15	3.75	 8	0.58337		grating		dy+	1.00	-99	105	 0	 0
4.15	3.75	 8	0.58337		grating		dz+	1.00	-99	105	 0	 0
4.15	3.75	 8	0.58337		grating		tx+	0.01	-99	105	-48	221
4.15	3.75	 8	0.58337		grating		ty+	0.01	-99	105	-246	76
4.15	3.75	 8	0.58337		grating		tz+	0.01	-99	105	252	-78
4.15	3.75	 8	0.60104		grating		dx+	1.00	-109	146	 0	 0
4.15	3.75	 8	0.60104		grating		dy+	1.00	-109	146	 0	 0
4.15	3.75	 8	0.60104		grating		dz+	1.00	-109	146	 0	 0
4.15	3.75	 8	0.60104		grating		tx+	0.01	-109	146	-74	242
4.15	3.75	 8	0.60104		grating		ty+	0.01	-109	146	-255	88
4.15	3.75	 8	0.60104		grating		tz+	0.01	-109	146	281	-97
2.08	3.75	 5	0.81459		grating		dx+	1.00	-27	-63	 0	 0
2.08	3.75	 5	0.81459		grating		dy+	1.00	-27	-63	 0	 0
2.08	3.75	 5	0.81459		grating		dz+	1.00	-27	-63	 0	 0
2.08	3.75	 5	0.81459		grating		tx+	0.01	-27	-63	19	190
2.08	3.75	 5	0.81459		grating		ty+	0.01	-27	-63	-220	48
2.08	3.75	 5	0.81459		grating		tz+	0.01	-27	-63	166	-36
2.08	3.75	 5	0.85984		grating		dx+	1.00	-23	-16	 0	 0
2.08	3.75	 5	0.85984		grating		dy+	1.00	-23	-16	 0	 0
2.08	3.75	 5	0.85984		grating		dz+	1.00	-23	-16	 0	 0
2.08	3.75	 5	0.85984		grating		tx+	0.01	-23	-16	 4	194
2.08	3.75	 5	0.85984		grating		ty+	0.01	-23	-16	-214	49
2.08	3.75	 5	0.85984		grating		tz+	0.01	-23	-16	176	-40
2.08	3.75	 5	0.90510		grating		dx+	1.00	-24	34	 0	 0
2.08	3.75	 5	0.90510		grating		dy+	1.00	-24	34	 0	 0
2.08	3.75	 5	0.90510		grating		dz+	1.00	-24	34	 0	 0
2.08	3.75	 5	0.90510		grating		tx+	0.01	-24	34	-11	203
2.08	3.75	 5	0.90510		grating		ty+	0.01	-24	34	-210	52
2.08	3.75	 5	0.90510		grating		tz+	0.01	-24	34	190	-47
2.08	3.75	 5	0.95035		grating		dx+	1.00	-29	90	 0	 0
2.08	3.75	 5	0.95035		grating		dy+	1.00	-29	90	 0	 0
2.08	3.75	 5	0.95035		grating		dz+	1.00	-29	90	 0	 0
2.08	3.75	 5	0.95035		grating		tx+	0.01	-29	90	-31	219
2.08	3.75	 5	0.95035		grating		ty+	0.01	-29	90	-210	58
2.08	3.75	 5	0.95035		grating		tz+	0.01	-29	90	208	-58
2.08	3.75	 5	0.99561		grating		dx+	1.00	-41	155	 0	 0
2.08	3.75	 5	0.99561		grating		dy+	1.00	-41	155	 0	 0
2.08	3.75	 5	0.99561		grating		dz+	1.00	-41	155	 0	 0
2.08	3.75	 5	0.99561		grating		tx+	0.01	-41	155	-62	248
2.08	3.75	 5	0.99561		grating		ty+	0.01	-41	155	-215	69
2.08	3.75	 5	0.99561		grating		tz+	0.01	-41	155	239	-77
2.08	3.75	 6	0.69140		grating		dx+	1.00	-28	-47	 0	 0
2.08	3.75	 6	0.69140		grating		dy+	1.00	-28	-47	 0	 0
2.08	3.75	 6	0.69140		grating		dz+	1.00	-28	-47	 0	 0
2.08	3.75	 6	0.69140		grating		tx+	0.01	-28	-47	14	191
2.08	3.75	 6	0.69140		grating		ty+	0.01	-28	-47	-219	48
2.08	3.75	 6	0.69140		grating		tz+	0.01	-28	-47	170	-37
2.08	3.75	 6	0.72282		grating		dx+	1.00	-26	-7	 0	 0
2.08	3.75	 6	0.72282		grating		dy+	1.00	-26	-7	 0	 0
2.08	3.75	 6	0.72282		grating		dz+	1.00	-26	-7	 0	 0
2.08	3.75	 6	0.72282		grating		tx+	0.01	-26	-7	 2	195
2.08	3.75	 6	0.72282		grating		ty+	0.01	-26	-7	-215	50
2.08	3.75	 6	0.72282		grating		tz+	0.01	-26	-7	179	-42
2.08	3.75	 6	0.75425		grating		dx+	1.00	-26	35	 0	 0
2.08	3.75	 6	0.75425		grating		dy+	1.00	-26	35	 0	 0
2.08	3.75	 6	0.75425		grating		dz+	1.00	-26	35	 0	 0
2.08	3.75	 6	0.75425		grating		tx+	0.01	-26	35	-11	203
2.08	3.75	 6	0.75425		grating		ty+	0.01	-26	35	-211	53
2.08	3.75	 6	0.75425		grating		tz+	0.01	-26	35	191	-47
2.08	3.75	 6	0.78568		grating		dx+	1.00	-30	81	 0	 0
2.08	3.75	 6	0.78568		grating		dy+	1.00	-30	81	 0	 0
2.08	3.75	 6	0.78568		grating		dz+	1.00	-30	81	 0	 0
2.08	3.75	 6	0.78568		grating		tx+	0.01	-30	81	-28	216
2.08	3.75	 6	0.78568		grating		ty+	0.01	-30	81	-211	57
2.08	3.75	 6	0.78568		grating		tz+	0.01	-30	81	206	-56
2.08	3.75	 6	0.81710		grating		dx+	1.00	-38	132	 0	 0
2.08	3.75	 6	0.81710		grating		dy+	1.00	-38	132	 0	 0
2.08	3.75	 6	0.81710		grating		dz+	1.00	-38	132	 0	 0
2.08	3.75	 6	0.81710		grating		tx+	0.01	-38	132	-50	237
2.08	3.75	 6	0.81710		grating		ty+	0.01	-38	132	-213	65
2.08	3.75	 6	0.81710		grating		tz+	0.01	-38	132	228	-70
2.08	3.75	 7	0.60000		grating		dx+	1.00	-31	-35	 0	 0
2.08	3.75	 7	0.60000		grating		dy+	1.00	-31	-35	 0	 0
2.08	3.75	 7	0.60000		grating		dz+	1.00	-31	-35	 0	 0
2.08	3.75	 7	0.60000		grating		tx+	0.01	-31	-35	11	192
2.08	3.75	 7	0.60000		grating		ty+	0.01	-31	-35	-219	49
2.08	3.75	 7	0.60000		grating		tz+	0.01	-31	-35	174	-39
2.08	3.75	 7	0.62325		grating		dx+	1.00	-29	-1	 0	 0
2.08	3.75	 7	0.62325		grating		dy+	1.00	-29	-1	 0	 0
2.08	3.75	 7	0.62325		grating		dz+	1.00	-29	-1	 0	 0
2.08	3.75	 7	0.62325		grating		tx+	0.01	-29	-1	 0	196
2.08	3.75	 7	0.62325		grating		ty+	0.01	-29	-1	-215	50
2.08	3.75	 7	0.62325		grating		tz+	0.01	-29	-1	182	-43
2.08	3.75	 7	0.64650		grating		dx+	1.00	-29	36	 0	 0
2.08	3.75	 7	0.64650		grating		dy+	1.00	-29	36	 0	 0
2.08	3.75	 7	0.64650		grating		dz+	1.00	-29	36	 0	 0
2.08	3.75	 7	0.64650		grating		tx+	0.01	-29	36	-11	203
2.08	3.75	 7	0.64650		grating		ty+	0.01	-29	36	-213	53
2.08	3.75	 7	0.64650		grating		tz+	0.01	-29	36	192	-48
2.08	3.75	 7	0.66975		grating		dx+	1.00	-32	75	 0	 0
2.08	3.75	 7	0.66975		grating		dy+	1.00	-32	75	 0	 0
2.08	3.75	 7	0.66975		grating		dz+	1.00	-32	75	 0	 0
2.08	3.75	 7	0.66975		grating		tx+	0.01	-32	75	-26	214
2.08	3.75	 7	0.66975		grating		ty+	0.01	-32	75	-212	57
2.08	3.75	 7	0.66975		grating		tz+	0.01	-32	75	205	-55
2.08	3.75	 7	0.69300		grating		dx+	1.00	-38	118	 0	 0
2.08	3.75	 7	0.69300		grating		dy+	1.00	-38	118	 0	 0
2.08	3.75	 7	0.69300		grating		dz+	1.00	-38	118	 0	 0
2.08	3.75	 7	0.69300		grating		tx+	0.01	-38	118	-44	230
2.08	3.75	 7	0.69300		grating		ty+	0.01	-38	118	-214	63
2.08	3.75	 7	0.69300		grating		tz+	0.01	-38	118	223	-66
2.08	3.75	 8	0.53033		grating		dx+	1.00	-34	-26	 0	 0
2.08	3.75	 8	0.53033		grating		dy+	1.00	-34	-26	 0	 0
2.08	3.75	 8	0.53033		grating		dz+	1.00	-34	-26	 0	 0
2.08	3.75	 8	0.53033		grating		tx+	0.01	-34	-26	 8	193
2.08	3.75	 8	0.53033		grating		ty+	0.01	-34	-26	-220	50
2.08	3.75	 8	0.53033		grating		tz+	0.01	-34	-26	177	-40
2.08	3.75	 8	0.54801		grating		dx+	1.00	-32	 5	 0	 0
2.08	3.75	 8	0.54801		grating		dy+	1.00	-32	 5	 0	 0
2.08	3.75	 8	0.54801		grating		dz+	1.00	-32	 5	 0	 0
2.08	3.75	 8	0.54801		grating		tx+	0.01	-32	 5	-1	197
2.08	3.75	 8	0.54801		grating		ty+	0.01	-32	 5	-216	51
2.08	3.75	 8	0.54801		grating		tz+	0.01	-32	 5	185	-44
2.08	3.75	 8	0.56569		grating		dx+	1.00	-32	36	 0	 0
2.08	3.75	 8	0.56569		grating		dy+	1.00	-32	36	 0	 0
2.08	3.75	 8	0.56569		grating		dz+	1.00	-32	36	 0	 0
2.08	3.75	 8	0.56569		grating		tx+	0.01	-32	36	-12	203
2.08	3.75	 8	0.56569		grating		ty+	0.01	-32	36	-214	53
2.08	3.75	 8	0.56569		grating		tz+	0.01	-32	36	194	-48
2.08	3.75	 8	0.58337		grating		dx+	1.00	-34	70	 0	 0
2.08	3.75	 8	0.58337		grating		dy+	1.00	-34	70	 0	 0
2.08	3.75	 8	0.58337		grating		dz+	1.00	-34	70	 0	 0
2.08	3.75	 8	0.58337		grating		tx+	0.01	-34	70	-24	212
2.08	3.75	 8	0.58337		grating		ty+	0.01	-34	70	-213	57
2.08	3.75	 8	0.58337		grating		tz+	0.01	-34	70	205	-54
2.08	3.75	 8	0.60104		grating		dx+	1.00	-39	107	 0	 0
2.08	3.75	 8	0.60104		grating		dy+	1.00	-39	107	 0	 0
2.08	3.75	 8	0.60104		grating		dz+	1.00	-39	107	 0	 0
2.08	3.75	 8	0.60104		grating		tx+	0.01	-39	107	-40	225
2.08	3.75	 8	0.60104		grating		ty+	0.01	-39	107	-214	62
2.08	3.75	 8	0.60104		grating		tz+	0.01	-39	107	220	-63
0.00	3.75	 5	0.81459		grating		dx+	1.00	22	-84	 0	 0
0.00	3.75	 5	0.81459		grating		dy+	1.00	22	-84	 0	 0
0.00	3.75	 5	0.81459		grating		dz+	1.00	22	-84	 0	 0
0.00	3.75	 5	0.81459		grating		tx+	0.01	22	-84	21	194
0.00	3.75	 5	0.81459		grating		ty+	0.01	22	-84	-211	42
0.00	3.75	 5	0.81459		grating		tz+	0.01	22	-84	154	-30
0.00	3.75	 5	0.85984		grating		dx+	1.00	27	-38	 0	 0
0.00	3.75	 5	0.85984		grating		dy+	1.00	27	-38	 0	 0
0.00	3.75	 5	0.85984		grating		dz+	1.00	27	-38	 0	 0
0.00	3.75	 5	0.85984		grating		tx+	0.01	27	-38	 9	197
0.00	3.75	 5	0.85984		grating		ty+	0.01	27	-38	-204	41
0.00	3.75	 5	0.85984		grating		tz+	0.01	27	-38	162	-33
0.00	3.75	 5	0.90510		grating		dx+	1.00	28	11	 0	 0
0.00	3.75	 5	0.90510		grating		dy+	1.00	28	11	 0	 0
0.00	3.75	 5	0.90510		grating		dz+	1.00	28	11	 0	 0
0.00	3.75	 5	0.90510		grating		tx+	0.01	28	11	-2	203
0.00	3.75	 5	0.90510		grating		ty+	0.01	28	11	-199	42
0.00	3.75	 5	0.90510		grating		tz+	0.01	28	11	172	-36
0.00	3.75	 5	0.95035		grating		dx+	1.00	26	63	 0	 0
0.00	3.75	 5	0.95035		grating		dy+	1.00	26	63	 0	 0
0.00	3.75	 5	0.95035		grating		dz+	1.00	26	63	 0	 0
0.00	3.75	 5	0.95035		grating		tx+	0.01	26	63	-18	215
0.00	3.75	 5	0.95035		grating		ty+	0.01	26	63	-196	44
0.00	3.75	 5	0.95035		grating		tz+	0.01	26	63	185	-41
0.00	3.75	 5	0.99561		grating		dx+	1.00	19	123	 0	 0
0.00	3.75	 5	0.99561		grating		dy+	1.00	19	123	 0	 0
0.00	3.75	 5	0.99561		grating		dz+	1.00	19	123	 0	 0
0.00	3.75	 5	0.99561		grating		tx+	0.01	19	123	-38	236
0.00	3.75	 5	0.99561		grating		ty+	0.01	19	123	-194	49
0.00	3.75	 5	0.99561		grating		tz+	0.01	19	123	204	-51
0.00	3.75	 6	0.69140		grating		dx+	1.00	22	-68	 0	 0
0.00	3.75	 6	0.69140		grating		dy+	1.00	22	-68	 0	 0
0.00	3.75	 6	0.69140		grating		dz+	1.00	22	-68	 0	 0
0.00	3.75	 6	0.69140		grating		tx+	0.01	22	-68	17	194
0.00	3.75	 6	0.69140		grating		ty+	0.01	22	-68	-209	42
0.00	3.75	 6	0.69140		grating		tz+	0.01	22	-68	157	-31
0.00	3.75	 6	0.72282		grating		dx+	1.00	25	-29	 0	 0
0.00	3.75	 6	0.72282		grating		dy+	1.00	25	-29	 0	 0
0.00	3.75	 6	0.72282		grating		dz+	1.00	25	-29	 0	 0
0.00	3.75	 6	0.72282		grating		tx+	0.01	25	-29	 7	197
0.00	3.75	 6	0.72282		grating		ty+	0.01	25	-29	-204	41
0.00	3.75	 6	0.72282		grating		tz+	0.01	25	-29	164	-33
0.00	3.75	 6	0.75425		grating		dx+	1.00	26	11	 0	 0
0.00	3.75	 6	0.75425		grating		dy+	1.00	26	11	 0	 0
0.00	3.75	 6	0.75425		grating		dz+	1.00	26	11	 0	 0
0.00	3.75	 6	0.75425		grating		tx+	0.01	26	11	-3	203
0.00	3.75	 6	0.75425		grating		ty+	0.01	26	11	-200	42
0.00	3.75	 6	0.75425		grating		tz+	0.01	26	11	172	-36
0.00	3.75	 6	0.78568		grating		dx+	1.00	25	55	 0	 0
0.00	3.75	 6	0.78568		grating		dy+	1.00	25	55	 0	 0
0.00	3.75	 6	0.78568		grating		dz+	1.00	25	55	 0	 0
0.00	3.75	 6	0.78568		grating		tx+	0.01	25	55	-15	212
0.00	3.75	 6	0.78568		grating		ty+	0.01	25	55	-197	43
0.00	3.75	 6	0.78568		grating		tz+	0.01	25	55	183	-40
0.00	3.75	 6	0.81710		grating		dx+	1.00	20	102	 0	 0
0.00	3.75	 6	0.81710		grating		dy+	1.00	20	102	 0	 0
0.00	3.75	 6	0.81710		grating		dz+	1.00	20	102	 0	 0
0.00	3.75	 6	0.81710		grating		tx+	0.01	20	102	-31	227
0.00	3.75	 6	0.81710		grating		ty+	0.01	20	102	-195	47
0.00	3.75	 6	0.81710		grating		tz+	0.01	20	102	197	-47
0.00	3.75	 7	0.60000		grating		dx+	1.00	20	-57	 0	 0
0.00	3.75	 7	0.60000		grating		dy+	1.00	20	-57	 0	 0
0.00	3.75	 7	0.60000		grating		dz+	1.00	20	-57	 0	 0
0.00	3.75	 7	0.60000		grating		tx+	0.01	20	-57	15	195
0.00	3.75	 7	0.60000		grating		ty+	0.01	20	-57	-209	42
0.00	3.75	 7	0.60000		grating		tz+	0.01	20	-57	159	-32
0.00	3.75	 7	0.62325		grating		dx+	1.00	22	-23	 0	 0
0.00	3.75	 7	0.62325		grating		dy+	1.00	22	-23	 0	 0
0.00	3.75	 7	0.62325		grating		dz+	1.00	22	-23	 0	 0
0.00	3.75	 7	0.62325		grating		tx+	0.01	22	-23	 6	198
0.00	3.75	 7	0.62325		grating		ty+	0.01	22	-23	-204	42
0.00	3.75	 7	0.62325		grating		tz+	0.01	22	-23	166	-34
0.00	3.75	 7	0.64650		grating		dx+	1.00	23	12	 0	 0
0.00	3.75	 7	0.64650		grating		dy+	1.00	23	12	 0	 0
0.00	3.75	 7	0.64650		grating		dz+	1.00	23	12	 0	 0
0.00	3.75	 7	0.64650		grating		tx+	0.01	23	12	-3	203
0.00	3.75	 7	0.64650		grating		ty+	0.01	23	12	-200	42
0.00	3.75	 7	0.64650		grating		tz+	0.01	23	12	173	-36
0.00	3.75	 7	0.66975		grating		dx+	1.00	22	49	 0	 0
0.00	3.75	 7	0.66975		grating		dy+	1.00	22	49	 0	 0
0.00	3.75	 7	0.66975		grating		dz+	1.00	22	49	 0	 0
0.00	3.75	 7	0.66975		grating		tx+	0.01	22	49	-13	211
0.00	3.75	 7	0.66975		grating		ty+	0.01	22	49	-198	43
0.00	3.75	 7	0.66975		grating		tz+	0.01	22	49	182	-40
0.00	3.75	 7	0.69300		grating		dx+	1.00	19	89	 0	 0
0.00	3.75	 7	0.69300		grating		dy+	1.00	19	89	 0	 0
0.00	3.75	 7	0.69300		grating		dz+	1.00	19	89	 0	 0
0.00	3.75	 7	0.69300		grating		tx+	0.01	19	89	-26	223
0.00	3.75	 7	0.69300		grating		ty+	0.01	19	89	-196	46
0.00	3.75	 7	0.69300		grating		tz+	0.01	19	89	194	-46
0.00	3.75	 8	0.53033		grating		dx+	1.00	17	-48	 0	 0
0.00	3.75	 8	0.53033		grating		dy+	1.00	17	-48	 0	 0
0.00	3.75	 8	0.53033		grating		dz+	1.00	17	-48	 0	 0
0.00	3.75	 8	0.53033		grating		tx+	0.01	17	-48	12	195
0.00	3.75	 8	0.53033		grating		ty+	0.01	17	-48	-208	42
0.00	3.75	 8	0.53033		grating		tz+	0.01	17	-48	162	-32
0.00	3.75	 8	0.54801		grating		dx+	1.00	19	-18	 0	 0
0.00	3.75	 8	0.54801		grating		dy+	1.00	19	-18	 0	 0
0.00	3.75	 8	0.54801		grating		dz+	1.00	19	-18	 0	 0
0.00	3.75	 8	0.54801		grating		tx+	0.01	19	-18	 4	198
0.00	3.75	 8	0.54801		grating		ty+	0.01	19	-18	-204	42
0.00	3.75	 8	0.54801		grating		tz+	0.01	19	-18	167	-34
0.00	3.75	 8	0.56569		grating		dx+	1.00	20	12	 0	 0
0.00	3.75	 8	0.56569		grating		dy+	1.00	20	12	 0	 0
0.00	3.75	 8	0.56569		grating		dz+	1.00	20	12	 0	 0
0.00	3.75	 8	0.56569		grating		tx+	0.01	20	12	-3	203
0.00	3.75	 8	0.56569		grating		ty+	0.01	20	12	-201	42
0.00	3.75	 8	0.56569		grating		tz+	0.01	20	12	174	-37
0.00	3.75	 8	0.58337		grating		dx+	1.00	20	44	 0	 0
0.00	3.75	 8	0.58337		grating		dy+	1.00	20	44	 0	 0
0.00	3.75	 8	0.58337		grating		dz+	1.00	20	44	 0	 0
0.00	3.75	 8	0.58337		grating		tx+	0.01	20	44	-12	209
0.00	3.75	 8	0.58337		grating		ty+	0.01	20	44	-199	44
0.00	3.75	 8	0.58337		grating		tz+	0.01	20	44	182	-40
0.00	3.75	 8	0.60104		grating		dx+	1.00	18	79	 0	 0
0.00	3.75	 8	0.60104		grating		dy+	1.00	18	79	 0	 0
0.00	3.75	 8	0.60104		grating		dz+	1.00	18	79	 0	 0
0.00	3.75	 8	0.60104		grating		tx+	0.01	18	79	-23	219
0.00	3.75	 8	0.60104		grating		ty+	0.01	18	79	-197	46
0.00	3.75	 8	0.60104		grating		tz+	0.01	18	79	192	-44
-2.08	3.75	 5	0.81459		grating		dx+	1.00	69	-101	 0	 0
-2.08	3.75	 5	0.81459		grating		dy+	1.00	69	-101	 0	 0
-2.08	3.75	 5	0.81459		grating		dz+	1.00	69	-101	 0	 0
-2.08	3.75	 5	0.81459		grating		tx+	0.01	69	-101	22	199
-2.08	3.75	 5	0.81459		grating		ty+	0.01	69	-101	-207	37
-2.08	3.75	 5	0.81459		grating		tz+	0.01	69	-101	147	-26
-2.08	3.75	 5	0.85984		grating		dx+	1.00	74	-55	 0	 0
-2.08	3.75	 5	0.85984		grating		dy+	1.00	74	-55	 0	 0
-2.08	3.75	 5	0.85984		grating		dz+	1.00	74	-55	 0	 0
-2.08	3.75	 5	0.85984		grating		tx+	0.01	74	-55	12	200
-2.08	3.75	 5	0.85984		grating		ty+	0.01	74	-55	-201	35
-2.08	3.75	 5	0.85984		grating		tz+	0.01	74	-55	154	-27
-2.08	3.75	 5	0.90510		grating		dx+	1.00	76	-8	 0	 0
-2.08	3.75	 5	0.90510		grating		dy+	1.00	76	-8	 0	 0
-2.08	3.75	 5	0.90510		grating		dz+	1.00	76	-8	 0	 0
-2.08	3.75	 5	0.90510		grating		tx+	0.01	76	-8	 1	205
-2.08	3.75	 5	0.90510		grating		ty+	0.01	76	-8	-195	33
-2.08	3.75	 5	0.90510		grating		tz+	0.01	76	-8	163	-28
-2.08	3.75	 5	0.95035		grating		dx+	1.00	75	43	 0	 0
-2.08	3.75	 5	0.95035		grating		dy+	1.00	75	43	 0	 0
-2.08	3.75	 5	0.95035		grating		dz+	1.00	75	43	 0	 0
-2.08	3.75	 5	0.95035		grating		tx+	0.01	75	43	-10	215
-2.08	3.75	 5	0.95035		grating		ty+	0.01	75	43	-190	33
-2.08	3.75	 5	0.95035		grating		tz+	0.01	75	43	173	-30
-2.08	3.75	 5	0.99561		grating		dx+	1.00	71	100	 0	 0
-2.08	3.75	 5	0.99561		grating		dy+	1.00	71	100	 0	 0
-2.08	3.75	 5	0.99561		grating		dz+	1.00	71	100	 0	 0
-2.08	3.75	 5	0.99561		grating		tx+	0.01	71	100	-25	231
-2.08	3.75	 5	0.99561		grating		ty+	0.01	71	100	-186	34
-2.08	3.75	 5	0.99561		grating		tz+	0.01	71	100	187	-34
-2.08	3.75	 6	0.69140		grating		dx+	1.00	68	-86	 0	 0
-2.08	3.75	 6	0.69140		grating		dy+	1.00	68	-86	 0	 0
-2.08	3.75	 6	0.69140		grating		dz+	1.00	68	-86	 0	 0
-2.08	3.75	 6	0.69140		grating		tx+	0.01	68	-86	19	199
-2.08	3.75	 6	0.69140		grating		ty+	0.01	68	-86	-205	36
-2.08	3.75	 6	0.69140		grating		tz+	0.01	68	-86	150	-26
-2.08	3.75	 6	0.72282		grating		dx+	1.00	72	-47	 0	 0
-2.08	3.75	 6	0.72282		grating		dy+	1.00	72	-47	 0	 0
-2.08	3.75	 6	0.72282		grating		dz+	1.00	72	-47	 0	 0
-2.08	3.75	 6	0.72282		grating		tx+	0.01	72	-47	10	201
-2.08	3.75	 6	0.72282		grating		ty+	0.01	72	-47	-200	34
-2.08	3.75	 6	0.72282		grating		tz+	0.01	72	-47	156	-27
-2.08	3.75	 6	0.75425		grating		dx+	1.00	74	-7	 0	 0
-2.08	3.75	 6	0.75425		grating		dy+	1.00	74	-7	 0	 0
-2.08	3.75	 6	0.75425		grating		dz+	1.00	74	-7	 0	 0
-2.08	3.75	 6	0.75425		grating		tx+	0.01	74	-7	 1	205
-2.08	3.75	 6	0.75425		grating		ty+	0.01	74	-7	-195	33
-2.08	3.75	 6	0.75425		grating		tz+	0.01	74	-7	163	-28
-2.08	3.75	 6	0.78568		grating		dx+	1.00	74	35	 0	 0
-2.08	3.75	 6	0.78568		grating		dy+	1.00	74	35	 0	 0
-2.08	3.75	 6	0.78568		grating		dz+	1.00	74	35	 0	 0
-2.08	3.75	 6	0.78568		grating		tx+	0.01	74	35	-8	213
-2.08	3.75	 6	0.78568		grating		ty+	0.01	74	35	-191	33
-2.08	3.75	 6	0.78568		grating		tz+	0.01	74	35	172	-30
-2.08	3.75	 6	0.81710		grating		dx+	1.00	71	81	 0	 0
-2.08	3.75	 6	0.81710		grating		dy+	1.00	71	81	 0	 0
-2.08	3.75	 6	0.81710		grating		dz+	1.00	71	81	 0	 0
-2.08	3.75	 6	0.81710		grating		tx+	0.01	71	81	-20	225
-2.08	3.75	 6	0.81710		grating		ty+	0.01	71	81	-187	34
-2.08	3.75	 6	0.81710		grating		tz+	0.01	71	81	182	-33
-2.08	3.75	 7	0.60000		grating		dx+	1.00	67	-75	 0	 0
-2.08	3.75	 7	0.60000		grating		dy+	1.00	67	-75	 0	 0
-2.08	3.75	 7	0.60000		grating		dz+	1.00	67	-75	 0	 0
-2.08	3.75	 7	0.60000		grating		tx+	0.01	67	-75	16	199
-2.08	3.75	 7	0.60000		grating		ty+	0.01	67	-75	-204	36
-2.08	3.75	 7	0.60000		grating		tz+	0.01	67	-75	152	-26
-2.08	3.75	 7	0.62325		grating		dx+	1.00	70	-42	 0	 0
-2.08	3.75	 7	0.62325		grating		dy+	1.00	70	-42	 0	 0
-2.08	3.75	 7	0.62325		grating		dz+	1.00	70	-42	 0	 0
-2.08	3.75	 7	0.62325		grating		tx+	0.01	70	-42	 9	201
-2.08	3.75	 7	0.62325		grating		ty+	0.01	70	-42	-199	34
-2.08	3.75	 7	0.62325		grating		tz+	0.01	70	-42	157	-27
-2.08	3.75	 7	0.64650		grating		dx+	1.00	71	-7	 0	 0
-2.08	3.75	 7	0.64650		grating		dy+	1.00	71	-7	 0	 0
-2.08	3.75	 7	0.64650		grating		dz+	1.00	71	-7	 0	 0
-2.08	3.75	 7	0.64650		grating		tx+	0.01	71	-7	 1	205
-2.08	3.75	 7	0.64650		grating		ty+	0.01	71	-7	-195	34
-2.08	3.75	 7	0.64650		grating		tz+	0.01	71	-7	163	-28
-2.08	3.75	 7	0.66975		grating		dx+	1.00	72	29	 0	 0
-2.08	3.75	 7	0.66975		grating		dy+	1.00	72	29	 0	 0
-2.08	3.75	 7	0.66975		grating		dz+	1.00	72	29	 0	 0
-2.08	3.75	 7	0.66975		grating		tx+	0.01	72	29	-6	211
-2.08	3.75	 7	0.66975		grating		ty+	0.01	72	29	-192	33
-2.08	3.75	 7	0.66975		grating		tz+	0.01	72	29	171	-30
-2.08	3.75	 7	0.69300		grating		dx+	1.00	70	68	 0	 0
-2.08	3.75	 7	0.69300		grating		dy+	1.00	70	68	 0	 0
-2.08	3.75	 7	0.69300		grating		dz+	1.00	70	68	 0	 0
-2.08	3.75	 7	0.69300		grating		tx+	0.01	70	68	-16	221
-2.08	3.75	 7	0.69300		grating		ty+	0.01	70	68	-189	34
-2.08	3.75	 7	0.69300		grating		tz+	0.01	70	68	179	-32
-2.08	3.75	 8	0.53033		grating		dx+	1.00	64	-66	 0	 0
-2.08	3.75	 8	0.53033		grating		dy+	1.00	64	-66	 0	 0
-2.08	3.75	 8	0.53033		grating		dz+	1.00	64	-66	 0	 0
-2.08	3.75	 8	0.53033		grating		tx+	0.01	64	-66	14	199
-2.08	3.75	 8	0.53033		grating		ty+	0.01	64	-66	-203	35
-2.08	3.75	 8	0.53033		grating		tz+	0.01	64	-66	153	-27
-2.08	3.75	 8	0.54801		grating		dx+	1.00	67	-37	 0	 0
-2.08	3.75	 8	0.54801		grating		dy+	1.00	67	-37	 0	 0
-2.08	3.75	 8	0.54801		grating		dz+	1.00	67	-37	 0	 0
-2.08	3.75	 8	0.54801		grating		tx+	0.01	67	-37	 8	201
-2.08	3.75	 8	0.54801		grating		ty+	0.01	67	-37	-199	34
-2.08	3.75	 8	0.54801		grating		tz+	0.01	67	-37	158	-27
-2.08	3.75	 8	0.56569		grating		dx+	1.00	69	-7	 0	 0
-2.08	3.75	 8	0.56569		grating		dy+	1.00	69	-7	 0	 0
-2.08	3.75	 8	0.56569		grating		dz+	1.00	69	-7	 0	 0
-2.08	3.75	 8	0.56569		grating		tx+	0.01	69	-7	 1	205
-2.08	3.75	 8	0.56569		grating		ty+	0.01	69	-7	-196	34
-2.08	3.75	 8	0.56569		grating		tz+	0.01	69	-7	164	-28
-2.08	3.75	 8	0.58337		grating		dx+	1.00	69	25	 0	 0
-2.08	3.75	 8	0.58337		grating		dy+	1.00	69	25	 0	 0
-2.08	3.75	 8	0.58337		grating		dz+	1.00	69	25	 0	 0
-2.08	3.75	 8	0.58337		grating		tx+	0.01	69	25	-5	210
-2.08	3.75	 8	0.58337		grating		ty+	0.01	69	25	-192	34
-2.08	3.75	 8	0.58337		grating		tz+	0.01	69	25	170	-30
-2.08	3.75	 8	0.60104		grating		dx+	1.00	68	58	 0	 0
-2.08	3.75	 8	0.60104		grating		dy+	1.00	68	58	 0	 0
-2.08	3.75	 8	0.60104		grating		dz+	1.00	68	58	 0	 0
-2.08	3.75	 8	0.60104		grating		tx+	0.01	68	58	-14	218
-2.08	3.75	 8	0.60104		grating		ty+	0.01	68	58	-190	34
-2.08	3.75	 8	0.60104		grating		tz+	0.01	68	58	177	-32
-4.15	3.75	 5	0.81459		grating		dx+	1.00	114	-115	 0	 0
-4.15	3.75	 5	0.81459		grating		dy+	1.00	114	-115	 0	 0
-4.15	3.75	 5	0.81459		grating		dz+	1.00	114	-115	 0	 0
-4.15	3.75	 5	0.81459		grating		tx+	0.01	114	-115	21	204
-4.15	3.75	 5	0.81459		grating		ty+	0.01	114	-115	-207	32
-4.15	3.75	 5	0.81459		grating		tz+	0.01	114	-115	144	-22
-4.15	3.75	 5	0.85984		grating		dx+	1.00	119	-70	 0	 0
-4.15	3.75	 5	0.85984		grating		dy+	1.00	119	-70	 0	 0
-4.15	3.75	 5	0.85984		grating		dz+	1.00	119	-70	 0	 0
-4.15	3.75	 5	0.85984		grating		tx+	0.01	119	-70	13	205
-4.15	3.75	 5	0.85984		grating		ty+	0.01	119	-70	-200	29
-4.15	3.75	 5	0.85984		grating		tz+	0.01	119	-70	151	-21
-4.15	3.75	 5	0.90510		grating		dx+	1.00	121	-22	 0	 0
-4.15	3.75	 5	0.90510		grating		dy+	1.00	121	-22	 0	 0
-4.15	3.75	 5	0.90510		grating		dz+	1.00	121	-22	 0	 0
-4.15	3.75	 5	0.90510		grating		tx+	0.01	121	-22	 4	209
-4.15	3.75	 5	0.90510		grating		ty+	0.01	121	-22	-194	26
-4.15	3.75	 5	0.90510		grating		tz+	0.01	121	-22	158	-21
-4.15	3.75	 5	0.95035		grating		dx+	1.00	122	29	 0	 0
-4.15	3.75	 5	0.95035		grating		dy+	1.00	122	29	 0	 0
-4.15	3.75	 5	0.95035		grating		dz+	1.00	122	29	 0	 0
-4.15	3.75	 5	0.95035		grating		tx+	0.01	122	29	-5	217
-4.15	3.75	 5	0.95035		grating		ty+	0.01	122	29	-188	24
-4.15	3.75	 5	0.95035		grating		tz+	0.01	122	29	167	-21
-4.15	3.75	 5	0.99561		grating		dx+	1.00	119	84	 0	 0
-4.15	3.75	 5	0.99561		grating		dy+	1.00	119	84	 0	 0
-4.15	3.75	 5	0.99561		grating		dz+	1.00	119	84	 0	 0
-4.15	3.75	 5	0.99561		grating		tx+	0.01	119	84	-17	231
-4.15	3.75	 5	0.99561		grating		ty+	0.01	119	84	-183	22
-4.15	3.75	 5	0.99561		grating		tz+	0.01	119	84	179	-22
-4.15	3.75	 6	0.69140		grating		dx+	1.00	114	-100	 0	 0
-4.15	3.75	 6	0.69140		grating		dy+	1.00	114	-100	 0	 0
-4.15	3.75	 6	0.69140		grating		dz+	1.00	114	-100	 0	 0
-4.15	3.75	 6	0.69140		grating		tx+	0.01	114	-100	18	203
-4.15	3.75	 6	0.69140		grating		ty+	0.01	114	-100	-205	31
-4.15	3.75	 6	0.69140		grating		tz+	0.01	114	-100	146	-22
-4.15	3.75	 6	0.72282		grating		dx+	1.00	117	-62	 0	 0
-4.15	3.75	 6	0.72282		grating		dy+	1.00	117	-62	 0	 0
-4.15	3.75	 6	0.72282		grating		dz+	1.00	117	-62	 0	 0
-4.15	3.75	 6	0.72282		grating		tx+	0.01	117	-62	11	205
-4.15	3.75	 6	0.72282		grating		ty+	0.01	117	-62	-199	28
-4.15	3.75	 6	0.72282		grating		tz+	0.01	117	-62	152	-21
-4.15	3.75	 6	0.75425		grating		dx+	1.00	119	-22	 0	 0
-4.15	3.75	 6	0.75425		grating		dy+	1.00	119	-22	 0	 0
-4.15	3.75	 6	0.75425		grating		dz+	1.00	119	-22	 0	 0
-4.15	3.75	 6	0.75425		grating		tx+	0.01	119	-22	 4	208
-4.15	3.75	 6	0.75425		grating		ty+	0.01	119	-22	-194	26
-4.15	3.75	 6	0.75425		grating		tz+	0.01	119	-22	159	-21
-4.15	3.75	 6	0.78568		grating		dx+	1.00	120	20	 0	 0
-4.15	3.75	 6	0.78568		grating		dy+	1.00	120	20	 0	 0
-4.15	3.75	 6	0.78568		grating		dz+	1.00	120	20	 0	 0
-4.15	3.75	 6	0.78568		grating		tx+	0.01	120	20	-4	215
-4.15	3.75	 6	0.78568		grating		ty+	0.01	120	20	-189	24
-4.15	3.75	 6	0.78568		grating		tz+	0.01	120	20	166	-21
-4.15	3.75	 6	0.81710		grating		dx+	1.00	119	65	 0	 0
-4.15	3.75	 6	0.81710		grating		dy+	1.00	119	65	 0	 0
-4.15	3.75	 6	0.81710		grating		dz+	1.00	119	65	 0	 0
-4.15	3.75	 6	0.81710		grating		tx+	0.01	119	65	-13	225
-4.15	3.75	 6	0.81710		grating		ty+	0.01	119	65	-185	23
-4.15	3.75	 6	0.81710		grating		tz+	0.01	119	65	175	-22
-4.15	3.75	 7	0.60000		grating		dx+	1.00	112	-89	 0	 0
-4.15	3.75	 7	0.60000		grating		dy+	1.00	112	-89	 0	 0
-4.15	3.75	 7	0.60000		grating		dz+	1.00	112	-89	 0	 0
-4.15	3.75	 7	0.60000		grating		tx+	0.01	112	-89	17	203
-4.15	3.75	 7	0.60000		grating		ty+	0.01	112	-89	-204	30
-4.15	3.75	 7	0.60000		grating		tz+	0.01	112	-89	148	-22
-4.15	3.75	 7	0.62325		grating		dx+	1.00	115	-56	 0	 0
-4.15	3.75	 7	0.62325		grating		dy+	1.00	115	-56	 0	 0
-4.15	3.75	 7	0.62325		grating		dz+	1.00	115	-56	 0	 0
-4.15	3.75	 7	0.62325		grating		tx+	0.01	115	-56	10	205
-4.15	3.75	 7	0.62325		grating		ty+	0.01	115	-56	-199	28
-4.15	3.75	 7	0.62325		grating		tz+	0.01	115	-56	153	-22
-4.15	3.75	 7	0.64650		grating		dx+	1.00	117	-21	 0	 0
-4.15	3.75	 7	0.64650		grating		dy+	1.00	117	-21	 0	 0
-4.15	3.75	 7	0.64650		grating		dz+	1.00	117	-21	 0	 0
-4.15	3.75	 7	0.64650		grating		tx+	0.01	117	-21	 4	208
-4.15	3.75	 7	0.64650		grating		ty+	0.01	117	-21	-194	26
-4.15	3.75	 7	0.64650		grating		tz+	0.01	117	-21	159	-21
-4.15	3.75	 7	0.66975		grating		dx+	1.00	118	14	 0	 0
-4.15	3.75	 7	0.66975		grating		dy+	1.00	118	14	 0	 0
-4.15	3.75	 7	0.66975		grating		dz+	1.00	118	14	 0	 0
-4.15	3.75	 7	0.66975		grating		tx+	0.01	118	14	-2	214
-4.15	3.75	 7	0.66975		grating		ty+	0.01	118	14	-190	25
-4.15	3.75	 7	0.66975		grating		tz+	0.01	118	14	165	-21
-4.15	3.75	 7	0.69300		grating		dx+	1.00	117	53	 0	 0
-4.15	3.75	 7	0.69300		grating		dy+	1.00	117	53	 0	 0
-4.15	3.75	 7	0.69300		grating		dz+	1.00	117	53	 0	 0
-4.15	3.75	 7	0.69300		grating		tx+	0.01	117	53	-10	222
-4.15	3.75	 7	0.69300		grating		ty+	0.01	117	53	-186	23
-4.15	3.75	 7	0.69300		grating		tz+	0.01	117	53	172	-22
-4.15	3.75	 8	0.53033		grating		dx+	1.00	110	-80	 0	 0
-4.15	3.75	 8	0.53033		grating		dy+	1.00	110	-80	 0	 0
-4.15	3.75	 8	0.53033		grating		dz+	1.00	110	-80	 0	 0
-4.15	3.75	 8	0.53033		grating		tx+	0.01	110	-80	15	203
-4.15	3.75	 8	0.53033		grating		ty+	0.01	110	-80	-202	30
-4.15	3.75	 8	0.53033		grating		tz+	0.01	110	-80	150	-22
-4.15	3.75	 8	0.54801		grating		dx+	1.00	113	-51	 0	 0
-4.15	3.75	 8	0.54801		grating		dy+	1.00	113	-51	 0	 0
-4.15	3.75	 8	0.54801		grating		dz+	1.00	113	-51	 0	 0
-4.15	3.75	 8	0.54801		grating		tx+	0.01	113	-51	 9	205
-4.15	3.75	 8	0.54801		grating		ty+	0.01	113	-51	-198	28
-4.15	3.75	 8	0.54801		grating		tz+	0.01	113	-51	154	-22
-4.15	3.75	 8	0.56569		grating		dx+	1.00	114	-21	 0	 0
-4.15	3.75	 8	0.56569		grating		dy+	1.00	114	-21	 0	 0
-4.15	3.75	 8	0.56569		grating		dz+	1.00	114	-21	 0	 0
-4.15	3.75	 8	0.56569		grating		tx+	0.01	114	-21	 4	208
-4.15	3.75	 8	0.56569		grating		ty+	0.01	114	-21	-195	26
-4.15	3.75	 8	0.56569		grating		tz+	0.01	114	-21	159	-21
-4.15	3.75	 8	0.58337		grating		dx+	1.00	115	10	 0	 0
-4.15	3.75	 8	0.58337		grating		dy+	1.00	115	10	 0	 0
-4.15	3.75	 8	0.58337		grating		dz+	1.00	115	10	 0	 0
-4.15	3.75	 8	0.58337		grating		tx+	0.01	115	10	-2	213
-4.15	3.75	 8	0.58337		grating		ty+	0.01	115	10	-191	25
-4.15	3.75	 8	0.58337		grating		tz+	0.01	115	10	165	-21
-4.15	3.75	 8	0.60104		grating		dx+	1.00	115	43	 0	 0
-4.15	3.75	 8	0.60104		grating		dy+	1.00	115	43	 0	 0
-4.15	3.75	 8	0.60104		grating		dz+	1.00	115	43	 0	 0
-4.15	3.75	 8	0.60104		grating		tx+	0.01	115	43	-8	219
-4.15	3.75	 8	0.60104		grating		ty+	0.01	115	43	-187	24
-4.15	3.75	 8	0.60104		grating		tz+	0.01	115	43	171	-22
4.15	4.50	 5	0.81459		grating		dx+	1.00	-82	-51	 0	 0
4.15	4.50	 5	0.81459		grating		dy+	1.00	-82	-51	 0	 0
4.15	4.50	 5	0.81459		grating		dz+	1.00	-82	-51	 0	 0
4.15	4.50	 5	0.81459		grating		tx+	0.01	-82	-51	18	185
4.15	4.50	 5	0.81459		grating		ty+	0.01	-82	-51	-239	54
4.15	4.50	 5	0.81459		grating		tz+	0.01	-82	-51	189	-43
4.15	4.50	 5	0.85984		grating		dx+	1.00	-79	-3	 0	 0
4.15	4.50	 5	0.85984		grating		dy+	1.00	-79	-3	 0	 0
4.15	4.50	 5	0.85984		grating		dz+	1.00	-79	-3	 0	 0
4.15	4.50	 5	0.85984		grating		tx+	0.01	-79	-3	 0	190
4.15	4.50	 5	0.85984		grating		ty+	0.01	-79	-3	-233	58
4.15	4.50	 5	0.85984		grating		tz+	0.01	-79	-3	201	-50
4.15	4.50	 5	0.90510		grating		dx+	1.00	-81	49	 0	 0
4.15	4.50	 5	0.90510		grating		dy+	1.00	-81	49	 0	 0
4.15	4.50	 5	0.90510		grating		dz+	1.00	-81	49	 0	 0
4.15	4.50	 5	0.90510		grating		tx+	0.01	-81	49	-19	200
4.15	4.50	 5	0.90510		grating		ty+	0.01	-81	49	-231	64
4.15	4.50	 5	0.90510		grating		tz+	0.01	-81	49	220	-61
4.15	4.50	 5	0.95035		grating		dx+	1.00	-89	107	 0	 0
4.15	4.50	 5	0.95035		grating		dy+	1.00	-89	107	 0	 0
4.15	4.50	 5	0.95035		grating		dz+	1.00	-89	107	 0	 0
4.15	4.50	 5	0.95035		grating		tx+	0.01	-89	107	-47	220
4.15	4.50	 5	0.95035		grating		ty+	0.01	-89	107	-236	74
4.15	4.50	 5	0.95035		grating		tz+	0.01	-89	107	249	-79
4.15	4.50	 5	0.99561		grating		dx+	1.00	-109	178	 0	 0
4.15	4.50	 5	0.99561		grating		dy+	1.00	-109	178	 0	 0
4.15	4.50	 5	0.99561		grating		dz+	1.00	-109	178	 0	 0
4.15	4.50	 5	0.99561		grating		tx+	0.01	-109	178	-93	259
4.15	4.50	 5	0.99561		grating		ty+	0.01	-109	178	-254	95
4.15	4.50	 5	0.99561		grating		tz+	0.01	-109	178	303	-114
4.15	4.50	 6	0.69140		grating		dx+	1.00	-84	-34	 0	 0
4.15	4.50	 6	0.69140		grating		dy+	1.00	-84	-34	 0	 0
4.15	4.50	 6	0.69140		grating		dz+	1.00	-84	-34	 0	 0
4.15	4.50	 6	0.69140		grating		tx+	0.01	-84	-34	12	186
4.15	4.50	 6	0.69140		grating		ty+	0.01	-84	-34	-239	56
4.15	4.50	 6	0.69140		grating		tz+	0.01	-84	-34	194	-45
4.15	4.50	 6	0.72282		grating		dx+	1.00	-82	 6	 0	 0
4.15	4.50	 6	0.72282		grating		dy+	1.00	-82	 6	 0	 0
4.15	4.50	 6	0.72282		grating		dz+	1.00	-82	 6	 0	 0
4.15	4.50	 6	0.72282		grating		tx+	0.01	-82	 6	-2	191
4.15	4.50	 6	0.72282		grating		ty+	0.01	-82	 6	-234	59
4.15	4.50	 6	0.72282		grating		tz+	0.01	-82	 6	206	-52
4.15	4.50	 6	0.75425		grating		dx+	1.00	-84	50	 0	 0
4.15	4.50	 6	0.75425		grating		dy+	1.00	-84	50	 0	 0
4.15	4.50	 6	0.75425		grating		dz+	1.00	-84	50	 0	 0
4.15	4.50	 6	0.75425		grating		tx+	0.01	-84	50	-20	200
4.15	4.50	 6	0.75425		grating		ty+	0.01	-84	50	-233	65
4.15	4.50	 6	0.75425		grating		tz+	0.01	-84	50	222	-61
4.15	4.50	 6	0.78568		grating		dx+	1.00	-90	98	 0	 0
4.15	4.50	 6	0.78568		grating		dy+	1.00	-90	98	 0	 0
4.15	4.50	 6	0.78568		grating		dz+	1.00	-90	98	 0	 0
4.15	4.50	 6	0.78568		grating		tx+	0.01	-90	98	-42	216
4.15	4.50	 6	0.78568		grating		ty+	0.01	-90	98	-236	73
4.15	4.50	 6	0.78568		grating		tz+	0.01	-90	98	245	-76
4.15	4.50	 6	0.81710		grating		dx+	1.00	-104	154	 0	 0
4.15	4.50	 6	0.81710		grating		dy+	1.00	-104	154	 0	 0
4.15	4.50	 6	0.81710		grating		dz+	1.00	-104	154	 0	 0
4.15	4.50	 6	0.81710		grating		tx+	0.01	-104	154	-76	243
4.15	4.50	 6	0.81710		grating		ty+	0.01	-104	154	-248	87
4.15	4.50	 6	0.81710		grating		tz+	0.01	-104	154	284	-100
4.15	4.50	 7	0.60000		grating		dx+	1.00	-87	-22	 0	 0
4.15	4.50	 7	0.60000		grating		dy+	1.00	-87	-22	 0	 0
4.15	4.50	 7	0.60000		grating		dz+	1.00	-87	-22	 0	 0
4.15	4.50	 7	0.60000		grating		tx+	0.01	-87	-22	 8	187
4.15	4.50	 7	0.60000		grating		ty+	0.01	-87	-22	-240	57
4.15	4.50	 7	0.60000		grating		tz+	0.01	-87	-22	200	-47
4.15	4.50	 7	0.62325		grating		dx+	1.00	-86	13	 0	 0
4.15	4.50	 7	0.62325		grating		dy+	1.00	-86	13	 0	 0
4.15	4.50	 7	0.62325		grating		dz+	1.00	-86	13	 0	 0
4.15	4.50	 7	0.62325		grating		tx+	0.01	-86	13	-5	192
4.15	4.50	 7	0.62325		grating		ty+	0.01	-86	13	-236	60
4.15	4.50	 7	0.62325		grating		tz+	0.01	-86	13	210	-54
4.15	4.50	 7	0.64650		grating		dx+	1.00	-87	51	 0	 0
4.15	4.50	 7	0.64650		grating		dy+	1.00	-87	51	 0	 0
4.15	4.50	 7	0.64650		grating		dz+	1.00	-87	51	 0	 0
4.15	4.50	 7	0.64650		grating		tx+	0.01	-87	51	-20	201
4.15	4.50	 7	0.64650		grating		ty+	0.01	-87	51	-235	65
4.15	4.50	 7	0.64650		grating		tz+	0.01	-87	51	224	-62
4.15	4.50	 7	0.66975		grating		dx+	1.00	-92	92	 0	 0
4.15	4.50	 7	0.66975		grating		dy+	1.00	-92	92	 0	 0
4.15	4.50	 7	0.66975		grating		dz+	1.00	-92	92	 0	 0
4.15	4.50	 7	0.66975		grating		tx+	0.01	-92	92	-40	214
4.15	4.50	 7	0.66975		grating		ty+	0.01	-92	92	-238	72
4.15	4.50	 7	0.66975		grating		tz+	0.01	-92	92	244	-74
4.15	4.50	 7	0.69300		grating		dx+	1.00	-102	138	 0	 0
4.15	4.50	 7	0.69300		grating		dy+	1.00	-102	138	 0	 0
4.15	4.50	 7	0.69300		grating		dz+	1.00	-102	138	 0	 0
4.15	4.50	 7	0.69300		grating		tx+	0.01	-102	138	-66	235
4.15	4.50	 7	0.69300		grating		ty+	0.01	-102	138	-246	83
4.15	4.50	 7	0.69300		grating		tz+	0.01	-102	138	274	-93
4.15	4.50	 8	0.53033		grating		dx+	1.00	-91	-12	 0	 0
4.15	4.50	 8	0.53033		grating		dy+	1.00	-91	-12	 0	 0
4.15	4.50	 8	0.53033		grating		dz+	1.00	-91	-12	 0	 0
4.15	4.50	 8	0.53033		grating		tx+	0.01	-91	-12	 4	189
4.15	4.50	 8	0.53033		grating		ty+	0.01	-91	-12	-241	58
4.15	4.50	 8	0.53033		grating		tz+	0.01	-91	-12	205	-49
4.15	4.50	 8	0.54801		grating		dx+	1.00	-90	19	 0	 0
4.15	4.50	 8	0.54801		grating		dy+	1.00	-90	19	 0	 0
4.15	4.50	 8	0.54801		grating		dz+	1.00	-90	19	 0	 0
4.15	4.50	 8	0.54801		grating		tx+	0.01	-90	19	-7	193
4.15	4.50	 8	0.54801		grating		ty+	0.01	-90	19	-239	61
4.15	4.50	 8	0.54801		grating		tz+	0.01	-90	19	214	-55
4.15	4.50	 8	0.56569		grating		dx+	1.00	-91	52	 0	 0
4.15	4.50	 8	0.56569		grating		dy+	1.00	-91	52	 0	 0
4.15	4.50	 8	0.56569		grating		dz+	1.00	-91	52	 0	 0
4.15	4.50	 8	0.56569		grating		tx+	0.01	-91	52	-21	201
4.15	4.50	 8	0.56569		grating		ty+	0.01	-91	52	-238	66
4.15	4.50	 8	0.56569		grating		tz+	0.01	-91	52	227	-63
4.15	4.50	 8	0.58337		grating		dx+	1.00	-95	87	 0	 0
4.15	4.50	 8	0.58337		grating		dy+	1.00	-95	87	 0	 0
4.15	4.50	 8	0.58337		grating		dz+	1.00	-95	87	 0	 0
4.15	4.50	 8	0.58337		grating		tx+	0.01	-95	87	-38	212
4.15	4.50	 8	0.58337		grating		ty+	0.01	-95	87	-240	72
4.15	4.50	 8	0.58337		grating		tz+	0.01	-95	87	244	-73
4.15	4.50	 8	0.60104		grating		dx+	1.00	-103	127	 0	 0
4.15	4.50	 8	0.60104		grating		dy+	1.00	-103	127	 0	 0
4.15	4.50	 8	0.60104		grating		dz+	1.00	-103	127	 0	 0
4.15	4.50	 8	0.60104		grating		tx+	0.01	-103	127	-60	229
4.15	4.50	 8	0.60104		grating		ty+	0.01	-103	127	-246	81
4.15	4.50	 8	0.60104		grating		tz+	0.01	-103	127	269	-88
2.08	4.50	 5	0.81459		grating		dx+	1.00	-28	-75	 0	 0
2.08	4.50	 5	0.81459		grating		dy+	1.00	-28	-75	 0	 0
2.08	4.50	 5	0.81459		grating		dz+	1.00	-28	-75	 0	 0
2.08	4.50	 5	0.81459		grating		tx+	0.01	-28	-75	22	188
2.08	4.50	 5	0.81459		grating		ty+	0.01	-28	-75	-220	47
2.08	4.50	 5	0.81459		grating		tz+	0.01	-28	-75	167	-35
2.08	4.50	 5	0.85984		grating		dx+	1.00	-24	-29	 0	 0
2.08	4.50	 5	0.85984		grating		dy+	1.00	-24	-29	 0	 0
2.08	4.50	 5	0.85984		grating		dz+	1.00	-24	-29	 0	 0
2.08	4.50	 5	0.85984		grating		tx+	0.01	-24	-29	 8	191
2.08	4.50	 5	0.85984		grating		ty+	0.01	-24	-29	-214	48
2.08	4.50	 5	0.85984		grating		tz+	0.01	-24	-29	176	-40
2.08	4.50	 5	0.90510		grating		dx+	1.00	-23	20	 0	 0
2.08	4.50	 5	0.90510		grating		dy+	1.00	-23	20	 0	 0
2.08	4.50	 5	0.90510		grating		dz+	1.00	-23	20	 0	 0
2.08	4.50	 5	0.90510		grating		tx+	0.01	-23	20	-6	198
2.08	4.50	 5	0.90510		grating		ty+	0.01	-23	20	-209	51
2.08	4.50	 5	0.90510		grating		tz+	0.01	-23	20	188	-46
2.08	4.50	 5	0.95035		grating		dx+	1.00	-26	73	 0	 0
2.08	4.50	 5	0.95035		grating		dy+	1.00	-26	73	 0	 0
2.08	4.50	 5	0.95035		grating		dz+	1.00	-26	73	 0	 0
2.08	4.50	 5	0.95035		grating		tx+	0.01	-26	73	-24	211
2.08	4.50	 5	0.95035		grating		ty+	0.01	-26	73	-207	55
2.08	4.50	 5	0.95035		grating		tz+	0.01	-26	73	205	-55
2.08	4.50	 5	0.99561		grating		dx+	1.00	-36	135	 0	 0
2.08	4.50	 5	0.99561		grating		dy+	1.00	-36	135	 0	 0
2.08	4.50	 5	0.99561		grating		dz+	1.00	-36	135	 0	 0
2.08	4.50	 5	0.99561		grating		tx+	0.01	-36	135	-51	235
2.08	4.50	 5	0.99561		grating		ty+	0.01	-36	135	-210	64
2.08	4.50	 5	0.99561		grating		tz+	0.01	-36	135	231	-71
2.08	4.50	 6	0.69140		grating		dx+	1.00	-29	-60	 0	 0
2.08	4.50	 6	0.69140		grating		dy+	1.00	-29	-60	 0	 0
2.08	4.50	 6	0.69140		grating		dz+	1.00	-29	-60	 0	 0
2.08	4.50	 6	0.69140		grating		tx+	0.01	-29	-60	18	188
2.08	4.50	 6	0.69140		grating		ty+	0.01	-29	-60	-219	47
2.08	4.50	 6	0.69140		grating		tz+	0.01	-29	-60	170	-37
2.08	4.50	 6	0.72282		grating		dx+	1.00	-26	-21	 0	 0
2.08	4.50	 6	0.72282		grating		dy+	1.00	-26	-21	 0	 0
2.08	4.50	 6	0.72282		grating		dz+	1.00	-26	-21	 0	 0
2.08	4.50	 6	0.72282		grating		tx+	0.01	-26	-21	 6	192
2.08	4.50	 6	0.72282		grating		ty+	0.01	-26	-21	-214	49
2.08	4.50	 6	0.72282		grating		tz+	0.01	-26	-21	178	-41
2.08	4.50	 6	0.75425		grating		dx+	1.00	-25	20	 0	 0
2.08	4.50	 6	0.75425		grating		dy+	1.00	-25	20	 0	 0
2.08	4.50	 6	0.75425		grating		dz+	1.00	-25	20	 0	 0
2.08	4.50	 6	0.75425		grating		tx+	0.01	-25	20	-6	198
2.08	4.50	 6	0.75425		grating		ty+	0.01	-25	20	-210	51
2.08	4.50	 6	0.75425		grating		tz+	0.01	-25	20	189	-46
2.08	4.50	 6	0.78568		grating		dx+	1.00	-28	65	 0	 0
2.08	4.50	 6	0.78568		grating		dy+	1.00	-28	65	 0	 0
2.08	4.50	 6	0.78568		grating		dz+	1.00	-28	65	 0	 0
2.08	4.50	 6	0.78568		grating		tx+	0.01	-28	65	-21	208
2.08	4.50	 6	0.78568		grating		ty+	0.01	-28	65	-208	55
2.08	4.50	 6	0.78568		grating		tz+	0.01	-28	65	203	-53
2.08	4.50	 6	0.81710		grating		dx+	1.00	-34	114	 0	 0
2.08	4.50	 6	0.81710		grating		dy+	1.00	-34	114	 0	 0
2.08	4.50	 6	0.81710		grating		dz+	1.00	-34	114	 0	 0
2.08	4.50	 6	0.81710		grating		tx+	0.01	-34	114	-41	226
2.08	4.50	 6	0.81710		grating		ty+	0.01	-34	114	-209	61
2.08	4.50	 6	0.81710		grating		tz+	0.01	-34	114	222	-65
2.08	4.50	 7	0.60000		grating		dx+	1.00	-31	-49	 0	 0
2.08	4.50	 7	0.60000		grating		dy+	1.00	-31	-49	 0	 0
2.08	4.50	 7	0.60000		grating		dz+	1.00	-31	-49	 0	 0
2.08	4.50	 7	0.60000		grating		tx+	0.01	-31	-49	15	189
2.08	4.50	 7	0.60000		grating		ty+	0.01	-31	-49	-219	48
2.08	4.50	 7	0.60000		grating		tz+	0.01	-31	-49	174	-38
2.08	4.50	 7	0.62325		grating		dx+	1.00	-29	-15	 0	 0
2.08	4.50	 7	0.62325		grating		dy+	1.00	-29	-15	 0	 0
2.08	4.50	 7	0.62325		grating		dz+	1.00	-29	-15	 0	 0
2.08	4.50	 7	0.62325		grating		tx+	0.01	-29	-15	 4	192
2.08	4.50	 7	0.62325		grating		ty+	0.01	-29	-15	-214	49
2.08	4.50	 7	0.62325		grating		tz+	0.01	-29	-15	181	-42
2.08	4.50	 7	0.64650		grating		dx+	1.00	-28	21	 0	 0
2.08	4.50	 7	0.64650		grating		dy+	1.00	-28	21	 0	 0
2.08	4.50	 7	0.64650		grating		dz+	1.00	-28	21	 0	 0
2.08	4.50	 7	0.64650		grating		tx+	0.01	-28	21	-6	198
2.08	4.50	 7	0.64650		grating		ty+	0.01	-28	21	-211	51
2.08	4.50	 7	0.64650		grating		tz+	0.01	-28	21	190	-46
2.08	4.50	 7	0.66975		grating		dx+	1.00	-30	59	 0	 0
2.08	4.50	 7	0.66975		grating		dy+	1.00	-30	59	 0	 0
2.08	4.50	 7	0.66975		grating		dz+	1.00	-30	59	 0	 0
2.08	4.50	 7	0.66975		grating		tx+	0.01	-30	59	-20	207
2.08	4.50	 7	0.66975		grating		ty+	0.01	-30	59	-209	54
2.08	4.50	 7	0.66975		grating		tz+	0.01	-30	59	202	-52
2.08	4.50	 7	0.69300		grating		dx+	1.00	-35	100	 0	 0
2.08	4.50	 7	0.69300		grating		dy+	1.00	-35	100	 0	 0
2.08	4.50	 7	0.69300		grating		dz+	1.00	-35	100	 0	 0
2.08	4.50	 7	0.69300		grating		tx+	0.01	-35	100	-36	220
2.08	4.50	 7	0.69300		grating		ty+	0.01	-35	100	-210	59
2.08	4.50	 7	0.69300		grating		tz+	0.01	-35	100	218	-62
2.08	4.50	 8	0.53033		grating		dx+	1.00	-34	-39	 0	 0
2.08	4.50	 8	0.53033		grating		dy+	1.00	-34	-39	 0	 0
2.08	4.50	 8	0.53033		grating		dz+	1.00	-34	-39	 0	 0
2.08	4.50	 8	0.53033		grating		tx+	0.01	-34	-39	12	190
2.08	4.50	 8	0.53033		grating		ty+	0.01	-34	-39	-219	48
2.08	4.50	 8	0.53033		grating		tz+	0.01	-34	-39	177	-39
2.08	4.50	 8	0.54801		grating		dx+	1.00	-32	-9	 0	 0
2.08	4.50	 8	0.54801		grating		dy+	1.00	-32	-9	 0	 0
2.08	4.50	 8	0.54801		grating		dz+	1.00	-32	-9	 0	 0
2.08	4.50	 8	0.54801		grating		tx+	0.01	-32	-9	 2	193
2.08	4.50	 8	0.54801		grating		ty+	0.01	-32	-9	-215	50
2.08	4.50	 8	0.54801		grating		tz+	0.01	-32	-9	184	-42
2.08	4.50	 8	0.56569		grating		dx+	1.00	-32	22	 0	 0
2.08	4.50	 8	0.56569		grating		dy+	1.00	-32	22	 0	 0
2.08	4.50	 8	0.56569		grating		dz+	1.00	-32	22	 0	 0
2.08	4.50	 8	0.56569		grating		tx+	0.01	-32	22	-7	198
2.08	4.50	 8	0.56569		grating		ty+	0.01	-32	22	-212	52
2.08	4.50	 8	0.56569		grating		tz+	0.01	-32	22	192	-47
2.08	4.50	 8	0.58337		grating		dx+	1.00	-33	55	 0	 0
2.08	4.50	 8	0.58337		grating		dy+	1.00	-33	55	 0	 0
2.08	4.50	 8	0.58337		grating		dz+	1.00	-33	55	 0	 0
2.08	4.50	 8	0.58337		grating		tx+	0.01	-33	55	-18	205
2.08	4.50	 8	0.58337		grating		ty+	0.01	-33	55	-211	54
2.08	4.50	 8	0.58337		grating		tz+	0.01	-33	55	202	-52
2.08	4.50	 8	0.60104		grating		dx+	1.00	-36	90	 0	 0
2.08	4.50	 8	0.60104		grating		dy+	1.00	-36	90	 0	 0
2.08	4.50	 8	0.60104		grating		dz+	1.00	-36	90	 0	 0
2.08	4.50	 8	0.60104		grating		tx+	0.01	-36	90	-32	216
2.08	4.50	 8	0.60104		grating		ty+	0.01	-36	90	-211	58
2.08	4.50	 8	0.60104		grating		tz+	0.01	-36	90	215	-59
0.00	4.50	 5	0.81459		grating		dx+	1.00	21	-96	 0	 0
0.00	4.50	 5	0.81459		grating		dy+	1.00	21	-96	 0	 0
0.00	4.50	 5	0.81459		grating		dz+	1.00	21	-96	 0	 0
0.00	4.50	 5	0.81459		grating		tx+	0.01	21	-96	24	192
0.00	4.50	 5	0.81459		grating		ty+	0.01	21	-96	-211	41
0.00	4.50	 5	0.81459		grating		tz+	0.01	21	-96	154	-30
0.00	4.50	 5	0.85984		grating		dx+	1.00	26	-51	 0	 0
0.00	4.50	 5	0.85984		grating		dy+	1.00	26	-51	 0	 0
0.00	4.50	 5	0.85984		grating		dz+	1.00	26	-51	 0	 0
0.00	4.50	 5	0.85984		grating		tx+	0.01	26	-51	13	194
0.00	4.50	 5	0.85984		grating		ty+	0.01	26	-51	-204	41
0.00	4.50	 5	0.85984		grating		tz+	0.01	26	-51	162	-32
0.00	4.50	 5	0.90510		grating		dx+	1.00	28	-3	 0	 0
0.00	4.50	 5	0.90510		grating		dy+	1.00	28	-3	 0	 0
0.00	4.50	 5	0.90510		grating		dz+	1.00	28	-3	 0	 0
0.00	4.50	 5	0.90510		grating		tx+	0.01	28	-3	 0	199
0.00	4.50	 5	0.90510		grating		ty+	0.01	28	-3	-198	41
0.00	4.50	 5	0.90510		grating		tz+	0.01	28	-3	171	-35
0.00	4.50	 5	0.95035		grating		dx+	1.00	27	48	 0	 0
0.00	4.50	 5	0.95035		grating		dy+	1.00	27	48	 0	 0
0.00	4.50	 5	0.95035		grating		dz+	1.00	27	48	 0	 0
0.00	4.50	 5	0.95035		grating		tx+	0.01	27	48	-13	208
0.00	4.50	 5	0.95035		grating		ty+	0.01	27	48	-194	42
0.00	4.50	 5	0.95035		grating		tz+	0.01	27	48	183	-40
0.00	4.50	 5	0.99561		grating		dx+	1.00	22	105	 0	 0
0.00	4.50	 5	0.99561		grating		dy+	1.00	22	105	 0	 0
0.00	4.50	 5	0.99561		grating		dz+	1.00	22	105	 0	 0
0.00	4.50	 5	0.99561		grating		tx+	0.01	22	105	-31	226
0.00	4.50	 5	0.99561		grating		ty+	0.01	22	105	-192	46
0.00	4.50	 5	0.99561		grating		tz+	0.01	22	105	200	-48
0.00	4.50	 6	0.69140		grating		dx+	1.00	20	-81	 0	 0
0.00	4.50	 6	0.69140		grating		dy+	1.00	20	-81	 0	 0
0.00	4.50	 6	0.69140		grating		dz+	1.00	20	-81	 0	 0
0.00	4.50	 6	0.69140		grating		tx+	0.01	20	-81	20	192
0.00	4.50	 6	0.69140		grating		ty+	0.01	20	-81	-209	41
0.00	4.50	 6	0.69140		grating		tz+	0.01	20	-81	157	-31
0.00	4.50	 6	0.72282		grating		dx+	1.00	24	-43	 0	 0
0.00	4.50	 6	0.72282		grating		dy+	1.00	24	-43	 0	 0
0.00	4.50	 6	0.72282		grating		dz+	1.00	24	-43	 0	 0
0.00	4.50	 6	0.72282		grating		tx+	0.01	24	-43	11	194
0.00	4.50	 6	0.72282		grating		ty+	0.01	24	-43	-204	41
0.00	4.50	 6	0.72282		grating		tz+	0.01	24	-43	164	-33
0.00	4.50	 6	0.75425		grating		dx+	1.00	26	-3	 0	 0
0.00	4.50	 6	0.75425		grating		dy+	1.00	26	-3	 0	 0
0.00	4.50	 6	0.75425		grating		dz+	1.00	26	-3	 0	 0
0.00	4.50	 6	0.75425		grating		tx+	0.01	26	-3	 0	199
0.00	4.50	 6	0.75425		grating		ty+	0.01	26	-3	-199	41
0.00	4.50	 6	0.75425		grating		tz+	0.01	26	-3	172	-36
0.00	4.50	 6	0.78568		grating		dx+	1.00	25	39	 0	 0
0.00	4.50	 6	0.78568		grating		dy+	1.00	25	39	 0	 0
0.00	4.50	 6	0.78568		grating		dz+	1.00	25	39	 0	 0
0.00	4.50	 6	0.78568		grating		tx+	0.01	25	39	-10	206
0.00	4.50	 6	0.78568		grating		ty+	0.01	25	39	-195	42
0.00	4.50	 6	0.78568		grating		tz+	0.01	25	39	182	-39
0.00	4.50	 6	0.81710		grating		dx+	1.00	22	86	 0	 0
0.00	4.50	 6	0.81710		grating		dy+	1.00	22	86	 0	 0
0.00	4.50	 6	0.81710		grating		dz+	1.00	22	86	 0	 0
0.00	4.50	 6	0.81710		grating		tx+	0.01	22	86	-25	219
0.00	4.50	 6	0.81710		grating		ty+	0.01	22	86	-193	45
0.00	4.50	 6	0.81710		grating		tz+	0.01	22	86	195	-45
0.00	4.50	 7	0.60000		grating		dx+	1.00	19	-70	 0	 0
0.00	4.50	 7	0.60000		grating		dy+	1.00	19	-70	 0	 0
0.00	4.50	 7	0.60000		grating		dz+	1.00	19	-70	 0	 0
0.00	4.50	 7	0.60000		grating		tx+	0.01	19	-70	18	192
0.00	4.50	 7	0.60000		grating		ty+	0.01	19	-70	-208	41
0.00	4.50	 7	0.60000		grating		tz+	0.01	19	-70	160	-31
0.00	4.50	 7	0.62325		grating		dx+	1.00	22	-37	 0	 0
0.00	4.50	 7	0.62325		grating		dy+	1.00	22	-37	 0	 0
0.00	4.50	 7	0.62325		grating		dz+	1.00	22	-37	 0	 0
0.00	4.50	 7	0.62325		grating		tx+	0.01	22	-37	 9	194
0.00	4.50	 7	0.62325		grating		ty+	0.01	22	-37	-204	41
0.00	4.50	 7	0.62325		grating		tz+	0.01	22	-37	165	-33
0.00	4.50	 7	0.64650		grating		dx+	1.00	23	-2	 0	 0
0.00	4.50	 7	0.64650		grating		dy+	1.00	23	-2	 0	 0
0.00	4.50	 7	0.64650		grating		dz+	1.00	23	-2	 0	 0
0.00	4.50	 7	0.64650		grating		tx+	0.01	23	-2	 0	198
0.00	4.50	 7	0.64650		grating		ty+	0.01	23	-2	-200	41
0.00	4.50	 7	0.64650		grating		tz+	0.01	23	-2	172	-36
0.00	4.50	 7	0.66975		grating		dx+	1.00	23	34	 0	 0
0.00	4.50	 7	0.66975		grating		dy+	1.00	23	34	 0	 0
0.00	4.50	 7	0.66975		grating		dz+	1.00	23	34	 0	 0
0.00	4.50	 7	0.66975		grating		tx+	0.01	23	34	-9	205
0.00	4.50	 7	0.66975		grating		ty+	0.01	23	34	-197	42
0.00	4.50	 7	0.66975		grating		tz+	0.01	23	34	181	-39
0.00	4.50	 7	0.69300		grating		dx+	1.00	21	73	 0	 0
0.00	4.50	 7	0.69300		grating		dy+	1.00	21	73	 0	 0
0.00	4.50	 7	0.69300		grating		dz+	1.00	21	73	 0	 0
0.00	4.50	 7	0.69300		grating		tx+	0.01	21	73	-21	215
0.00	4.50	 7	0.69300		grating		ty+	0.01	21	73	-194	44
0.00	4.50	 7	0.69300		grating		tz+	0.01	21	73	192	-44
0.00	4.50	 8	0.53033		grating		dx+	1.00	16	-61	 0	 0
0.00	4.50	 8	0.53033		grating		dy+	1.00	16	-61	 0	 0
0.00	4.50	 8	0.53033		grating		dz+	1.00	16	-61	 0	 0
0.00	4.50	 8	0.53033		grating		tx+	0.01	16	-61	16	192
0.00	4.50	 8	0.53033		grating		ty+	0.01	16	-61	-208	41
0.00	4.50	 8	0.53033		grating		tz+	0.01	16	-61	162	-32
0.00	4.50	 8	0.54801		grating		dx+	1.00	19	-32	 0	 0
0.00	4.50	 8	0.54801		grating		dy+	1.00	19	-32	 0	 0
0.00	4.50	 8	0.54801		grating		dz+	1.00	19	-32	 0	 0
0.00	4.50	 8	0.54801		grating		tx+	0.01	19	-32	 8	195
0.00	4.50	 8	0.54801		grating		ty+	0.01	19	-32	-204	41
0.00	4.50	 8	0.54801		grating		tz+	0.01	19	-32	167	-34
0.00	4.50	 8	0.56569		grating		dx+	1.00	20	-2	 0	 0
0.00	4.50	 8	0.56569		grating		dy+	1.00	20	-2	 0	 0
0.00	4.50	 8	0.56569		grating		dz+	1.00	20	-2	 0	 0
0.00	4.50	 8	0.56569		grating		tx+	0.01	20	-2	 0	198
0.00	4.50	 8	0.56569		grating		ty+	0.01	20	-2	-200	42
0.00	4.50	 8	0.56569		grating		tz+	0.01	20	-2	173	-36
0.00	4.50	 8	0.58337		grating		dx+	1.00	21	30	 0	 0
0.00	4.50	 8	0.58337		grating		dy+	1.00	21	30	 0	 0
0.00	4.50	 8	0.58337		grating		dz+	1.00	21	30	 0	 0
0.00	4.50	 8	0.58337		grating		tx+	0.01	21	30	-8	204
0.00	4.50	 8	0.58337		grating		ty+	0.01	21	30	-198	42
0.00	4.50	 8	0.58337		grating		tz+	0.01	21	30	181	-39
0.00	4.50	 8	0.60104		grating		dx+	1.00	19	63	 0	 0
0.00	4.50	 8	0.60104		grating		dy+	1.00	19	63	 0	 0
0.00	4.50	 8	0.60104		grating		dz+	1.00	19	63	 0	 0
0.00	4.50	 8	0.60104		grating		tx+	0.01	19	63	-18	212
0.00	4.50	 8	0.60104		grating		ty+	0.01	19	63	-196	44
0.00	4.50	 8	0.60104		grating		tz+	0.01	19	63	189	-43
-2.08	4.50	 5	0.81459		grating		dx+	1.00	68	-114	 0	 0
-2.08	4.50	 5	0.81459		grating		dy+	1.00	68	-114	 0	 0
-2.08	4.50	 5	0.81459		grating		dz+	1.00	68	-114	 0	 0
-2.08	4.50	 5	0.81459		grating		tx+	0.01	68	-114	24	197
-2.08	4.50	 5	0.81459		grating		ty+	0.01	68	-114	-207	37
-2.08	4.50	 5	0.81459		grating		tz+	0.01	68	-114	147	-26
-2.08	4.50	 5	0.85984		grating		dx+	1.00	73	-68	 0	 0
-2.08	4.50	 5	0.85984		grating		dy+	1.00	73	-68	 0	 0
-2.08	4.50	 5	0.85984		grating		dz+	1.00	73	-68	 0	 0
-2.08	4.50	 5	0.85984		grating		tx+	0.01	73	-68	14	197
-2.08	4.50	 5	0.85984		grating		ty+	0.01	73	-68	-200	35
-2.08	4.50	 5	0.85984		grating		tz+	0.01	73	-68	154	-27
-2.08	4.50	 5	0.90510		grating		dx+	1.00	76	-21	 0	 0
-2.08	4.50	 5	0.90510		grating		dy+	1.00	76	-21	 0	 0
-2.08	4.50	 5	0.90510		grating		dz+	1.00	76	-21	 0	 0
-2.08	4.50	 5	0.90510		grating		tx+	0.01	76	-21	 4	201
-2.08	4.50	 5	0.90510		grating		ty+	0.01	76	-21	-194	33
-2.08	4.50	 5	0.90510		grating		tz+	0.01	76	-21	162	-28
-2.08	4.50	 5	0.95035		grating		dx+	1.00	76	29	 0	 0
-2.08	4.50	 5	0.95035		grating		dy+	1.00	76	29	 0	 0
-2.08	4.50	 5	0.95035		grating		dz+	1.00	76	29	 0	 0
-2.08	4.50	 5	0.95035		grating		tx+	0.01	76	29	-6	209
-2.08	4.50	 5	0.95035		grating		ty+	0.01	76	29	-189	33
-2.08	4.50	 5	0.95035		grating		tz+	0.01	76	29	172	-30
-2.08	4.50	 5	0.99561		grating		dx+	1.00	73	83	 0	 0
-2.08	4.50	 5	0.99561		grating		dy+	1.00	73	83	 0	 0
-2.08	4.50	 5	0.99561		grating		dz+	1.00	73	83	 0	 0
-2.08	4.50	 5	0.99561		grating		tx+	0.01	73	83	-20	223
-2.08	4.50	 5	0.99561		grating		ty+	0.01	73	83	-185	33
-2.08	4.50	 5	0.99561		grating		tz+	0.01	73	83	185	-33
-2.08	4.50	 6	0.69140		grating		dx+	1.00	67	-98	 0	 0
-2.08	4.50	 6	0.69140		grating		dy+	1.00	67	-98	 0	 0
-2.08	4.50	 6	0.69140		grating		dz+	1.00	67	-98	 0	 0
-2.08	4.50	 6	0.69140		grating		tx+	0.01	67	-98	21	197
-2.08	4.50	 6	0.69140		grating		ty+	0.01	67	-98	-205	36
-2.08	4.50	 6	0.69140		grating		tz+	0.01	67	-98	150	-26
-2.08	4.50	 6	0.72282		grating		dx+	1.00	71	-60	 0	 0
-2.08	4.50	 6	0.72282		grating		dy+	1.00	71	-60	 0	 0
-2.08	4.50	 6	0.72282		grating		dz+	1.00	71	-60	 0	 0
-2.08	4.50	 6	0.72282		grating		tx+	0.01	71	-60	13	198
-2.08	4.50	 6	0.72282		grating		ty+	0.01	71	-60	-200	35
-2.08	4.50	 6	0.72282		grating		tz+	0.01	71	-60	156	-27
-2.08	4.50	 6	0.75425		grating		dx+	1.00	73	-21	 0	 0
-2.08	4.50	 6	0.75425		grating		dy+	1.00	73	-21	 0	 0
-2.08	4.50	 6	0.75425		grating		dz+	1.00	73	-21	 0	 0
-2.08	4.50	 6	0.75425		grating		tx+	0.01	73	-21	 4	201
-2.08	4.50	 6	0.75425		grating		ty+	0.01	73	-21	-195	33
-2.08	4.50	 6	0.75425		grating		tz+	0.01	73	-21	163	-28
-2.08	4.50	 6	0.78568		grating		dx+	1.00	74	20	 0	 0
-2.08	4.50	 6	0.78568		grating		dy+	1.00	74	20	 0	 0
-2.08	4.50	 6	0.78568		grating		dz+	1.00	74	20	 0	 0
-2.08	4.50	 6	0.78568		grating		tx+	0.01	74	20	-4	207
-2.08	4.50	 6	0.78568		grating		ty+	0.01	74	20	-190	33
-2.08	4.50	 6	0.78568		grating		tz+	0.01	74	20	171	-29
-2.08	4.50	 6	0.81710		grating		dx+	1.00	72	65	 0	 0
-2.08	4.50	 6	0.81710		grating		dy+	1.00	72	65	 0	 0
-2.08	4.50	 6	0.81710		grating		dz+	1.00	72	65	 0	 0
-2.08	4.50	 6	0.81710		grating		tx+	0.01	72	65	-15	218
-2.08	4.50	 6	0.81710		grating		ty+	0.01	72	65	-186	33
-2.08	4.50	 6	0.81710		grating		tz+	0.01	72	65	181	-32
-2.08	4.50	 7	0.60000		grating		dx+	1.00	66	-88	 0	 0
-2.08	4.50	 7	0.60000		grating		dy+	1.00	66	-88	 0	 0
-2.08	4.50	 7	0.60000		grating		dz+	1.00	66	-88	 0	 0
-2.08	4.50	 7	0.60000		grating		tx+	0.01	66	-88	19	196
-2.08	4.50	 7	0.60000		grating		ty+	0.01	66	-88	-204	36
-2.08	4.50	 7	0.60000		grating		tz+	0.01	66	-88	152	-26
-2.08	4.50	 7	0.62325		grating		dx+	1.00	69	-55	 0	 0
-2.08	4.50	 7	0.62325		grating		dy+	1.00	69	-55	 0	 0
-2.08	4.50	 7	0.62325		grating		dz+	1.00	69	-55	 0	 0
-2.08	4.50	 7	0.62325		grating		tx+	0.01	69	-55	12	198
-2.08	4.50	 7	0.62325		grating		ty+	0.01	69	-55	-199	34
-2.08	4.50	 7	0.62325		grating		tz+	0.01	69	-55	157	-27
-2.08	4.50	 7	0.64650		grating		dx+	1.00	71	-21	 0	 0
-2.08	4.50	 7	0.64650		grating		dy+	1.00	71	-21	 0	 0
-2.08	4.50	 7	0.64650		grating		dz+	1.00	71	-21	 0	 0
-2.08	4.50	 7	0.64650		grating		tx+	0.01	71	-21	 4	201
-2.08	4.50	 7	0.64650		grating		ty+	0.01	71	-21	-195	34
-2.08	4.50	 7	0.64650		grating		tz+	0.01	71	-21	163	-28
-2.08	4.50	 7	0.66975		grating		dx+	1.00	72	15	 0	 0
-2.08	4.50	 7	0.66975		grating		dy+	1.00	72	15	 0	 0
-2.08	4.50	 7	0.66975		grating		dz+	1.00	72	15	 0	 0
-2.08	4.50	 7	0.66975		grating		tx+	0.01	72	15	-3	206
-2.08	4.50	 7	0.66975		grating		ty+	0.01	72	15	-191	33
-2.08	4.50	 7	0.66975		grating		tz+	0.01	72	15	170	-29
-2.08	4.50	 7	0.69300		grating		dx+	1.00	71	53	 0	 0
-2.08	4.50	 7	0.69300		grating		dy+	1.00	71	53	 0	 0
-2.08	4.50	 7	0.69300		grating		dz+	1.00	71	53	 0	 0
-2.08	4.50	 7	0.69300		grating		tx+	0.01	71	53	-12	214
-2.08	4.50	 7	0.69300		grating		ty+	0.01	71	53	-188	33
-2.08	4.50	 7	0.69300		grating		tz+	0.01	71	53	178	-31
-2.08	4.50	 8	0.53033		grating		dx+	1.00	63	-78	 0	 0
-2.08	4.50	 8	0.53033		grating		dy+	1.00	63	-78	 0	 0
-2.08	4.50	 8	0.53033		grating		dz+	1.00	63	-78	 0	 0
-2.08	4.50	 8	0.53033		grating		tx+	0.01	63	-78	17	196
-2.08	4.50	 8	0.53033		grating		ty+	0.01	63	-78	-203	35
-2.08	4.50	 8	0.53033		grating		tz+	0.01	63	-78	154	-27
-2.08	4.50	 8	0.54801		grating		dx+	1.00	66	-50	 0	 0
-2.08	4.50	 8	0.54801		grating		dy+	1.00	66	-50	 0	 0
-2.08	4.50	 8	0.54801		grating		dz+	1.00	66	-50	 0	 0
-2.08	4.50	 8	0.54801		grating		tx+	0.01	66	-50	11	198
-2.08	4.50	 8	0.54801		grating		ty+	0.01	66	-50	-199	34
-2.08	4.50	 8	0.54801		grating		tz+	0.01	66	-50	158	-27
-2.08	4.50	 8	0.56569		grating		dx+	1.00	68	-20	 0	 0
-2.08	4.50	 8	0.56569		grating		dy+	1.00	68	-20	 0	 0
-2.08	4.50	 8	0.56569		grating		dz+	1.00	68	-20	 0	 0
-2.08	4.50	 8	0.56569		grating		tx+	0.01	68	-20	 4	201
-2.08	4.50	 8	0.56569		grating		ty+	0.01	68	-20	-195	34
-2.08	4.50	 8	0.56569		grating		tz+	0.01	68	-20	164	-28
-2.08	4.50	 8	0.58337		grating		dx+	1.00	69	10	 0	 0
-2.08	4.50	 8	0.58337		grating		dy+	1.00	69	10	 0	 0
-2.08	4.50	 8	0.58337		grating		dz+	1.00	69	10	 0	 0
-2.08	4.50	 8	0.58337		grating		tx+	0.01	69	10	-2	205
-2.08	4.50	 8	0.58337		grating		ty+	0.01	69	10	-192	33
-2.08	4.50	 8	0.58337		grating		tz+	0.01	69	10	169	-29
-2.08	4.50	 8	0.60104		grating		dx+	1.00	69	43	 0	 0
-2.08	4.50	 8	0.60104		grating		dy+	1.00	69	43	 0	 0
-2.08	4.50	 8	0.60104		grating		dz+	1.00	69	43	 0	 0
-2.08	4.50	 8	0.60104		grating		tx+	0.01	69	43	-10	212
-2.08	4.50	 8	0.60104		grating		ty+	0.01	69	43	-189	33
-2.08	4.50	 8	0.60104		grating		tz+	0.01	69	43	176	-31
-4.15	4.50	 5	0.81459		grating		dx+	1.00	113	-128	 0	 0
-4.15	4.50	 5	0.81459		grating		dy+	1.00	113	-128	 0	 0
-4.15	4.50	 5	0.81459		grating		dz+	1.00	113	-128	 0	 0
-4.15	4.50	 5	0.81459		grating		tx+	0.01	113	-128	23	202
-4.15	4.50	 5	0.81459		grating		ty+	0.01	113	-128	-207	33
-4.15	4.50	 5	0.81459		grating		tz+	0.01	113	-128	145	-23
-4.15	4.50	 5	0.85984		grating		dx+	1.00	118	-83	 0	 0
-4.15	4.50	 5	0.85984		grating		dy+	1.00	118	-83	 0	 0
-4.15	4.50	 5	0.85984		grating		dz+	1.00	118	-83	 0	 0
-4.15	4.50	 5	0.85984		grating		tx+	0.01	118	-83	15	202
-4.15	4.50	 5	0.85984		grating		ty+	0.01	118	-83	-200	29
-4.15	4.50	 5	0.85984		grating		tz+	0.01	118	-83	151	-22
-4.15	4.50	 5	0.90510		grating		dx+	1.00	121	-36	 0	 0
-4.15	4.50	 5	0.90510		grating		dy+	1.00	121	-36	 0	 0
-4.15	4.50	 5	0.90510		grating		dz+	1.00	121	-36	 0	 0
-4.15	4.50	 5	0.90510		grating		tx+	0.01	121	-36	 6	205
-4.15	4.50	 5	0.90510		grating		ty+	0.01	121	-36	-194	26
-4.15	4.50	 5	0.90510		grating		tz+	0.01	121	-36	158	-21
-4.15	4.50	 5	0.95035		grating		dx+	1.00	122	14	 0	 0
-4.15	4.50	 5	0.95035		grating		dy+	1.00	122	14	 0	 0
-4.15	4.50	 5	0.95035		grating		dz+	1.00	122	14	 0	 0
-4.15	4.50	 5	0.95035		grating		tx+	0.01	122	14	-2	212
-4.15	4.50	 5	0.95035		grating		ty+	0.01	122	14	-188	24
-4.15	4.50	 5	0.95035		grating		tz+	0.01	122	14	167	-21
-4.15	4.50	 5	0.99561		grating		dx+	1.00	120	68	 0	 0
-4.15	4.50	 5	0.99561		grating		dy+	1.00	120	68	 0	 0
-4.15	4.50	 5	0.99561		grating		dz+	1.00	120	68	 0	 0
-4.15	4.50	 5	0.99561		grating		tx+	0.01	120	68	-13	224
-4.15	4.50	 5	0.99561		grating		ty+	0.01	120	68	-183	22
-4.15	4.50	 5	0.99561		grating		tz+	0.01	120	68	178	-22
-4.15	4.50	 6	0.69140		grating		dx+	1.00	112	-113	 0	 0
-4.15	4.50	 6	0.69140		grating		dy+	1.00	112	-113	 0	 0
-4.15	4.50	 6	0.69140		grating		dz+	1.00	112	-113	 0	 0
-4.15	4.50	 6	0.69140		grating		tx+	0.01	112	-113	21	202
-4.15	4.50	 6	0.69140		grating		ty+	0.01	112	-113	-205	31
-4.15	4.50	 6	0.69140		grating		tz+	0.01	112	-113	147	-22
-4.15	4.50	 6	0.72282		grating		dx+	1.00	116	-75	 0	 0
-4.15	4.50	 6	0.72282		grating		dy+	1.00	116	-75	 0	 0
-4.15	4.50	 6	0.72282		grating		dz+	1.00	116	-75	 0	 0
-4.15	4.50	 6	0.72282		grating		tx+	0.01	116	-75	14	202
-4.15	4.50	 6	0.72282		grating		ty+	0.01	116	-75	-199	29
-4.15	4.50	 6	0.72282		grating		tz+	0.01	116	-75	152	-22
-4.15	4.50	 6	0.75425		grating		dx+	1.00	119	-35	 0	 0
-4.15	4.50	 6	0.75425		grating		dy+	1.00	119	-35	 0	 0
-4.15	4.50	 6	0.75425		grating		dz+	1.00	119	-35	 0	 0
-4.15	4.50	 6	0.75425		grating		tx+	0.01	119	-35	 6	205
-4.15	4.50	 6	0.75425		grating		ty+	0.01	119	-35	-194	26
-4.15	4.50	 6	0.75425		grating		tz+	0.01	119	-35	159	-22
-4.15	4.50	 6	0.78568		grating		dx+	1.00	120	 6	 0	 0
-4.15	4.50	 6	0.78568		grating		dy+	1.00	120	 6	 0	 0
-4.15	4.50	 6	0.78568		grating		dz+	1.00	120	 6	 0	 0
-4.15	4.50	 6	0.78568		grating		tx+	0.01	120	 6	-1	210
-4.15	4.50	 6	0.78568		grating		ty+	0.01	120	 6	-189	24
-4.15	4.50	 6	0.78568		grating		tz+	0.01	120	 6	166	-21
-4.15	4.50	 6	0.81710		grating		dx+	1.00	119	50	 0	 0
-4.15	4.50	 6	0.81710		grating		dy+	1.00	119	50	 0	 0
-4.15	4.50	 6	0.81710		grating		dz+	1.00	119	50	 0	 0
-4.15	4.50	 6	0.81710		grating		tx+	0.01	119	50	-10	219
-4.15	4.50	 6	0.81710		grating		ty+	0.01	119	50	-185	23
-4.15	4.50	 6	0.81710		grating		tz+	0.01	119	50	174	-22
-4.15	4.50	 7	0.60000		grating		dx+	1.00	111	-102	 0	 0
-4.15	4.50	 7	0.60000		grating		dy+	1.00	111	-102	 0	 0
-4.15	4.50	 7	0.60000		grating		dz+	1.00	111	-102	 0	 0
-4.15	4.50	 7	0.60000		grating		tx+	0.01	111	-102	19	201
-4.15	4.50	 7	0.60000		grating		ty+	0.01	111	-102	-204	31
-4.15	4.50	 7	0.60000		grating		tz+	0.01	111	-102	148	-22
-4.15	4.50	 7	0.62325		grating		dx+	1.00	114	-69	 0	 0
-4.15	4.50	 7	0.62325		grating		dy+	1.00	114	-69	 0	 0
-4.15	4.50	 7	0.62325		grating		dz+	1.00	114	-69	 0	 0
-4.15	4.50	 7	0.62325		grating		tx+	0.01	114	-69	13	202
-4.15	4.50	 7	0.62325		grating		ty+	0.01	114	-69	-199	29
-4.15	4.50	 7	0.62325		grating		tz+	0.01	114	-69	153	-22
-4.15	4.50	 7	0.64650		grating		dx+	1.00	117	-35	 0	 0
-4.15	4.50	 7	0.64650		grating		dy+	1.00	117	-35	 0	 0
-4.15	4.50	 7	0.64650		grating		dz+	1.00	117	-35	 0	 0
-4.15	4.50	 7	0.64650		grating		tx+	0.01	117	-35	 6	205
-4.15	4.50	 7	0.64650		grating		ty+	0.01	117	-35	-194	27
-4.15	4.50	 7	0.64650		grating		tz+	0.01	117	-35	159	-22
-4.15	4.50	 7	0.66975		grating		dx+	1.00	118	 0	 0	 0
-4.15	4.50	 7	0.66975		grating		dy+	1.00	118	 0	 0	 0
-4.15	4.50	 7	0.66975		grating		dz+	1.00	118	 0	 0	 0
-4.15	4.50	 7	0.66975		grating		tx+	0.01	118	 0	 0	209
-4.15	4.50	 7	0.66975		grating		ty+	0.01	118	 0	-190	25
-4.15	4.50	 7	0.66975		grating		tz+	0.01	118	 0	165	-22
-4.15	4.50	 7	0.69300		grating		dx+	1.00	118	37	 0	 0
-4.15	4.50	 7	0.69300		grating		dy+	1.00	118	37	 0	 0
-4.15	4.50	 7	0.69300		grating		dz+	1.00	118	37	 0	 0
-4.15	4.50	 7	0.69300		grating		tx+	0.01	118	37	-7	216
-4.15	4.50	 7	0.69300		grating		ty+	0.01	118	37	-186	24
-4.15	4.50	 7	0.69300		grating		tz+	0.01	118	37	172	-22
-4.15	4.50	 8	0.53033		grating		dx+	1.00	109	-93	 0	 0
-4.15	4.50	 8	0.53033		grating		dy+	1.00	109	-93	 0	 0
-4.15	4.50	 8	0.53033		grating		dz+	1.00	109	-93	 0	 0
-4.15	4.50	 8	0.53033		grating		tx+	0.01	109	-93	17	201
-4.15	4.50	 8	0.53033		grating		ty+	0.01	109	-93	-202	30
-4.15	4.50	 8	0.53033		grating		tz+	0.01	109	-93	150	-22
-4.15	4.50	 8	0.54801		grating		dx+	1.00	112	-64	 0	 0
-4.15	4.50	 8	0.54801		grating		dy+	1.00	112	-64	 0	 0
-4.15	4.50	 8	0.54801		grating		dz+	1.00	112	-64	 0	 0
-4.15	4.50	 8	0.54801		grating		tx+	0.01	112	-64	12	202
-4.15	4.50	 8	0.54801		grating		ty+	0.01	112	-64	-198	28
-4.15	4.50	 8	0.54801		grating		tz+	0.01	112	-64	154	-22
-4.15	4.50	 8	0.56569		grating		dx+	1.00	114	-35	 0	 0
-4.15	4.50	 8	0.56569		grating		dy+	1.00	114	-35	 0	 0
-4.15	4.50	 8	0.56569		grating		dz+	1.00	114	-35	 0	 0
-4.15	4.50	 8	0.56569		grating		tx+	0.01	114	-35	 6	205
-4.15	4.50	 8	0.56569		grating		ty+	0.01	114	-35	-194	27
-4.15	4.50	 8	0.56569		grating		tz+	0.01	114	-35	159	-22
-4.15	4.50	 8	0.58337		grating		dx+	1.00	115	-4	 0	 0
-4.15	4.50	 8	0.58337		grating		dy+	1.00	115	-4	 0	 0
-4.15	4.50	 8	0.58337		grating		dz+	1.00	115	-4	 0	 0
-4.15	4.50	 8	0.58337		grating		tx+	0.01	115	-4	 0	208
-4.15	4.50	 8	0.58337		grating		ty+	0.01	115	-4	-191	25
-4.15	4.50	 8	0.58337		grating		tz+	0.01	115	-4	164	-22
-4.15	4.50	 8	0.60104		grating		dx+	1.00	115	28	 0	 0
-4.15	4.50	 8	0.60104		grating		dy+	1.00	115	28	 0	 0
-4.15	4.50	 8	0.60104		grating		dz+	1.00	115	28	 0	 0
-4.15	4.50	 8	0.60104		grating		tx+	0.01	115	28	-5	214
-4.15	4.50	 8	0.60104		grating		ty+	0.01	115	28	-187	24
-4.15	4.50	 8	0.60104		grating		tz+	0.01	115	28	170	-22
4.15	5.25	 5	0.81459		grating		dx+	1.00	-84	-63	 0	 0
4.15	5.25	 5	0.81459		grating		dy+	1.00	-84	-63	 0	 0
4.15	5.25	 5	0.81459		grating		dz+	1.00	-84	-63	 0	 0
4.15	5.25	 5	0.81459		grating		tx+	0.01	-84	-63	23	183
4.15	5.25	 5	0.81459		grating		ty+	0.01	-84	-63	-238	53
4.15	5.25	 5	0.81459		grating		tz+	0.01	-84	-63	189	-42
4.15	5.25	 5	0.85984		grating		dx+	1.00	-79	-16	 0	 0
4.15	5.25	 5	0.85984		grating		dy+	1.00	-79	-16	 0	 0
4.15	5.25	 5	0.85984		grating		dz+	1.00	-79	-16	 0	 0
4.15	5.25	 5	0.85984		grating		tx+	0.01	-79	-16	 5	186
4.15	5.25	 5	0.85984		grating		ty+	0.01	-79	-16	-232	56
4.15	5.25	 5	0.85984		grating		tz+	0.01	-79	-16	200	-49
4.15	5.25	 5	0.90510		grating		dx+	1.00	-79	34	 0	 0
4.15	5.25	 5	0.90510		grating		dy+	1.00	-79	34	 0	 0
4.15	5.25	 5	0.90510		grating		dz+	1.00	-79	34	 0	 0
4.15	5.25	 5	0.90510		grating		tx+	0.01	-79	34	-13	194
4.15	5.25	 5	0.90510		grating		ty+	0.01	-79	34	-228	61
4.15	5.25	 5	0.90510		grating		tz+	0.01	-79	34	217	-58
4.15	5.25	 5	0.95035		grating		dx+	1.00	-86	90	 0	 0
4.15	5.25	 5	0.95035		grating		dy+	1.00	-86	90	 0	 0
4.15	5.25	 5	0.95035		grating		dz+	1.00	-86	90	 0	 0
4.15	5.25	 5	0.95035		grating		tx+	0.01	-86	90	-37	210
4.15	5.25	 5	0.95035		grating		ty+	0.01	-86	90	-231	70
4.15	5.25	 5	0.95035		grating		tz+	0.01	-86	90	242	-73
4.15	5.25	 5	0.99561		grating		dx+	1.00	-101	157	 0	 0
4.15	5.25	 5	0.99561		grating		dy+	1.00	-101	157	 0	 0
4.15	5.25	 5	0.99561		grating		dz+	1.00	-101	157	 0	 0
4.15	5.25	 5	0.99561		grating		tx+	0.01	-101	157	-76	242
4.15	5.25	 5	0.99561		grating		ty+	0.01	-101	157	-243	86
4.15	5.25	 5	0.99561		grating		tz+	0.01	-101	157	287	-102
4.15	5.25	 6	0.69140		grating		dx+	1.00	-85	-47	 0	 0
4.15	5.25	 6	0.69140		grating		dy+	1.00	-85	-47	 0	 0
4.15	5.25	 6	0.69140		grating		dz+	1.00	-85	-47	 0	 0
4.15	5.25	 6	0.69140		grating		tx+	0.01	-85	-47	17	183
4.15	5.25	 6	0.69140		grating		ty+	0.01	-85	-47	-238	54
4.15	5.25	 6	0.69140		grating		tz+	0.01	-85	-47	194	-44
4.15	5.25	 6	0.72282		grating		dx+	1.00	-82	-7	 0	 0
4.15	5.25	 6	0.72282		grating		dy+	1.00	-82	-7	 0	 0
4.15	5.25	 6	0.72282		grating		dz+	1.00	-82	-7	 0	 0
4.15	5.25	 6	0.72282		grating		tx+	0.01	-82	-7	 2	187
4.15	5.25	 6	0.72282		grating		ty+	0.01	-82	-7	-233	57
4.15	5.25	 6	0.72282		grating		tz+	0.01	-82	-7	204	-50
4.15	5.25	 6	0.75425		grating		dx+	1.00	-82	35	 0	 0
4.15	5.25	 6	0.75425		grating		dy+	1.00	-82	35	 0	 0
4.15	5.25	 6	0.75425		grating		dz+	1.00	-82	35	 0	 0
4.15	5.25	 6	0.75425		grating		tx+	0.01	-82	35	-13	195
4.15	5.25	 6	0.75425		grating		ty+	0.01	-82	35	-230	62
4.15	5.25	 6	0.75425		grating		tz+	0.01	-82	35	219	-59
4.15	5.25	 6	0.78568		grating		dx+	1.00	-87	81	 0	 0
4.15	5.25	 6	0.78568		grating		dy+	1.00	-87	81	 0	 0
4.15	5.25	 6	0.78568		grating		dz+	1.00	-87	81	 0	 0
4.15	5.25	 6	0.78568		grating		tx+	0.01	-87	81	-33	207
4.15	5.25	 6	0.78568		grating		ty+	0.01	-87	81	-232	69
4.15	5.25	 6	0.78568		grating		tz+	0.01	-87	81	239	-71
4.15	5.25	 6	0.81710		grating		dx+	1.00	-98	134	 0	 0
4.15	5.25	 6	0.81710		grating		dy+	1.00	-98	134	 0	 0
4.15	5.25	 6	0.81710		grating		dz+	1.00	-98	134	 0	 0
4.15	5.25	 6	0.81710		grating		tx+	0.01	-98	134	-62	229
4.15	5.25	 6	0.81710		grating		ty+	0.01	-98	134	-239	80
4.15	5.25	 6	0.81710		grating		tz+	0.01	-98	134	271	-91
4.15	5.25	 7	0.60000		grating		dx+	1.00	-87	-36	 0	 0
4.15	5.25	 7	0.60000		grating		dy+	1.00	-87	-36	 0	 0
4.15	5.25	 7	0.60000		grating		dz+	1.00	-87	-36	 0	 0
4.15	5.25	 7	0.60000		grating		tx+	0.01	-87	-36	13	184
4.15	5.25	 7	0.60000		grating		ty+	0.01	-87	-36	-238	55
4.15	5.25	 7	0.60000		grating		tz+	0.01	-87	-36	199	-46
4.15	5.25	 7	0.62325		grating		dx+	1.00	-85	-1	 0	 0
4.15	5.25	 7	0.62325		grating		dy+	1.00	-85	-1	 0	 0
4.15	5.25	 7	0.62325		grating		dz+	1.00	-85	-1	 0	 0
4.15	5.25	 7	0.62325		grating		tx+	0.01	-85	-1	 0	188
4.15	5.25	 7	0.62325		grating		ty+	0.01	-85	-1	-234	58
4.15	5.25	 7	0.62325		grating		tz+	0.01	-85	-1	208	-52
4.15	5.25	 7	0.64650		grating		dx+	1.00	-86	36	 0	 0
4.15	5.25	 7	0.64650		grating		dy+	1.00	-86	36	 0	 0
4.15	5.25	 7	0.64650		grating		dz+	1.00	-86	36	 0	 0
4.15	5.25	 7	0.64650		grating		tx+	0.01	-86	36	-14	195
4.15	5.25	 7	0.64650		grating		ty+	0.01	-86	36	-232	62
4.15	5.25	 7	0.64650		grating		tz+	0.01	-86	36	221	-59
4.15	5.25	 7	0.66975		grating		dx+	1.00	-89	75	 0	 0
4.15	5.25	 7	0.66975		grating		dy+	1.00	-89	75	 0	 0
4.15	5.25	 7	0.66975		grating		dz+	1.00	-89	75	 0	 0
4.15	5.25	 7	0.66975		grating		tx+	0.01	-89	75	-31	205
4.15	5.25	 7	0.66975		grating		ty+	0.01	-89	75	-233	68
4.15	5.25	 7	0.66975		grating		tz+	0.01	-89	75	238	-70
4.15	5.25	 7	0.69300		grating		dx+	1.00	-97	120	 0	 0
4.15	5.25	 7	0.69300		grating		dy+	1.00	-97	120	 0	 0
4.15	5.25	 7	0.69300		grating		dz+	1.00	-97	120	 0	 0
4.15	5.25	 7	0.69300		grating		tx+	0.01	-97	120	-54	222
4.15	5.25	 7	0.69300		grating		ty+	0.01	-97	120	-239	77
4.15	5.25	 7	0.69300		grating		tz+	0.01	-97	120	264	-85
4.15	5.25	 8	0.53033		grating		dx+	1.00	-91	-26	 0	 0
4.15	5.25	 8	0.53033		grating		dy+	1.00	-91	-26	 0	 0
4.15	5.25	 8	0.53033		grating		dz+	1.00	-91	-26	 0	 0
4.15	5.25	 8	0.53033		grating		tx+	0.01	-91	-26	 9	185
4.15	5.25	 8	0.53033		grating		ty+	0.01	-91	-26	-240	56
4.15	5.25	 8	0.53033		grating		tz+	0.01	-91	-26	204	-48
4.15	5.25	 8	0.54801		grating		dx+	1.00	-89	 5	 0	 0
4.15	5.25	 8	0.54801		grating		dy+	1.00	-89	 5	 0	 0
4.15	5.25	 8	0.54801		grating		dz+	1.00	-89	 5	 0	 0
4.15	5.25	 8	0.54801		grating		tx+	0.01	-89	 5	-1	189
4.15	5.25	 8	0.54801		grating		ty+	0.01	-89	 5	-236	59
4.15	5.25	 8	0.54801		grating		tz+	0.01	-89	 5	212	-53
4.15	5.25	 8	0.56569		grating		dx+	1.00	-89	37	 0	 0
4.15	5.25	 8	0.56569		grating		dy+	1.00	-89	37	 0	 0
4.15	5.25	 8	0.56569		grating		dz+	1.00	-89	37	 0	 0
4.15	5.25	 8	0.56569		grating		tx+	0.01	-89	37	-14	195
4.15	5.25	 8	0.56569		grating		ty+	0.01	-89	37	-235	63
4.15	5.25	 8	0.56569		grating		tz+	0.01	-89	37	224	-60
4.15	5.25	 8	0.58337		grating		dx+	1.00	-92	71	 0	 0
4.15	5.25	 8	0.58337		grating		dy+	1.00	-92	71	 0	 0
4.15	5.25	 8	0.58337		grating		dz+	1.00	-92	71	 0	 0
4.15	5.25	 8	0.58337		grating		tx+	0.01	-92	71	-29	204
4.15	5.25	 8	0.58337		grating		ty+	0.01	-92	71	-235	68
4.15	5.25	 8	0.58337		grating		tz+	0.01	-92	71	239	-69
4.15	5.25	 8	0.60104		grating		dx+	1.00	-98	109	 0	 0
4.15	5.25	 8	0.60104		grating		dy+	1.00	-98	109	 0	 0
4.15	5.25	 8	0.60104		grating		dz+	1.00	-98	109	 0	 0
4.15	5.25	 8	0.60104		grating		tx+	0.01	-98	109	-48	218
4.15	5.25	 8	0.60104		grating		ty+	0.01	-98	109	-239	75
4.15	5.25	 8	0.60104		grating		tz+	0.01	-98	109	260	-82
2.08	5.25	 5	0.81459		grating		dx+	1.00	-30	-88	 0	 0
2.08	5.25	 5	0.81459		grating		dy+	1.00	-30	-88	 0	 0
2.08	5.25	 5	0.81459		grating		dz+	1.00	-30	-88	 0	 0
2.08	5.25	 5	0.81459		grating		tx+	0.01	-30	-88	26	186
2.08	5.25	 5	0.81459		grating		ty+	0.01	-30	-88	-220	46
2.08	5.25	 5	0.81459		grating		tz+	0.01	-30	-88	167	-35
2.08	5.25	 5	0.85984		grating		dx+	1.00	-24	-42	 0	 0
2.08	5.25	 5	0.85984		grating		dy+	1.00	-24	-42	 0	 0
2.08	5.25	 5	0.85984		grating		dz+	1.00	-24	-42	 0	 0
2.08	5.25	 5	0.85984		grating		tx+	0.01	-24	-42	12	188
2.08	5.25	 5	0.85984		grating		ty+	0.01	-24	-42	-213	47
2.08	5.25	 5	0.85984		grating		tz+	0.01	-24	-42	175	-39
2.08	5.25	 5	0.90510		grating		dx+	1.00	-22	 6	 0	 0
2.08	5.25	 5	0.90510		grating		dy+	1.00	-22	 6	 0	 0
2.08	5.25	 5	0.90510		grating		dz+	1.00	-22	 6	 0	 0
2.08	5.25	 5	0.90510		grating		tx+	0.01	-22	 6	-1	193
2.08	5.25	 5	0.90510		grating		ty+	0.01	-22	 6	-208	49
2.08	5.25	 5	0.90510		grating		tz+	0.01	-22	 6	187	-44
2.08	5.25	 5	0.95035		grating		dx+	1.00	-25	58	 0	 0
2.08	5.25	 5	0.95035		grating		dy+	1.00	-25	58	 0	 0
2.08	5.25	 5	0.95035		grating		dz+	1.00	-25	58	 0	 0
2.08	5.25	 5	0.95035		grating		tx+	0.01	-25	58	-19	204
2.08	5.25	 5	0.95035		grating		ty+	0.01	-25	58	-205	53
2.08	5.25	 5	0.95035		grating		tz+	0.01	-25	58	202	-52
2.08	5.25	 5	0.99561		grating		dx+	1.00	-32	117	 0	 0
2.08	5.25	 5	0.99561		grating		dy+	1.00	-32	117	 0	 0
2.08	5.25	 5	0.99561		grating		dz+	1.00	-32	117	 0	 0
2.08	5.25	 5	0.99561		grating		tx+	0.01	-32	117	-42	224
2.08	5.25	 5	0.99561		grating		ty+	0.01	-32	117	-206	60
2.08	5.25	 5	0.99561		grating		tz+	0.01	-32	117	225	-66
2.08	5.25	 6	0.69140		grating		dx+	1.00	-31	-72	 0	 0
2.08	5.25	 6	0.69140		grating		dy+	1.00	-31	-72	 0	 0
2.08	5.25	 6	0.69140		grating		dz+	1.00	-31	-72	 0	 0
2.08	5.25	 6	0.69140		grating		tx+	0.01	-31	-72	21	186
2.08	5.25	 6	0.69140		grating		ty+	0.01	-31	-72	-219	47
2.08	5.25	 6	0.69140		grating		tz+	0.01	-31	-72	170	-36
2.08	5.25	 6	0.72282		grating		dx+	1.00	-27	-34	 0	 0
2.08	5.25	 6	0.72282		grating		dy+	1.00	-27	-34	 0	 0
2.08	5.25	 6	0.72282		grating		dz+	1.00	-27	-34	 0	 0
2.08	5.25	 6	0.72282		grating		tx+	0.01	-27	-34	10	188
2.08	5.25	 6	0.72282		grating		ty+	0.01	-27	-34	-213	48
2.08	5.25	 6	0.72282		grating		tz+	0.01	-27	-34	178	-40
2.08	5.25	 6	0.75425		grating		dx+	1.00	-25	 6	 0	 0
2.08	5.25	 6	0.75425		grating		dy+	1.00	-25	 6	 0	 0
2.08	5.25	 6	0.75425		grating		dz+	1.00	-25	 6	 0	 0
2.08	5.25	 6	0.75425		grating		tx+	0.01	-25	 6	-2	193
2.08	5.25	 6	0.75425		grating		ty+	0.01	-25	 6	-209	49
2.08	5.25	 6	0.75425		grating		tz+	0.01	-25	 6	188	-44
2.08	5.25	 6	0.78568		grating		dx+	1.00	-26	49	 0	 0
2.08	5.25	 6	0.78568		grating		dy+	1.00	-26	49	 0	 0
2.08	5.25	 6	0.78568		grating		dz+	1.00	-26	49	 0	 0
2.08	5.25	 6	0.78568		grating		tx+	0.01	-26	49	-16	202
2.08	5.25	 6	0.78568		grating		ty+	0.01	-26	49	-206	53
2.08	5.25	 6	0.78568		grating		tz+	0.01	-26	49	200	-51
2.08	5.25	 6	0.81710		grating		dx+	1.00	-31	97	 0	 0
2.08	5.25	 6	0.81710		grating		dy+	1.00	-31	97	 0	 0
2.08	5.25	 6	0.81710		grating		dz+	1.00	-31	97	 0	 0
2.08	5.25	 6	0.81710		grating		tx+	0.01	-31	97	-33	216
2.08	5.25	 6	0.81710		grating		ty+	0.01	-31	97	-206	58
2.08	5.25	 6	0.81710		grating		tz+	0.01	-31	97	218	-61
2.08	5.25	 7	0.60000		grating		dx+	1.00	-32	-61	 0	 0
2.08	5.25	 7	0.60000		grating		dy+	1.00	-32	-61	 0	 0
2.08	5.25	 7	0.60000		grating		dz+	1.00	-32	-61	 0	 0
2.08	5.25	 7	0.60000		grating		tx+	0.01	-32	-61	18	186
2.08	5.25	 7	0.60000		grating		ty+	0.01	-32	-61	-218	47
2.08	5.25	 7	0.60000		grating		tz+	0.01	-32	-61	174	-37
2.08	5.25	 7	0.62325		grating		dx+	1.00	-29	-28	 0	 0
2.08	5.25	 7	0.62325		grating		dy+	1.00	-29	-28	 0	 0
2.08	5.25	 7	0.62325		grating		dz+	1.00	-29	-28	 0	 0
2.08	5.25	 7	0.62325		grating		tx+	0.01	-29	-28	 8	189
2.08	5.25	 7	0.62325		grating		ty+	0.01	-29	-28	-213	48
2.08	5.25	 7	0.62325		grating		tz+	0.01	-29	-28	180	-41
2.08	5.25	 7	0.64650		grating		dx+	1.00	-28	 7	 0	 0
2.08	5.25	 7	0.64650		grating		dy+	1.00	-28	 7	 0	 0
2.08	5.25	 7	0.64650		grating		dz+	1.00	-28	 7	 0	 0
2.08	5.25	 7	0.64650		grating		tx+	0.01	-28	 7	-2	193
2.08	5.25	 7	0.64650		grating		ty+	0.01	-28	 7	-210	50
2.08	5.25	 7	0.64650		grating		tz+	0.01	-28	 7	189	-45
2.08	5.25	 7	0.66975		grating		dx+	1.00	-29	44	 0	 0
2.08	5.25	 7	0.66975		grating		dy+	1.00	-29	44	 0	 0
2.08	5.25	 7	0.66975		grating		dz+	1.00	-29	44	 0	 0
2.08	5.25	 7	0.66975		grating		tx+	0.01	-29	44	-14	200
2.08	5.25	 7	0.66975		grating		ty+	0.01	-29	44	-207	52
2.08	5.25	 7	0.66975		grating		tz+	0.01	-29	44	200	-50
2.08	5.25	 7	0.69300		grating		dx+	1.00	-32	84	 0	 0
2.08	5.25	 7	0.69300		grating		dy+	1.00	-32	84	 0	 0
2.08	5.25	 7	0.69300		grating		dz+	1.00	-32	84	 0	 0
2.08	5.25	 7	0.69300		grating		tx+	0.01	-32	84	-29	212
2.08	5.25	 7	0.69300		grating		ty+	0.01	-32	84	-207	56
2.08	5.25	 7	0.69300		grating		tz+	0.01	-32	84	214	-58
2.08	5.25	 8	0.53033		grating		dx+	1.00	-35	-52	 0	 0
2.08	5.25	 8	0.53033		grating		dy+	1.00	-35	-52	 0	 0
2.08	5.25	 8	0.53033		grating		dz+	1.00	-35	-52	 0	 0
2.08	5.25	 8	0.53033		grating		tx+	0.01	-35	-52	16	187
2.08	5.25	 8	0.53033		grating		ty+	0.01	-35	-52	-218	47
2.08	5.25	 8	0.53033		grating		tz+	0.01	-35	-52	177	-38
2.08	5.25	 8	0.54801		grating		dx+	1.00	-32	-23	 0	 0
2.08	5.25	 8	0.54801		grating		dy+	1.00	-32	-23	 0	 0
2.08	5.25	 8	0.54801		grating		dz+	1.00	-32	-23	 0	 0
2.08	5.25	 8	0.54801		grating		tx+	0.01	-32	-23	 7	189
2.08	5.25	 8	0.54801		grating		ty+	0.01	-32	-23	-214	49
2.08	5.25	 8	0.54801		grating		tz+	0.01	-32	-23	183	-41
2.08	5.25	 8	0.56569		grating		dx+	1.00	-31	 8	 0	 0
2.08	5.25	 8	0.56569		grating		dy+	1.00	-31	 8	 0	 0
2.08	5.25	 8	0.56569		grating		dz+	1.00	-31	 8	 0	 0
2.08	5.25	 8	0.56569		grating		tx+	0.01	-31	 8	-2	193
2.08	5.25	 8	0.56569		grating		ty+	0.01	-31	 8	-211	50
2.08	5.25	 8	0.56569		grating		tz+	0.01	-31	 8	190	-45
2.08	5.25	 8	0.58337		grating		dx+	1.00	-31	40	 0	 0
2.08	5.25	 8	0.58337		grating		dy+	1.00	-31	40	 0	 0
2.08	5.25	 8	0.58337		grating		dz+	1.00	-31	40	 0	 0
2.08	5.25	 8	0.58337		grating		tx+	0.01	-31	40	-13	199
2.08	5.25	 8	0.58337		grating		ty+	0.01	-31	40	-209	52
2.08	5.25	 8	0.58337		grating		tz+	0.01	-31	40	200	-50
2.08	5.25	 8	0.60104		grating		dx+	1.00	-34	74	 0	 0
2.08	5.25	 8	0.60104		grating		dy+	1.00	-34	74	 0	 0
2.08	5.25	 8	0.60104		grating		dz+	1.00	-34	74	 0	 0
2.08	5.25	 8	0.60104		grating		tx+	0.01	-34	74	-25	208
2.08	5.25	 8	0.60104		grating		ty+	0.01	-34	74	-208	56
2.08	5.25	 8	0.60104		grating		tz+	0.01	-34	74	211	-56
0.00	5.25	 5	0.81459		grating		dx+	1.00	19	-108	 0	 0
0.00	5.25	 5	0.81459		grating		dy+	1.00	19	-108	 0	 0
0.00	5.25	 5	0.81459		grating		dz+	1.00	19	-108	 0	 0
0.00	5.25	 5	0.81459		grating		tx+	0.01	19	-108	27	190
0.00	5.25	 5	0.81459		grating		ty+	0.01	19	-108	-211	41
0.00	5.25	 5	0.81459		grating		tz+	0.01	19	-108	155	-30
0.00	5.25	 5	0.85984		grating		dx+	1.00	25	-64	 0	 0
0.00	5.25	 5	0.85984		grating		dy+	1.00	25	-64	 0	 0
0.00	5.25	 5	0.85984		grating		dz+	1.00	25	-64	 0	 0
0.00	5.25	 5	0.85984		grating		tx+	0.01	25	-64	16	191
0.00	5.25	 5	0.85984		grating		ty+	0.01	25	-64	-204	41
0.00	5.25	 5	0.85984		grating		tz+	0.01	25	-64	162	-32
0.00	5.25	 5	0.90510		grating		dx+	1.00	28	-17	 0	 0
0.00	5.25	 5	0.90510		grating		dy+	1.00	28	-17	 0	 0
0.00	5.25	 5	0.90510		grating		dz+	1.00	28	-17	 0	 0
0.00	5.25	 5	0.90510		grating		tx+	0.01	28	-17	 4	195
0.00	5.25	 5	0.90510		grating		ty+	0.01	28	-17	-198	40
0.00	5.25	 5	0.90510		grating		tz+	0.01	28	-17	171	-35
0.00	5.25	 5	0.95035		grating		dx+	1.00	28	33	 0	 0
0.00	5.25	 5	0.95035		grating		dy+	1.00	28	33	 0	 0
0.00	5.25	 5	0.95035		grating		dz+	1.00	28	33	 0	 0
0.00	5.25	 5	0.95035		grating		tx+	0.01	28	33	-9	203
0.00	5.25	 5	0.95035		grating		ty+	0.01	28	33	-193	41
0.00	5.25	 5	0.95035		grating		tz+	0.01	28	33	182	-39
0.00	5.25	 5	0.99561		grating		dx+	1.00	24	89	 0	 0
0.00	5.25	 5	0.99561		grating		dy+	1.00	24	89	 0	 0
0.00	5.25	 5	0.99561		grating		dz+	1.00	24	89	 0	 0
0.00	5.25	 5	0.99561		grating		tx+	0.01	24	89	-25	218
0.00	5.25	 5	0.99561		grating		ty+	0.01	24	89	-190	44
0.00	5.25	 5	0.99561		grating		tz+	0.01	24	89	197	-46
0.00	5.25	 6	0.69140		grating		dx+	1.00	19	-93	 0	 0
0.00	5.25	 6	0.69140		grating		dy+	1.00	19	-93	 0	 0
0.00	5.25	 6	0.69140		grating		dz+	1.00	19	-93	 0	 0
0.00	5.25	 6	0.69140		grating		tx+	0.01	19	-93	23	190
0.00	5.25	 6	0.69140		grating		ty+	0.01	19	-93	-209	41
0.00	5.25	 6	0.69140		grating		tz+	0.01	19	-93	157	-31
0.00	5.25	 6	0.72282		grating		dx+	1.00	23	-55	 0	 0
0.00	5.25	 6	0.72282		grating		dy+	1.00	23	-55	 0	 0
0.00	5.25	 6	0.72282		grating		dz+	1.00	23	-55	 0	 0
0.00	5.25	 6	0.72282		grating		tx+	0.01	23	-55	14	191
0.00	5.25	 6	0.72282		grating		ty+	0.01	23	-55	-203	41
0.00	5.25	 6	0.72282		grating		tz+	0.01	23	-55	164	-33
0.00	5.25	 6	0.75425		grating		dx+	1.00	26	-16	 0	 0
0.00	5.25	 6	0.75425		grating		dy+	1.00	26	-16	 0	 0
0.00	5.25	 6	0.75425		grating		dz+	1.00	26	-16	 0	 0
0.00	5.25	 6	0.75425		grating		tx+	0.01	26	-16	 4	195
0.00	5.25	 6	0.75425		grating		ty+	0.01	26	-16	-198	41
0.00	5.25	 6	0.75425		grating		tz+	0.01	26	-16	171	-35
0.00	5.25	 6	0.78568		grating		dx+	1.00	26	25	 0	 0
0.00	5.25	 6	0.78568		grating		dy+	1.00	26	25	 0	 0
0.00	5.25	 6	0.78568		grating		dz+	1.00	26	25	 0	 0
0.00	5.25	 6	0.78568		grating		tx+	0.01	26	25	-6	201
0.00	5.25	 6	0.78568		grating		ty+	0.01	26	25	-194	41
0.00	5.25	 6	0.78568		grating		tz+	0.01	26	25	181	-38
0.00	5.25	 6	0.81710		grating		dx+	1.00	24	70	 0	 0
0.00	5.25	 6	0.81710		grating		dy+	1.00	24	70	 0	 0
0.00	5.25	 6	0.81710		grating		dz+	1.00	24	70	 0	 0
0.00	5.25	 6	0.81710		grating		tx+	0.01	24	70	-19	212
0.00	5.25	 6	0.81710		grating		ty+	0.01	24	70	-192	43
0.00	5.25	 6	0.81710		grating		tz+	0.01	24	70	192	-44
0.00	5.25	 7	0.60000		grating		dx+	1.00	17	-82	 0	 0
0.00	5.25	 7	0.60000		grating		dy+	1.00	17	-82	 0	 0
0.00	5.25	 7	0.60000		grating		dz+	1.00	17	-82	 0	 0
0.00	5.25	 7	0.60000		grating		tx+	0.01	17	-82	21	190
0.00	5.25	 7	0.60000		grating		ty+	0.01	17	-82	-208	41
0.00	5.25	 7	0.60000		grating		tz+	0.01	17	-82	160	-31
0.00	5.25	 7	0.62325		grating		dx+	1.00	21	-50	 0	 0
0.00	5.25	 7	0.62325		grating		dy+	1.00	21	-50	 0	 0
0.00	5.25	 7	0.62325		grating		dz+	1.00	21	-50	 0	 0
0.00	5.25	 7	0.62325		grating		tx+	0.01	21	-50	12	191
0.00	5.25	 7	0.62325		grating		ty+	0.01	21	-50	-203	41
0.00	5.25	 7	0.62325		grating		tz+	0.01	21	-50	165	-33
0.00	5.25	 7	0.64650		grating		dx+	1.00	23	-16	 0	 0
0.00	5.25	 7	0.64650		grating		dy+	1.00	23	-16	 0	 0
0.00	5.25	 7	0.64650		grating		dz+	1.00	23	-16	 0	 0
0.00	5.25	 7	0.64650		grating		tx+	0.01	23	-16	 4	195
0.00	5.25	 7	0.64650		grating		ty+	0.01	23	-16	-199	41
0.00	5.25	 7	0.64650		grating		tz+	0.01	23	-16	172	-35
0.00	5.25	 7	0.66975		grating		dx+	1.00	24	20	 0	 0
0.00	5.25	 7	0.66975		grating		dy+	1.00	24	20	 0	 0
0.00	5.25	 7	0.66975		grating		dz+	1.00	24	20	 0	 0
0.00	5.25	 7	0.66975		grating		tx+	0.01	24	20	-5	200
0.00	5.25	 7	0.66975		grating		ty+	0.01	24	20	-195	41
0.00	5.25	 7	0.66975		grating		tz+	0.01	24	20	180	-38
0.00	5.25	 7	0.69300		grating		dx+	1.00	22	58	 0	 0
0.00	5.25	 7	0.69300		grating		dy+	1.00	22	58	 0	 0
0.00	5.25	 7	0.69300		grating		dz+	1.00	22	58	 0	 0
0.00	5.25	 7	0.69300		grating		tx+	0.01	22	58	-16	208
0.00	5.25	 7	0.69300		grating		ty+	0.01	22	58	-193	43
0.00	5.25	 7	0.69300		grating		tz+	0.01	22	58	190	-42
0.00	5.25	 8	0.53033		grating		dx+	1.00	15	-73	 0	 0
0.00	5.25	 8	0.53033		grating		dy+	1.00	15	-73	 0	 0
0.00	5.25	 8	0.53033		grating		dz+	1.00	15	-73	 0	 0
0.00	5.25	 8	0.53033		grating		tx+	0.01	15	-73	19	190
0.00	5.25	 8	0.53033		grating		ty+	0.01	15	-73	-208	41
0.00	5.25	 8	0.53033		grating		tz+	0.01	15	-73	162	-32
0.00	5.25	 8	0.54801		grating		dx+	1.00	18	-45	 0	 0
0.00	5.25	 8	0.54801		grating		dy+	1.00	18	-45	 0	 0
0.00	5.25	 8	0.54801		grating		dz+	1.00	18	-45	 0	 0
0.00	5.25	 8	0.54801		grating		tx+	0.01	18	-45	11	192
0.00	5.25	 8	0.54801		grating		ty+	0.01	18	-45	-203	41
0.00	5.25	 8	0.54801		grating		tz+	0.01	18	-45	167	-33
0.00	5.25	 8	0.56569		grating		dx+	1.00	20	-15	 0	 0
0.00	5.25	 8	0.56569		grating		dy+	1.00	20	-15	 0	 0
0.00	5.25	 8	0.56569		grating		dz+	1.00	20	-15	 0	 0
0.00	5.25	 8	0.56569		grating		tx+	0.01	20	-15	 3	195
0.00	5.25	 8	0.56569		grating		ty+	0.01	20	-15	-200	41
0.00	5.25	 8	0.56569		grating		tz+	0.01	20	-15	173	-35
0.00	5.25	 8	0.58337		grating		dx+	1.00	21	16	 0	 0
0.00	5.25	 8	0.58337		grating		dy+	1.00	21	16	 0	 0
0.00	5.25	 8	0.58337		grating		dz+	1.00	21	16	 0	 0
0.00	5.25	 8	0.58337		grating		tx+	0.01	21	16	-4	199
0.00	5.25	 8	0.58337		grating		ty+	0.01	21	16	-197	42
0.00	5.25	 8	0.58337		grating		tz+	0.01	21	16	180	-38
0.00	5.25	 8	0.60104		grating		dx+	1.00	20	48	 0	 0
0.00	5.25	 8	0.60104		grating		dy+	1.00	20	48	 0	 0
0.00	5.25	 8	0.60104		grating		dz+	1.00	20	48	 0	 0
0.00	5.25	 8	0.60104		grating		tx+	0.01	20	48	-13	206
0.00	5.25	 8	0.60104		grating		ty+	0.01	20	48	-194	43
0.00	5.25	 8	0.60104		grating		tz+	0.01	20	48	188	-41
-2.08	5.25	 5	0.81459		grating		dx+	1.00	66	-126	 0	 0
-2.08	5.25	 5	0.81459		grating		dy+	1.00	66	-126	 0	 0
-2.08	5.25	 5	0.81459		grating		dz+	1.00	66	-126	 0	 0
-2.08	5.25	 5	0.81459		grating		tx+	0.01	66	-126	27	195
-2.08	5.25	 5	0.81459		grating		ty+	0.01	66	-126	-207	37
-2.08	5.25	 5	0.81459		grating		tz+	0.01	66	-126	148	-26
-2.08	5.25	 5	0.85984		grating		dx+	1.00	72	-81	 0	 0
-2.08	5.25	 5	0.85984		grating		dy+	1.00	72	-81	 0	 0
-2.08	5.25	 5	0.85984		grating		dz+	1.00	72	-81	 0	 0
-2.08	5.25	 5	0.85984		grating		tx+	0.01	72	-81	17	195
-2.08	5.25	 5	0.85984		grating		ty+	0.01	72	-81	-200	35
-2.08	5.25	 5	0.85984		grating		tz+	0.01	72	-81	155	-27
-2.08	5.25	 5	0.90510		grating		dx+	1.00	75	-35	 0	 0
-2.08	5.25	 5	0.90510		grating		dy+	1.00	75	-35	 0	 0
-2.08	5.25	 5	0.90510		grating		dz+	1.00	75	-35	 0	 0
-2.08	5.25	 5	0.90510		grating		tx+	0.01	75	-35	 7	198
-2.08	5.25	 5	0.90510		grating		ty+	0.01	75	-35	-194	33
-2.08	5.25	 5	0.90510		grating		tz+	0.01	75	-35	162	-28
-2.08	5.25	 5	0.95035		grating		dx+	1.00	76	14	 0	 0
-2.08	5.25	 5	0.95035		grating		dy+	1.00	76	14	 0	 0
-2.08	5.25	 5	0.95035		grating		dz+	1.00	76	14	 0	 0
-2.08	5.25	 5	0.95035		grating		tx+	0.01	76	14	-3	204
-2.08	5.25	 5	0.95035		grating		ty+	0.01	76	14	-188	32
-2.08	5.25	 5	0.95035		grating		tz+	0.01	76	14	171	-29
-2.08	5.25	 5	0.99561		grating		dx+	1.00	74	68	 0	 0
-2.08	5.25	 5	0.99561		grating		dy+	1.00	74	68	 0	 0
-2.08	5.25	 5	0.99561		grating		dz+	1.00	74	68	 0	 0
-2.08	5.25	 5	0.99561		grating		tx+	0.01	74	68	-16	216
-2.08	5.25	 5	0.99561		grating		ty+	0.01	74	68	-184	32
-2.08	5.25	 5	0.99561		grating		tz+	0.01	74	68	183	-32
-2.08	5.25	 6	0.69140		grating		dx+	1.00	66	-111	 0	 0
-2.08	5.25	 6	0.69140		grating		dy+	1.00	66	-111	 0	 0
-2.08	5.25	 6	0.69140		grating		dz+	1.00	66	-111	 0	 0
-2.08	5.25	 6	0.69140		grating		tx+	0.01	66	-111	24	195
-2.08	5.25	 6	0.69140		grating		ty+	0.01	66	-111	-205	36
-2.08	5.25	 6	0.69140		grating		tz+	0.01	66	-111	150	-27
-2.08	5.25	 6	0.72282		grating		dx+	1.00	70	-73	 0	 0
-2.08	5.25	 6	0.72282		grating		dy+	1.00	70	-73	 0	 0
-2.08	5.25	 6	0.72282		grating		dz+	1.00	70	-73	 0	 0
-2.08	5.25	 6	0.72282		grating		tx+	0.01	70	-73	15	195
-2.08	5.25	 6	0.72282		grating		ty+	0.01	70	-73	-199	35
-2.08	5.25	 6	0.72282		grating		tz+	0.01	70	-73	156	-27
-2.08	5.25	 6	0.75425		grating		dx+	1.00	73	-34	 0	 0
-2.08	5.25	 6	0.75425		grating		dy+	1.00	73	-34	 0	 0
-2.08	5.25	 6	0.75425		grating		dz+	1.00	73	-34	 0	 0
-2.08	5.25	 6	0.75425		grating		tx+	0.01	73	-34	 7	198
-2.08	5.25	 6	0.75425		grating		ty+	0.01	73	-34	-194	33
-2.08	5.25	 6	0.75425		grating		tz+	0.01	73	-34	163	-28
-2.08	5.25	 6	0.78568		grating		dx+	1.00	74	 6	 0	 0
-2.08	5.25	 6	0.78568		grating		dy+	1.00	74	 6	 0	 0
-2.08	5.25	 6	0.78568		grating		dz+	1.00	74	 6	 0	 0
-2.08	5.25	 6	0.78568		grating		tx+	0.01	74	 6	-1	203
-2.08	5.25	 6	0.78568		grating		ty+	0.01	74	 6	-189	33
-2.08	5.25	 6	0.78568		grating		tz+	0.01	74	 6	170	-29
-2.08	5.25	 6	0.81710		grating		dx+	1.00	73	50	 0	 0
-2.08	5.25	 6	0.81710		grating		dy+	1.00	73	50	 0	 0
-2.08	5.25	 6	0.81710		grating		dz+	1.00	73	50	 0	 0
-2.08	5.25	 6	0.81710		grating		tx+	0.01	73	50	-11	211
-2.08	5.25	 6	0.81710		grating		ty+	0.01	73	50	-185	32
-2.08	5.25	 6	0.81710		grating		tz+	0.01	73	50	179	-31
-2.08	5.25	 7	0.60000		grating		dx+	1.00	64	-100	 0	 0
-2.08	5.25	 7	0.60000		grating		dy+	1.00	64	-100	 0	 0
-2.08	5.25	 7	0.60000		grating		dz+	1.00	64	-100	 0	 0
-2.08	5.25	 7	0.60000		grating		tx+	0.01	64	-100	21	194
-2.08	5.25	 7	0.60000		grating		ty+	0.01	64	-100	-204	36
-2.08	5.25	 7	0.60000		grating		tz+	0.01	64	-100	152	-27
-2.08	5.25	 7	0.62325		grating		dx+	1.00	68	-67	 0	 0
-2.08	5.25	 7	0.62325		grating		dy+	1.00	68	-67	 0	 0
-2.08	5.25	 7	0.62325		grating		dz+	1.00	68	-67	 0	 0
-2.08	5.25	 7	0.62325		grating		tx+	0.01	68	-67	14	195
-2.08	5.25	 7	0.62325		grating		ty+	0.01	68	-67	-199	35
-2.08	5.25	 7	0.62325		grating		tz+	0.01	68	-67	157	-27
-2.08	5.25	 7	0.64650		grating		dx+	1.00	71	-34	 0	 0
-2.08	5.25	 7	0.64650		grating		dy+	1.00	71	-34	 0	 0
-2.08	5.25	 7	0.64650		grating		dz+	1.00	71	-34	 0	 0
-2.08	5.25	 7	0.64650		grating		tx+	0.01	71	-34	 7	198
-2.08	5.25	 7	0.64650		grating		ty+	0.01	71	-34	-194	34
-2.08	5.25	 7	0.64650		grating		tz+	0.01	71	-34	163	-28
-2.08	5.25	 7	0.66975		grating		dx+	1.00	72	 1	 0	 0
-2.08	5.25	 7	0.66975		grating		dy+	1.00	72	 1	 0	 0
-2.08	5.25	 7	0.66975		grating		dz+	1.00	72	 1	 0	 0
-2.08	5.25	 7	0.66975		grating		tx+	0.01	72	 1	 0	202
-2.08	5.25	 7	0.66975		grating		ty+	0.01	72	 1	-190	33
-2.08	5.25	 7	0.66975		grating		tz+	0.01	72	 1	169	-29
-2.08	5.25	 7	0.69300		grating		dx+	1.00	72	38	 0	 0
-2.08	5.25	 7	0.69300		grating		dy+	1.00	72	38	 0	 0
-2.08	5.25	 7	0.69300		grating		dz+	1.00	72	38	 0	 0
-2.08	5.25	 7	0.69300		grating		tx+	0.01	72	38	-8	209
-2.08	5.25	 7	0.69300		grating		ty+	0.01	72	38	-187	33
-2.08	5.25	 7	0.69300		grating		tz+	0.01	72	38	177	-31
-2.08	5.25	 8	0.53033		grating		dx+	1.00	62	-91	 0	 0
-2.08	5.25	 8	0.53033		grating		dy+	1.00	62	-91	 0	 0
-2.08	5.25	 8	0.53033		grating		dz+	1.00	62	-91	 0	 0
-2.08	5.25	 8	0.53033		grating		tx+	0.01	62	-91	20	194
-2.08	5.25	 8	0.53033		grating		ty+	0.01	62	-91	-203	36
-2.08	5.25	 8	0.53033		grating		tz+	0.01	62	-91	154	-27
-2.08	5.25	 8	0.54801		grating		dx+	1.00	65	-63	 0	 0
-2.08	5.25	 8	0.54801		grating		dy+	1.00	65	-63	 0	 0
-2.08	5.25	 8	0.54801		grating		dz+	1.00	65	-63	 0	 0
-2.08	5.25	 8	0.54801		grating		tx+	0.01	65	-63	13	195
-2.08	5.25	 8	0.54801		grating		ty+	0.01	65	-63	-199	35
-2.08	5.25	 8	0.54801		grating		tz+	0.01	65	-63	158	-27
-2.08	5.25	 8	0.56569		grating		dx+	1.00	68	-33	 0	 0
-2.08	5.25	 8	0.56569		grating		dy+	1.00	68	-33	 0	 0
-2.08	5.25	 8	0.56569		grating		dz+	1.00	68	-33	 0	 0
-2.08	5.25	 8	0.56569		grating		tx+	0.01	68	-33	 7	197
-2.08	5.25	 8	0.56569		grating		ty+	0.01	68	-33	-195	34
-2.08	5.25	 8	0.56569		grating		tz+	0.01	68	-33	163	-28
-2.08	5.25	 8	0.58337		grating		dx+	1.00	69	-3	 0	 0
-2.08	5.25	 8	0.58337		grating		dy+	1.00	69	-3	 0	 0
-2.08	5.25	 8	0.58337		grating		dz+	1.00	69	-3	 0	 0
-2.08	5.25	 8	0.58337		grating		tx+	0.01	69	-3	 0	201
-2.08	5.25	 8	0.58337		grating		ty+	0.01	69	-3	-191	33
-2.08	5.25	 8	0.58337		grating		tz+	0.01	69	-3	169	-29
-2.08	5.25	 8	0.60104		grating		dx+	1.00	69	28	 0	 0
-2.08	5.25	 8	0.60104		grating		dy+	1.00	69	28	 0	 0
-2.08	5.25	 8	0.60104		grating		dz+	1.00	69	28	 0	 0
-2.08	5.25	 8	0.60104		grating		tx+	0.01	69	28	-6	206
-2.08	5.25	 8	0.60104		grating		ty+	0.01	69	28	-188	33
-2.08	5.25	 8	0.60104		grating		tz+	0.01	69	28	175	-31
-4.15	5.25	 5	0.81459		grating		dx+	1.00	111	-140	 0	 0
-4.15	5.25	 5	0.81459		grating		dy+	1.00	111	-140	 0	 0
-4.15	5.25	 5	0.81459		grating		dz+	1.00	111	-140	 0	 0
-4.15	5.25	 5	0.81459		grating		tx+	0.01	111	-140	25	201
-4.15	5.25	 5	0.81459		grating		ty+	0.01	111	-140	-207	33
-4.15	5.25	 5	0.81459		grating		tz+	0.01	111	-140	145	-23
-4.15	5.25	 5	0.85984		grating		dx+	1.00	117	-95	 0	 0
-4.15	5.25	 5	0.85984		grating		dy+	1.00	117	-95	 0	 0
-4.15	5.25	 5	0.85984		grating		dz+	1.00	117	-95	 0	 0
-4.15	5.25	 5	0.85984		grating		tx+	0.01	117	-95	17	200
-4.15	5.25	 5	0.85984		grating		ty+	0.01	117	-95	-200	30
-4.15	5.25	 5	0.85984		grating		tz+	0.01	117	-95	151	-22
-4.15	5.25	 5	0.90510		grating		dx+	1.00	120	-49	 0	 0
-4.15	5.25	 5	0.90510		grating		dy+	1.00	120	-49	 0	 0
-4.15	5.25	 5	0.90510		grating		dz+	1.00	120	-49	 0	 0
-4.15	5.25	 5	0.90510		grating		tx+	0.01	120	-49	 8	202
-4.15	5.25	 5	0.90510		grating		ty+	0.01	120	-49	-194	27
-4.15	5.25	 5	0.90510		grating		tz+	0.01	120	-49	158	-22
-4.15	5.25	 5	0.95035		grating		dx+	1.00	122	 0	 0	 0
-4.15	5.25	 5	0.95035		grating		dy+	1.00	122	 0	 0	 0
-4.15	5.25	 5	0.95035		grating		dz+	1.00	122	 0	 0	 0
-4.15	5.25	 5	0.95035		grating		tx+	0.01	122	 0	 0	207
-4.15	5.25	 5	0.95035		grating		ty+	0.01	122	 0	-188	24
-4.15	5.25	 5	0.95035		grating		tz+	0.01	122	 0	167	-22
-4.15	5.25	 5	0.99561		grating		dx+	1.00	121	53	 0	 0
-4.15	5.25	 5	0.99561		grating		dy+	1.00	121	53	 0	 0
-4.15	5.25	 5	0.99561		grating		dz+	1.00	121	53	 0	 0
-4.15	5.25	 5	0.99561		grating		tx+	0.01	121	53	-10	217
-4.15	5.25	 5	0.99561		grating		ty+	0.01	121	53	-182	23
-4.15	5.25	 5	0.99561		grating		tz+	0.01	121	53	177	-22
-4.15	5.25	 6	0.69140		grating		dx+	1.00	111	-125	 0	 0
-4.15	5.25	 6	0.69140		grating		dy+	1.00	111	-125	 0	 0
-4.15	5.25	 6	0.69140		grating		dz+	1.00	111	-125	 0	 0
-4.15	5.25	 6	0.69140		grating		tx+	0.01	111	-125	23	200
-4.15	5.25	 6	0.69140		grating		ty+	0.01	111	-125	-205	32
-4.15	5.25	 6	0.69140		grating		tz+	0.01	111	-125	147	-23
-4.15	5.25	 6	0.72282		grating		dx+	1.00	115	-87	 0	 0
-4.15	5.25	 6	0.72282		grating		dy+	1.00	115	-87	 0	 0
-4.15	5.25	 6	0.72282		grating		dz+	1.00	115	-87	 0	 0
-4.15	5.25	 6	0.72282		grating		tx+	0.01	115	-87	16	200
-4.15	5.25	 6	0.72282		grating		ty+	0.01	115	-87	-199	29
-4.15	5.25	 6	0.72282		grating		tz+	0.01	115	-87	153	-22
-4.15	5.25	 6	0.75425		grating		dx+	1.00	118	-48	 0	 0
-4.15	5.25	 6	0.75425		grating		dy+	1.00	118	-48	 0	 0
-4.15	5.25	 6	0.75425		grating		dz+	1.00	118	-48	 0	 0
-4.15	5.25	 6	0.75425		grating		tx+	0.01	118	-48	 9	202
-4.15	5.25	 6	0.75425		grating		ty+	0.01	118	-48	-194	27
-4.15	5.25	 6	0.75425		grating		tz+	0.01	118	-48	159	-22
-4.15	5.25	 6	0.78568		grating		dx+	1.00	120	-8	 0	 0
-4.15	5.25	 6	0.78568		grating		dy+	1.00	120	-8	 0	 0
-4.15	5.25	 6	0.78568		grating		dz+	1.00	120	-8	 0	 0
-4.15	5.25	 6	0.78568		grating		tx+	0.01	120	-8	 1	206
-4.15	5.25	 6	0.78568		grating		ty+	0.01	120	-8	-189	25
-4.15	5.25	 6	0.78568		grating		tz+	0.01	120	-8	165	-22
-4.15	5.25	 6	0.81710		grating		dx+	1.00	120	35	 0	 0
-4.15	5.25	 6	0.81710		grating		dy+	1.00	120	35	 0	 0
-4.15	5.25	 6	0.81710		grating		dz+	1.00	120	35	 0	 0
-4.15	5.25	 6	0.81710		grating		tx+	0.01	120	35	-6	213
-4.15	5.25	 6	0.81710		grating		ty+	0.01	120	35	-184	23
-4.15	5.25	 6	0.81710		grating		tz+	0.01	120	35	173	-22
-4.15	5.25	 7	0.60000		grating		dx+	1.00	109	-114	 0	 0
-4.15	5.25	 7	0.60000		grating		dy+	1.00	109	-114	 0	 0
-4.15	5.25	 7	0.60000		grating		dz+	1.00	109	-114	 0	 0
-4.15	5.25	 7	0.60000		grating		tx+	0.01	109	-114	21	199
-4.15	5.25	 7	0.60000		grating		ty+	0.01	109	-114	-203	31
-4.15	5.25	 7	0.60000		grating		tz+	0.01	109	-114	149	-23
-4.15	5.25	 7	0.62325		grating		dx+	1.00	113	-81	 0	 0
-4.15	5.25	 7	0.62325		grating		dy+	1.00	113	-81	 0	 0
-4.15	5.25	 7	0.62325		grating		dz+	1.00	113	-81	 0	 0
-4.15	5.25	 7	0.62325		grating		tx+	0.01	113	-81	15	200
-4.15	5.25	 7	0.62325		grating		ty+	0.01	113	-81	-199	29
-4.15	5.25	 7	0.62325		grating		tz+	0.01	113	-81	154	-22
-4.15	5.25	 7	0.64650		grating		dx+	1.00	116	-48	 0	 0
-4.15	5.25	 7	0.64650		grating		dy+	1.00	116	-48	 0	 0
-4.15	5.25	 7	0.64650		grating		dz+	1.00	116	-48	 0	 0
-4.15	5.25	 7	0.64650		grating		tx+	0.01	116	-48	 9	202
-4.15	5.25	 7	0.64650		grating		ty+	0.01	116	-48	-194	27
-4.15	5.25	 7	0.64650		grating		tz+	0.01	116	-48	159	-22
-4.15	5.25	 7	0.66975		grating		dx+	1.00	117	-13	 0	 0
-4.15	5.25	 7	0.66975		grating		dy+	1.00	117	-13	 0	 0
-4.15	5.25	 7	0.66975		grating		dz+	1.00	117	-13	 0	 0
-4.15	5.25	 7	0.66975		grating		tx+	0.01	117	-13	 2	205
-4.15	5.25	 7	0.66975		grating		ty+	0.01	117	-13	-189	25
-4.15	5.25	 7	0.66975		grating		tz+	0.01	117	-13	165	-22
-4.15	5.25	 7	0.69300		grating		dx+	1.00	118	23	 0	 0
-4.15	5.25	 7	0.69300		grating		dy+	1.00	118	23	 0	 0
-4.15	5.25	 7	0.69300		grating		dz+	1.00	118	23	 0	 0
-4.15	5.25	 7	0.69300		grating		tx+	0.01	118	23	-4	211
-4.15	5.25	 7	0.69300		grating		ty+	0.01	118	23	-185	24
-4.15	5.25	 7	0.69300		grating		tz+	0.01	118	23	171	-22
-4.15	5.25	 8	0.53033		grating		dx+	1.00	107	-105	 0	 0
-4.15	5.25	 8	0.53033		grating		dy+	1.00	107	-105	 0	 0
-4.15	5.25	 8	0.53033		grating		dz+	1.00	107	-105	 0	 0
-4.15	5.25	 8	0.53033		grating		tx+	0.01	107	-105	20	199
-4.15	5.25	 8	0.53033		grating		ty+	0.01	107	-105	-202	31
-4.15	5.25	 8	0.53033		grating		tz+	0.01	107	-105	150	-23
-4.15	5.25	 8	0.54801		grating		dx+	1.00	111	-77	 0	 0
-4.15	5.25	 8	0.54801		grating		dy+	1.00	111	-77	 0	 0
-4.15	5.25	 8	0.54801		grating		dz+	1.00	111	-77	 0	 0
-4.15	5.25	 8	0.54801		grating		tx+	0.01	111	-77	14	200
-4.15	5.25	 8	0.54801		grating		ty+	0.01	111	-77	-198	29
-4.15	5.25	 8	0.54801		grating		tz+	0.01	111	-77	155	-22
-4.15	5.25	 8	0.56569		grating		dx+	1.00	113	-48	 0	 0
-4.15	5.25	 8	0.56569		grating		dy+	1.00	113	-48	 0	 0
-4.15	5.25	 8	0.56569		grating		dz+	1.00	113	-48	 0	 0
-4.15	5.25	 8	0.56569		grating		tx+	0.01	113	-48	 9	201
-4.15	5.25	 8	0.56569		grating		ty+	0.01	113	-48	-194	27
-4.15	5.25	 8	0.56569		grating		tz+	0.01	113	-48	159	-22
-4.15	5.25	 8	0.58337		grating		dx+	1.00	115	-18	 0	 0
-4.15	5.25	 8	0.58337		grating		dy+	1.00	115	-18	 0	 0
-4.15	5.25	 8	0.58337		grating		dz+	1.00	115	-18	 0	 0
-4.15	5.25	 8	0.58337		grating		tx+	0.01	115	-18	 3	204
-4.15	5.25	 8	0.58337		grating		ty+	0.01	115	-18	-190	26
-4.15	5.25	 8	0.58337		grating		tz+	0.01	115	-18	164	-22
-4.15	5.25	 8	0.60104		grating		dx+	1.00	115	14	 0	 0
-4.15	5.25	 8	0.60104		grating		dy+	1.00	115	14	 0	 0
-4.15	5.25	 8	0.60104		grating		dz+	1.00	115	14	 0	 0
-4.15	5.25	 8	0.60104		grating		tx+	0.01	115	14	-2	209
-4.15	5.25	 8	0.60104		grating		ty+	0.01	115	14	-187	24
-4.15	5.25	 8	0.60104		grating		tz+	0.01	115	14	170	-22
