XField 	 YField 	 Order 	 Wavelength 	 Element 	      Peturbation 	 Value	 X 	 Y	 DelX 	 DelY
4.15	3.75	 9	0.57896		grating		dx+	1.00	-112	29	 0	 0
4.15	3.75	 9	0.57896		grating		dy+	1.00	-112	29	 0	 0
4.15	3.75	 9	0.57896		grating		dz+	1.00	-112	29	 0	 0
4.15	3.75	 9	0.57896		grating		tx+	0.01	-112	29	-5	157
4.15	3.75	 9	0.57896		grating		ty+	0.01	-112	29	196	 7
4.15	3.75	 9	0.57896		grating		tz+	0.01	-112	29	158	 6
4.15	3.75	 9	0.59504		grating		dx+	1.00	-109	 9	 0	 0
4.15	3.75	 9	0.59504		grating		dy+	1.00	-109	 9	 0	 0
4.15	3.75	 9	0.59504		grating		dz+	1.00	-109	 9	 0	 0
4.15	3.75	 9	0.59504		grating		tx+	0.01	-109	 9	 0	157
4.15	3.75	 9	0.59504		grating		ty+	0.01	-109	 9	193	 9
4.15	3.75	 9	0.59504		grating		tz+	0.01	-109	 9	161	 8
4.15	3.75	 9	0.61112		grating		dx+	1.00	-106	-12	 0	 0
4.15	3.75	 9	0.61112		grating		dy+	1.00	-106	-12	 0	 0
4.15	3.75	 9	0.61112		grating		dz+	1.00	-106	-12	 0	 0
4.15	3.75	 9	0.61112		grating		tx+	0.01	-106	-12	 6	157
4.15	3.75	 9	0.61112		grating		ty+	0.01	-106	-12	191	11
4.15	3.75	 9	0.61112		grating		tz+	0.01	-106	-12	165	 9
4.15	3.75	 9	0.62909		grating		dx+	1.00	-104	-35	 0	 0
4.15	3.75	 9	0.62909		grating		dy+	1.00	-104	-35	 0	 0
4.15	3.75	 9	0.62909		grating		dz+	1.00	-104	-35	 0	 0
4.15	3.75	 9	0.62909		grating		tx+	0.01	-104	-35	12	157
4.15	3.75	 9	0.62909		grating		ty+	0.01	-104	-35	188	13
4.15	3.75	 9	0.62909		grating		tz+	0.01	-104	-35	169	11
4.15	3.75	 9	0.64707		grating		dx+	1.00	-102	-58	 0	 0
4.15	3.75	 9	0.64707		grating		dy+	1.00	-102	-58	 0	 0
4.15	3.75	 9	0.64707		grating		dz+	1.00	-102	-58	 0	 0
4.15	3.75	 9	0.64707		grating		tx+	0.01	-102	-58	18	158
4.15	3.75	 9	0.64707		grating		ty+	0.01	-102	-58	186	14
4.15	3.75	 9	0.64707		grating		tz+	0.01	-102	-58	174	13
4.15	3.75	 8	0.64707		grating		dx+	1.00	-110	34	 0	 0
4.15	3.75	 8	0.64707		grating		dy+	1.00	-110	34	 0	 0
4.15	3.75	 8	0.64707		grating		dz+	1.00	-110	34	 0	 0
4.15	3.75	 8	0.64707		grating		tx+	0.01	-110	34	-6	158
4.15	3.75	 8	0.64707		grating		ty+	0.01	-110	34	196	 7
4.15	3.75	 8	0.64707		grating		tz+	0.01	-110	34	156	 6
4.15	3.75	 8	0.66729		grating		dx+	1.00	-106	11	 0	 0
4.15	3.75	 8	0.66729		grating		dy+	1.00	-106	11	 0	 0
4.15	3.75	 8	0.66729		grating		dz+	1.00	-106	11	 0	 0
4.15	3.75	 8	0.66729		grating		tx+	0.01	-106	11	 0	157
4.15	3.75	 8	0.66729		grating		ty+	0.01	-106	11	193	 9
4.15	3.75	 8	0.66729		grating		tz+	0.01	-106	11	160	 8
4.15	3.75	 8	0.68751		grating		dx+	1.00	-103	-11	 0	 0
4.15	3.75	 8	0.68751		grating		dy+	1.00	-103	-11	 0	 0
4.15	3.75	 8	0.68751		grating		dz+	1.00	-103	-11	 0	 0
4.15	3.75	 8	0.68751		grating		tx+	0.01	-103	-11	 6	157
4.15	3.75	 8	0.68751		grating		ty+	0.01	-103	-11	190	11
4.15	3.75	 8	0.68751		grating		tz+	0.01	-103	-11	164	 9
4.15	3.75	 8	0.71043		grating		dx+	1.00	-101	-38	 0	 0
4.15	3.75	 8	0.71043		grating		dy+	1.00	-101	-38	 0	 0
4.15	3.75	 8	0.71043		grating		dz+	1.00	-101	-38	 0	 0
4.15	3.75	 8	0.71043		grating		tx+	0.01	-101	-38	13	157
4.15	3.75	 8	0.71043		grating		ty+	0.01	-101	-38	187	13
4.15	3.75	 8	0.71043		grating		tz+	0.01	-101	-38	169	12
4.15	3.75	 8	0.73344		grating		dx+	1.00	-100	-64	 0	 0
4.15	3.75	 8	0.73344		grating		dy+	1.00	-100	-64	 0	 0
4.15	3.75	 8	0.73344		grating		dz+	1.00	-100	-64	 0	 0
4.15	3.75	 8	0.73344		grating		tx+	0.01	-100	-64	20	159
4.15	3.75	 8	0.73344		grating		ty+	0.01	-100	-64	185	15
4.15	3.75	 8	0.73344		grating		tz+	0.01	-100	-64	175	14
4.15	3.75	 7	0.73334		grating		dx+	1.00	-109	40	 0	 0
4.15	3.75	 7	0.73334		grating		dy+	1.00	-109	40	 0	 0
4.15	3.75	 7	0.73334		grating		dz+	1.00	-109	40	 0	 0
4.15	3.75	 7	0.73334		grating		tx+	0.01	-109	40	-8	158
4.15	3.75	 7	0.73334		grating		ty+	0.01	-109	40	196	 7
4.15	3.75	 7	0.73334		grating		tz+	0.01	-109	40	154	 5
4.15	3.75	 7	0.75953		grating		dx+	1.00	-104	14	 0	 0
4.15	3.75	 7	0.75953		grating		dy+	1.00	-104	14	 0	 0
4.15	3.75	 7	0.75953		grating		dz+	1.00	-104	14	 0	 0
4.15	3.75	 7	0.75953		grating		tx+	0.01	-104	14	-1	157
4.15	3.75	 7	0.75953		grating		ty+	0.01	-104	14	192	 9
4.15	3.75	 7	0.75953		grating		tz+	0.01	-104	14	159	 7
4.15	3.75	 7	0.78573		grating		dx+	1.00	-101	-11	 0	 0
4.15	3.75	 7	0.78573		grating		dy+	1.00	-101	-11	 0	 0
4.15	3.75	 7	0.78573		grating		dz+	1.00	-101	-11	 0	 0
4.15	3.75	 7	0.78573		grating		tx+	0.01	-101	-11	 6	157
4.15	3.75	 7	0.78573		grating		ty+	0.01	-101	-11	189	11
4.15	3.75	 7	0.78573		grating		tz+	0.01	-101	-11	163	10
4.15	3.75	 7	0.81595		grating		dx+	1.00	-98	-42	 0	 0
4.15	3.75	 7	0.81595		grating		dy+	1.00	-98	-42	 0	 0
4.15	3.75	 7	0.81595		grating		dz+	1.00	-98	-42	 0	 0
4.15	3.75	 7	0.81595		grating		tx+	0.01	-98	-42	14	158
4.15	3.75	 7	0.81595		grating		ty+	0.01	-98	-42	186	13
4.15	3.75	 7	0.81595		grating		tz+	0.01	-98	-42	169	12
4.15	3.75	 7	0.84617		grating		dx+	1.00	-97	-72	 0	 0
4.15	3.75	 7	0.84617		grating		dy+	1.00	-97	-72	 0	 0
4.15	3.75	 7	0.84617		grating		dz+	1.00	-97	-72	 0	 0
4.15	3.75	 7	0.84617		grating		tx+	0.01	-97	-72	22	159
4.15	3.75	 7	0.84617		grating		ty+	0.01	-97	-72	183	15
4.15	3.75	 7	0.84617		grating		tz+	0.01	-97	-72	176	15
4.15	3.75	 6	0.84617		grating		dx+	1.00	-108	48	 0	 0
4.15	3.75	 6	0.84617		grating		dy+	1.00	-108	48	 0	 0
4.15	3.75	 6	0.84617		grating		dz+	1.00	-108	48	 0	 0
4.15	3.75	 6	0.84617		grating		tx+	0.01	-108	48	-10	158
4.15	3.75	 6	0.84617		grating		ty+	0.01	-108	48	196	 6
4.15	3.75	 6	0.84617		grating		tz+	0.01	-108	48	152	 5
4.15	3.75	 6	0.88142		grating		dx+	1.00	-103	18	 0	 0
4.15	3.75	 6	0.88142		grating		dy+	1.00	-103	18	 0	 0
4.15	3.75	 6	0.88142		grating		dz+	1.00	-103	18	 0	 0
4.15	3.75	 6	0.88142		grating		tx+	0.01	-103	18	-2	157
4.15	3.75	 6	0.88142		grating		ty+	0.01	-103	18	192	 9
4.15	3.75	 6	0.88142		grating		tz+	0.01	-103	18	157	 7
4.15	3.75	 6	0.91668		grating		dx+	1.00	-99	-11	 0	 0
4.15	3.75	 6	0.91668		grating		dy+	1.00	-99	-11	 0	 0
4.15	3.75	 6	0.91668		grating		dz+	1.00	-99	-11	 0	 0
4.15	3.75	 6	0.91668		grating		tx+	0.01	-99	-11	 6	157
4.15	3.75	 6	0.91668		grating		ty+	0.01	-99	-11	189	11
4.15	3.75	 6	0.91668		grating		tz+	0.01	-99	-11	163	10
4.15	3.75	 6	0.95835		grating		dx+	1.00	-96	-47	 0	 0
4.15	3.75	 6	0.95835		grating		dy+	1.00	-96	-47	 0	 0
4.15	3.75	 6	0.95835		grating		dz+	1.00	-96	-47	 0	 0
4.15	3.75	 6	0.95835		grating		tx+	0.01	-96	-47	15	158
4.15	3.75	 6	0.95835		grating		ty+	0.01	-96	-47	185	14
4.15	3.75	 6	0.95835		grating		tz+	0.01	-96	-47	170	13
4.15	3.75	 6	1.00000		grating		dx+	1.00	-95	-84	 0	 0
4.15	3.75	 6	1.00000		grating		dy+	1.00	-95	-84	 0	 0
4.15	3.75	 6	1.00000		grating		dz+	1.00	-95	-84	 0	 0
4.15	3.75	 6	1.00000		grating		tx+	0.01	-95	-84	24	160
4.15	3.75	 6	1.00000		grating		ty+	0.01	-95	-84	182	16
4.15	3.75	 6	1.00000		grating		tz+	0.01	-95	-84	178	16
2.08	3.75	 9	0.57896		grating		dx+	1.00	-60	42	 0	 0
2.08	3.75	 9	0.57896		grating		dy+	1.00	-60	42	 0	 0
2.08	3.75	 9	0.57896		grating		dz+	1.00	-60	42	 0	 0
2.08	3.75	 9	0.57896		grating		tx+	0.01	-60	42	-7	161
2.08	3.75	 9	0.57896		grating		ty+	0.01	-60	42	186	 6
2.08	3.75	 9	0.57896		grating		tz+	0.01	-60	42	144	 5
2.08	3.75	 9	0.59504		grating		dx+	1.00	-57	22	 0	 0
2.08	3.75	 9	0.59504		grating		dy+	1.00	-57	22	 0	 0
2.08	3.75	 9	0.59504		grating		dz+	1.00	-57	22	 0	 0
2.08	3.75	 9	0.59504		grating		tx+	0.01	-57	22	-2	160
2.08	3.75	 9	0.59504		grating		ty+	0.01	-57	22	184	 8
2.08	3.75	 9	0.59504		grating		tz+	0.01	-57	22	147	 6
2.08	3.75	 9	0.61112		grating		dx+	1.00	-54	 2	 0	 0
2.08	3.75	 9	0.61112		grating		dy+	1.00	-54	 2	 0	 0
2.08	3.75	 9	0.61112		grating		dz+	1.00	-54	 2	 0	 0
2.08	3.75	 9	0.61112		grating		tx+	0.01	-54	 2	 2	160
2.08	3.75	 9	0.61112		grating		ty+	0.01	-54	 2	181	 9
2.08	3.75	 9	0.61112		grating		tz+	0.01	-54	 2	150	 7
2.08	3.75	 9	0.62909		grating		dx+	1.00	-51	-20	 0	 0
2.08	3.75	 9	0.62909		grating		dy+	1.00	-51	-20	 0	 0
2.08	3.75	 9	0.62909		grating		dz+	1.00	-51	-20	 0	 0
2.08	3.75	 9	0.62909		grating		tx+	0.01	-51	-20	 7	160
2.08	3.75	 9	0.62909		grating		ty+	0.01	-51	-20	179	10
2.08	3.75	 9	0.62909		grating		tz+	0.01	-51	-20	154	 9
2.08	3.75	 9	0.64707		grating		dx+	1.00	-49	-43	 0	 0
2.08	3.75	 9	0.64707		grating		dy+	1.00	-49	-43	 0	 0
2.08	3.75	 9	0.64707		grating		dz+	1.00	-49	-43	 0	 0
2.08	3.75	 9	0.64707		grating		tx+	0.01	-49	-43	12	161
2.08	3.75	 9	0.64707		grating		ty+	0.01	-49	-43	177	11
2.08	3.75	 9	0.64707		grating		tz+	0.01	-49	-43	158	10
2.08	3.75	 8	0.64707		grating		dx+	1.00	-59	47	 0	 0
2.08	3.75	 8	0.64707		grating		dy+	1.00	-59	47	 0	 0
2.08	3.75	 8	0.64707		grating		dz+	1.00	-59	47	 0	 0
2.08	3.75	 8	0.64707		grating		tx+	0.01	-59	47	-9	161
2.08	3.75	 8	0.64707		grating		ty+	0.01	-59	47	186	 6
2.08	3.75	 8	0.64707		grating		tz+	0.01	-59	47	142	 5
2.08	3.75	 8	0.66729		grating		dx+	1.00	-55	25	 0	 0
2.08	3.75	 8	0.66729		grating		dy+	1.00	-55	25	 0	 0
2.08	3.75	 8	0.66729		grating		dz+	1.00	-55	25	 0	 0
2.08	3.75	 8	0.66729		grating		tx+	0.01	-55	25	-3	160
2.08	3.75	 8	0.66729		grating		ty+	0.01	-55	25	183	 8
2.08	3.75	 8	0.66729		grating		tz+	0.01	-55	25	146	 6
2.08	3.75	 8	0.68751		grating		dx+	1.00	-51	 2	 0	 0
2.08	3.75	 8	0.68751		grating		dy+	1.00	-51	 2	 0	 0
2.08	3.75	 8	0.68751		grating		dz+	1.00	-51	 2	 0	 0
2.08	3.75	 8	0.68751		grating		tx+	0.01	-51	 2	 2	160
2.08	3.75	 8	0.68751		grating		ty+	0.01	-51	 2	181	 9
2.08	3.75	 8	0.68751		grating		tz+	0.01	-51	 2	149	 7
2.08	3.75	 8	0.71043		grating		dx+	1.00	-49	-23	 0	 0
2.08	3.75	 8	0.71043		grating		dy+	1.00	-49	-23	 0	 0
2.08	3.75	 8	0.71043		grating		dz+	1.00	-49	-23	 0	 0
2.08	3.75	 8	0.71043		grating		tx+	0.01	-49	-23	 8	160
2.08	3.75	 8	0.71043		grating		ty+	0.01	-49	-23	178	10
2.08	3.75	 8	0.71043		grating		tz+	0.01	-49	-23	154	 9
2.08	3.75	 8	0.73344		grating		dx+	1.00	-47	-49	 0	 0
2.08	3.75	 8	0.73344		grating		dy+	1.00	-47	-49	 0	 0
2.08	3.75	 8	0.73344		grating		dz+	1.00	-47	-49	 0	 0
2.08	3.75	 8	0.73344		grating		tx+	0.01	-47	-49	14	161
2.08	3.75	 8	0.73344		grating		ty+	0.01	-47	-49	176	11
2.08	3.75	 8	0.73344		grating		tz+	0.01	-47	-49	159	10
2.08	3.75	 7	0.73334		grating		dx+	1.00	-57	53	 0	 0
2.08	3.75	 7	0.73334		grating		dy+	1.00	-57	53	 0	 0
2.08	3.75	 7	0.73334		grating		dz+	1.00	-57	53	 0	 0
2.08	3.75	 7	0.73334		grating		tx+	0.01	-57	53	-10	161
2.08	3.75	 7	0.73334		grating		ty+	0.01	-57	53	186	 6
2.08	3.75	 7	0.73334		grating		tz+	0.01	-57	53	141	 4
2.08	3.75	 7	0.75953		grating		dx+	1.00	-53	28	 0	 0
2.08	3.75	 7	0.75953		grating		dy+	1.00	-53	28	 0	 0
2.08	3.75	 7	0.75953		grating		dz+	1.00	-53	28	 0	 0
2.08	3.75	 7	0.75953		grating		tx+	0.01	-53	28	-4	160
2.08	3.75	 7	0.75953		grating		ty+	0.01	-53	28	183	 8
2.08	3.75	 7	0.75953		grating		tz+	0.01	-53	28	145	 6
2.08	3.75	 7	0.78573		grating		dx+	1.00	-49	 2	 0	 0
2.08	3.75	 7	0.78573		grating		dy+	1.00	-49	 2	 0	 0
2.08	3.75	 7	0.78573		grating		dz+	1.00	-49	 2	 0	 0
2.08	3.75	 7	0.78573		grating		tx+	0.01	-49	 2	 2	160
2.08	3.75	 7	0.78573		grating		ty+	0.01	-49	 2	180	 9
2.08	3.75	 7	0.78573		grating		tz+	0.01	-49	 2	149	 7
2.08	3.75	 7	0.81595		grating		dx+	1.00	-46	-27	 0	 0
2.08	3.75	 7	0.81595		grating		dy+	1.00	-46	-27	 0	 0
2.08	3.75	 7	0.81595		grating		dz+	1.00	-46	-27	 0	 0
2.08	3.75	 7	0.81595		grating		tx+	0.01	-46	-27	 9	160
2.08	3.75	 7	0.81595		grating		ty+	0.01	-46	-27	178	10
2.08	3.75	 7	0.81595		grating		tz+	0.01	-46	-27	154	 9
2.08	3.75	 7	0.84617		grating		dx+	1.00	-45	-57	 0	 0
2.08	3.75	 7	0.84617		grating		dy+	1.00	-45	-57	 0	 0
2.08	3.75	 7	0.84617		grating		dz+	1.00	-45	-57	 0	 0
2.08	3.75	 7	0.84617		grating		tx+	0.01	-45	-57	16	162
2.08	3.75	 7	0.84617		grating		ty+	0.01	-45	-57	175	12
2.08	3.75	 7	0.84617		grating		tz+	0.01	-45	-57	160	11
2.08	3.75	 6	0.84617		grating		dx+	1.00	-57	60	 0	 0
2.08	3.75	 6	0.84617		grating		dy+	1.00	-57	60	 0	 0
2.08	3.75	 6	0.84617		grating		dz+	1.00	-57	60	 0	 0
2.08	3.75	 6	0.84617		grating		tx+	0.01	-57	60	-12	162
2.08	3.75	 6	0.84617		grating		ty+	0.01	-57	60	187	 6
2.08	3.75	 6	0.84617		grating		tz+	0.01	-57	60	139	 4
2.08	3.75	 6	0.88142		grating		dx+	1.00	-51	31	 0	 0
2.08	3.75	 6	0.88142		grating		dy+	1.00	-51	31	 0	 0
2.08	3.75	 6	0.88142		grating		dz+	1.00	-51	31	 0	 0
2.08	3.75	 6	0.88142		grating		tx+	0.01	-51	31	-4	160
2.08	3.75	 6	0.88142		grating		ty+	0.01	-51	31	183	 8
2.08	3.75	 6	0.88142		grating		tz+	0.01	-51	31	144	 6
2.08	3.75	 6	0.91668		grating		dx+	1.00	-47	 2	 0	 0
2.08	3.75	 6	0.91668		grating		dy+	1.00	-47	 2	 0	 0
2.08	3.75	 6	0.91668		grating		dz+	1.00	-47	 2	 0	 0
2.08	3.75	 6	0.91668		grating		tx+	0.01	-47	 2	 2	160
2.08	3.75	 6	0.91668		grating		ty+	0.01	-47	 2	180	 9
2.08	3.75	 6	0.91668		grating		tz+	0.01	-47	 2	148	 7
2.08	3.75	 6	0.95835		grating		dx+	1.00	-44	-32	 0	 0
2.08	3.75	 6	0.95835		grating		dy+	1.00	-44	-32	 0	 0
2.08	3.75	 6	0.95835		grating		dz+	1.00	-44	-32	 0	 0
2.08	3.75	 6	0.95835		grating		tx+	0.01	-44	-32	10	161
2.08	3.75	 6	0.95835		grating		ty+	0.01	-44	-32	177	11
2.08	3.75	 6	0.95835		grating		tz+	0.01	-44	-32	155	 9
2.08	3.75	 6	1.00000		grating		dx+	1.00	-43	-68	 0	 0
2.08	3.75	 6	1.00000		grating		dy+	1.00	-43	-68	 0	 0
2.08	3.75	 6	1.00000		grating		dz+	1.00	-43	-68	 0	 0
2.08	3.75	 6	1.00000		grating		tx+	0.01	-43	-68	18	163
2.08	3.75	 6	1.00000		grating		ty+	0.01	-43	-68	174	12
2.08	3.75	 6	1.00000		grating		tz+	0.01	-43	-68	162	11
0.00	3.75	 9	0.57896		grating		dx+	1.00	-12	52	 0	 0
0.00	3.75	 9	0.57896		grating		dy+	1.00	-12	52	 0	 0
0.00	3.75	 9	0.57896		grating		dz+	1.00	-12	52	 0	 0
0.00	3.75	 9	0.57896		grating		tx+	0.01	-12	52	-8	164
0.00	3.75	 9	0.57896		grating		ty+	0.01	-12	52	180	 6
0.00	3.75	 9	0.57896		grating		tz+	0.01	-12	52	134	 4
0.00	3.75	 9	0.59504		grating		dx+	1.00	-9	32	 0	 0
0.00	3.75	 9	0.59504		grating		dy+	1.00	-9	32	 0	 0
0.00	3.75	 9	0.59504		grating		dz+	1.00	-9	32	 0	 0
0.00	3.75	 9	0.59504		grating		tx+	0.01	-9	32	-4	163
0.00	3.75	 9	0.59504		grating		ty+	0.01	-9	32	178	 6
0.00	3.75	 9	0.59504		grating		tz+	0.01	-9	32	137	 5
0.00	3.75	 9	0.61112		grating		dx+	1.00	-6	12	 0	 0
0.00	3.75	 9	0.61112		grating		dy+	1.00	-6	12	 0	 0
0.00	3.75	 9	0.61112		grating		dz+	1.00	-6	12	 0	 0
0.00	3.75	 9	0.61112		grating		tx+	0.01	-6	12	 0	163
0.00	3.75	 9	0.61112		grating		ty+	0.01	-6	12	176	 7
0.00	3.75	 9	0.61112		grating		tz+	0.01	-6	12	140	 5
0.00	3.75	 9	0.62909		grating		dx+	1.00	-3	-10	 0	 0
0.00	3.75	 9	0.62909		grating		dy+	1.00	-3	-10	 0	 0
0.00	3.75	 9	0.62909		grating		dz+	1.00	-3	-10	 0	 0
0.00	3.75	 9	0.62909		grating		tx+	0.01	-3	-10	 4	163
0.00	3.75	 9	0.62909		grating		ty+	0.01	-3	-10	174	 7
0.00	3.75	 9	0.62909		grating		tz+	0.01	-3	-10	144	 6
0.00	3.75	 9	0.64707		grating		dx+	1.00	-1	-32	 0	 0
0.00	3.75	 9	0.64707		grating		dy+	1.00	-1	-32	 0	 0
0.00	3.75	 9	0.64707		grating		dz+	1.00	-1	-32	 0	 0
0.00	3.75	 9	0.64707		grating		tx+	0.01	-1	-32	 9	164
0.00	3.75	 9	0.64707		grating		ty+	0.01	-1	-32	172	 8
0.00	3.75	 9	0.64707		grating		tz+	0.01	-1	-32	148	 7
0.00	3.75	 8	0.64707		grating		dx+	1.00	-10	56	 0	 0
0.00	3.75	 8	0.64707		grating		dy+	1.00	-10	56	 0	 0
0.00	3.75	 8	0.64707		grating		dz+	1.00	-10	56	 0	 0
0.00	3.75	 8	0.64707		grating		tx+	0.01	-10	56	-9	164
0.00	3.75	 8	0.64707		grating		ty+	0.01	-10	56	180	 6
0.00	3.75	 8	0.64707		grating		tz+	0.01	-10	56	133	 4
0.00	3.75	 8	0.66729		grating		dx+	1.00	-7	34	 0	 0
0.00	3.75	 8	0.66729		grating		dy+	1.00	-7	34	 0	 0
0.00	3.75	 8	0.66729		grating		dz+	1.00	-7	34	 0	 0
0.00	3.75	 8	0.66729		grating		tx+	0.01	-7	34	-4	163
0.00	3.75	 8	0.66729		grating		ty+	0.01	-7	34	177	 6
0.00	3.75	 8	0.66729		grating		tz+	0.01	-7	34	136	 5
0.00	3.75	 8	0.68751		grating		dx+	1.00	-4	12	 0	 0
0.00	3.75	 8	0.68751		grating		dy+	1.00	-4	12	 0	 0
0.00	3.75	 8	0.68751		grating		dz+	1.00	-4	12	 0	 0
0.00	3.75	 8	0.68751		grating		tx+	0.01	-4	12	 0	163
0.00	3.75	 8	0.68751		grating		ty+	0.01	-4	12	175	 7
0.00	3.75	 8	0.68751		grating		tz+	0.01	-4	12	140	 5
0.00	3.75	 8	0.71043		grating		dx+	1.00	-1	-13	 0	 0
0.00	3.75	 8	0.71043		grating		dy+	1.00	-1	-13	 0	 0
0.00	3.75	 8	0.71043		grating		dz+	1.00	-1	-13	 0	 0
0.00	3.75	 8	0.71043		grating		tx+	0.01	-1	-13	 4	163
0.00	3.75	 8	0.71043		grating		ty+	0.01	-1	-13	173	 8
0.00	3.75	 8	0.71043		grating		tz+	0.01	-1	-13	144	 6
0.00	3.75	 8	0.73344		grating		dx+	1.00	 1	-38	 0	 0
0.00	3.75	 8	0.73344		grating		dy+	1.00	 1	-38	 0	 0
0.00	3.75	 8	0.73344		grating		dz+	1.00	 1	-38	 0	 0
0.00	3.75	 8	0.73344		grating		tx+	0.01	 1	-38	10	164
0.00	3.75	 8	0.73344		grating		ty+	0.01	 1	-38	171	 8
0.00	3.75	 8	0.73344		grating		tz+	0.01	 1	-38	149	 7
0.00	3.75	 7	0.73334		grating		dx+	1.00	-9	62	 0	 0
0.00	3.75	 7	0.73334		grating		dy+	1.00	-9	62	 0	 0
0.00	3.75	 7	0.73334		grating		dz+	1.00	-9	62	 0	 0
0.00	3.75	 7	0.73334		grating		tx+	0.01	-9	62	-11	164
0.00	3.75	 7	0.73334		grating		ty+	0.01	-9	62	180	 6
0.00	3.75	 7	0.73334		grating		tz+	0.01	-9	62	132	 4
0.00	3.75	 7	0.75953		grating		dx+	1.00	-5	37	 0	 0
0.00	3.75	 7	0.75953		grating		dy+	1.00	-5	37	 0	 0
0.00	3.75	 7	0.75953		grating		dz+	1.00	-5	37	 0	 0
0.00	3.75	 7	0.75953		grating		tx+	0.01	-5	37	-5	163
0.00	3.75	 7	0.75953		grating		ty+	0.01	-5	37	177	 6
0.00	3.75	 7	0.75953		grating		tz+	0.01	-5	37	135	 5
0.00	3.75	 7	0.78573		grating		dx+	1.00	-2	12	 0	 0
0.00	3.75	 7	0.78573		grating		dy+	1.00	-2	12	 0	 0
0.00	3.75	 7	0.78573		grating		dz+	1.00	-2	12	 0	 0
0.00	3.75	 7	0.78573		grating		tx+	0.01	-2	12	 0	163
0.00	3.75	 7	0.78573		grating		ty+	0.01	-2	12	175	 7
0.00	3.75	 7	0.78573		grating		tz+	0.01	-2	12	139	 5
0.00	3.75	 7	0.81595		grating		dx+	1.00	 1	-17	 0	 0
0.00	3.75	 7	0.81595		grating		dy+	1.00	 1	-17	 0	 0
0.00	3.75	 7	0.81595		grating		dz+	1.00	 1	-17	 0	 0
0.00	3.75	 7	0.81595		grating		tx+	0.01	 1	-17	 5	163
0.00	3.75	 7	0.81595		grating		ty+	0.01	 1	-17	173	 8
0.00	3.75	 7	0.81595		grating		tz+	0.01	 1	-17	145	 6
0.00	3.75	 7	0.84617		grating		dx+	1.00	 4	-46	 0	 0
0.00	3.75	 7	0.84617		grating		dy+	1.00	 4	-46	 0	 0
0.00	3.75	 7	0.84617		grating		dz+	1.00	 4	-46	 0	 0
0.00	3.75	 7	0.84617		grating		tx+	0.01	 4	-46	11	165
0.00	3.75	 7	0.84617		grating		ty+	0.01	 4	-46	170	 8
0.00	3.75	 7	0.84617		grating		tz+	0.01	 4	-46	150	 7
0.00	3.75	 6	0.84617		grating		dx+	1.00	-9	70	 0	 0
0.00	3.75	 6	0.84617		grating		dy+	1.00	-9	70	 0	 0
0.00	3.75	 6	0.84617		grating		dz+	1.00	-9	70	 0	 0
0.00	3.75	 6	0.84617		grating		tx+	0.01	-9	70	-12	165
0.00	3.75	 6	0.84617		grating		ty+	0.01	-9	70	181	 5
0.00	3.75	 6	0.84617		grating		tz+	0.01	-9	70	130	 4
0.00	3.75	 6	0.88142		grating		dx+	1.00	-4	41	 0	 0
0.00	3.75	 6	0.88142		grating		dy+	1.00	-4	41	 0	 0
0.00	3.75	 6	0.88142		grating		dz+	1.00	-4	41	 0	 0
0.00	3.75	 6	0.88142		grating		tx+	0.01	-4	41	-6	163
0.00	3.75	 6	0.88142		grating		ty+	0.01	-4	41	178	 6
0.00	3.75	 6	0.88142		grating		tz+	0.01	-4	41	135	 5
0.00	3.75	 6	0.91668		grating		dx+	1.00	 0	12	 0	 0
0.00	3.75	 6	0.91668		grating		dy+	1.00	 0	12	 0	 0
0.00	3.75	 6	0.91668		grating		dz+	1.00	 0	12	 0	 0
0.00	3.75	 6	0.91668		grating		tx+	0.01	 0	12	 0	163
0.00	3.75	 6	0.91668		grating		ty+	0.01	 0	12	175	 7
0.00	3.75	 6	0.91668		grating		tz+	0.01	 0	12	139	 6
0.00	3.75	 6	0.95835		grating		dx+	1.00	 4	-22	 0	 0
0.00	3.75	 6	0.95835		grating		dy+	1.00	 4	-22	 0	 0
0.00	3.75	 6	0.95835		grating		dz+	1.00	 4	-22	 0	 0
0.00	3.75	 6	0.95835		grating		tx+	0.01	 4	-22	 6	163
0.00	3.75	 6	0.95835		grating		ty+	0.01	 4	-22	172	 8
0.00	3.75	 6	0.95835		grating		tz+	0.01	 4	-22	145	 7
0.00	3.75	 6	1.00000		grating		dx+	1.00	 6	-57	 0	 0
0.00	3.75	 6	1.00000		grating		dy+	1.00	 6	-57	 0	 0
0.00	3.75	 6	1.00000		grating		dz+	1.00	 6	-57	 0	 0
0.00	3.75	 6	1.00000		grating		tx+	0.01	 6	-57	14	166
0.00	3.75	 6	1.00000		grating		ty+	0.01	 6	-57	170	 8
0.00	3.75	 6	1.00000		grating		tz+	0.01	 6	-57	152	 8
-2.08	3.75	 9	0.57896		grating		dx+	1.00	34	58	 0	 0
-2.08	3.75	 9	0.57896		grating		dy+	1.00	34	58	 0	 0
-2.08	3.75	 9	0.57896		grating		dz+	1.00	34	58	 0	 0
-2.08	3.75	 9	0.57896		grating		tx+	0.01	34	58	-8	167
-2.08	3.75	 9	0.57896		grating		ty+	0.01	34	58	177	 5
-2.08	3.75	 9	0.57896		grating		tz+	0.01	34	58	128	 3
-2.08	3.75	 9	0.59504		grating		dx+	1.00	37	38	 0	 0
-2.08	3.75	 9	0.59504		grating		dy+	1.00	37	38	 0	 0
-2.08	3.75	 9	0.59504		grating		dz+	1.00	37	38	 0	 0
-2.08	3.75	 9	0.59504		grating		tx+	0.01	37	38	-5	166
-2.08	3.75	 9	0.59504		grating		ty+	0.01	37	38	175	 5
-2.08	3.75	 9	0.59504		grating		tz+	0.01	37	38	131	 3
-2.08	3.75	 9	0.61112		grating		dx+	1.00	40	19	 0	 0
-2.08	3.75	 9	0.61112		grating		dy+	1.00	40	19	 0	 0
-2.08	3.75	 9	0.61112		grating		dz+	1.00	40	19	 0	 0
-2.08	3.75	 9	0.61112		grating		tx+	0.01	40	19	-1	166
-2.08	3.75	 9	0.61112		grating		ty+	0.01	40	19	173	 5
-2.08	3.75	 9	0.61112		grating		tz+	0.01	40	19	134	 4
-2.08	3.75	 9	0.62909		grating		dx+	1.00	42	-3	 0	 0
-2.08	3.75	 9	0.62909		grating		dy+	1.00	42	-3	 0	 0
-2.08	3.75	 9	0.62909		grating		dz+	1.00	42	-3	 0	 0
-2.08	3.75	 9	0.62909		grating		tx+	0.01	42	-3	 2	166
-2.08	3.75	 9	0.62909		grating		ty+	0.01	42	-3	171	 5
-2.08	3.75	 9	0.62909		grating		tz+	0.01	42	-3	138	 4
-2.08	3.75	 9	0.64707		grating		dx+	1.00	45	-25	 0	 0
-2.08	3.75	 9	0.64707		grating		dy+	1.00	45	-25	 0	 0
-2.08	3.75	 9	0.64707		grating		dz+	1.00	45	-25	 0	 0
-2.08	3.75	 9	0.64707		grating		tx+	0.01	45	-25	 6	167
-2.08	3.75	 9	0.64707		grating		ty+	0.01	45	-25	170	 5
-2.08	3.75	 9	0.64707		grating		tz+	0.01	45	-25	142	 4
-2.08	3.75	 8	0.64707		grating		dx+	1.00	35	62	 0	 0
-2.08	3.75	 8	0.64707		grating		dy+	1.00	35	62	 0	 0
-2.08	3.75	 8	0.64707		grating		dz+	1.00	35	62	 0	 0
-2.08	3.75	 8	0.64707		grating		tx+	0.01	35	62	-9	167
-2.08	3.75	 8	0.64707		grating		ty+	0.01	35	62	177	 5
-2.08	3.75	 8	0.64707		grating		tz+	0.01	35	62	127	 3
-2.08	3.75	 8	0.66729		grating		dx+	1.00	39	41	 0	 0
-2.08	3.75	 8	0.66729		grating		dy+	1.00	39	41	 0	 0
-2.08	3.75	 8	0.66729		grating		dz+	1.00	39	41	 0	 0
-2.08	3.75	 8	0.66729		grating		tx+	0.01	39	41	-5	166
-2.08	3.75	 8	0.66729		grating		ty+	0.01	39	41	175	 5
-2.08	3.75	 8	0.66729		grating		tz+	0.01	39	41	131	 4
-2.08	3.75	 8	0.68751		grating		dx+	1.00	42	19	 0	 0
-2.08	3.75	 8	0.68751		grating		dy+	1.00	42	19	 0	 0
-2.08	3.75	 8	0.68751		grating		dz+	1.00	42	19	 0	 0
-2.08	3.75	 8	0.68751		grating		tx+	0.01	42	19	-1	166
-2.08	3.75	 8	0.68751		grating		ty+	0.01	42	19	173	 5
-2.08	3.75	 8	0.68751		grating		tz+	0.01	42	19	134	 4
-2.08	3.75	 8	0.71043		grating		dx+	1.00	45	-6	 0	 0
-2.08	3.75	 8	0.71043		grating		dy+	1.00	45	-6	 0	 0
-2.08	3.75	 8	0.71043		grating		dz+	1.00	45	-6	 0	 0
-2.08	3.75	 8	0.71043		grating		tx+	0.01	45	-6	 3	166
-2.08	3.75	 8	0.71043		grating		ty+	0.01	45	-6	171	 5
-2.08	3.75	 8	0.71043		grating		tz+	0.01	45	-6	138	 4
-2.08	3.75	 8	0.73344		grating		dx+	1.00	47	-32	 0	 0
-2.08	3.75	 8	0.73344		grating		dy+	1.00	47	-32	 0	 0
-2.08	3.75	 8	0.73344		grating		dz+	1.00	47	-32	 0	 0
-2.08	3.75	 8	0.73344		grating		tx+	0.01	47	-32	 7	167
-2.08	3.75	 8	0.73344		grating		ty+	0.01	47	-32	169	 5
-2.08	3.75	 8	0.73344		grating		tz+	0.01	47	-32	143	 4
-2.08	3.75	 7	0.73334		grating		dx+	1.00	36	68	 0	 0
-2.08	3.75	 7	0.73334		grating		dy+	1.00	36	68	 0	 0
-2.08	3.75	 7	0.73334		grating		dz+	1.00	36	68	 0	 0
-2.08	3.75	 7	0.73334		grating		tx+	0.01	36	68	-10	167
-2.08	3.75	 7	0.73334		grating		ty+	0.01	36	68	177	 5
-2.08	3.75	 7	0.73334		grating		tz+	0.01	36	68	126	 3
-2.08	3.75	 7	0.75953		grating		dx+	1.00	40	43	 0	 0
-2.08	3.75	 7	0.75953		grating		dy+	1.00	40	43	 0	 0
-2.08	3.75	 7	0.75953		grating		dz+	1.00	40	43	 0	 0
-2.08	3.75	 7	0.75953		grating		tx+	0.01	40	43	-5	166
-2.08	3.75	 7	0.75953		grating		ty+	0.01	40	43	175	 5
-2.08	3.75	 7	0.75953		grating		tz+	0.01	40	43	130	 4
-2.08	3.75	 7	0.78573		grating		dx+	1.00	44	19	 0	 0
-2.08	3.75	 7	0.78573		grating		dy+	1.00	44	19	 0	 0
-2.08	3.75	 7	0.78573		grating		dz+	1.00	44	19	 0	 0
-2.08	3.75	 7	0.78573		grating		tx+	0.01	44	19	-1	166
-2.08	3.75	 7	0.78573		grating		ty+	0.01	44	19	173	 5
-2.08	3.75	 7	0.78573		grating		tz+	0.01	44	19	134	 4
-2.08	3.75	 7	0.81595		grating		dx+	1.00	47	-10	 0	 0
-2.08	3.75	 7	0.81595		grating		dy+	1.00	47	-10	 0	 0
-2.08	3.75	 7	0.81595		grating		dz+	1.00	47	-10	 0	 0
-2.08	3.75	 7	0.81595		grating		tx+	0.01	47	-10	 3	166
-2.08	3.75	 7	0.81595		grating		ty+	0.01	47	-10	170	 5
-2.08	3.75	 7	0.81595		grating		tz+	0.01	47	-10	139	 4
-2.08	3.75	 7	0.84617		grating		dx+	1.00	49	-39	 0	 0
-2.08	3.75	 7	0.84617		grating		dy+	1.00	49	-39	 0	 0
-2.08	3.75	 7	0.84617		grating		dz+	1.00	49	-39	 0	 0
-2.08	3.75	 7	0.84617		grating		tx+	0.01	49	-39	 9	168
-2.08	3.75	 7	0.84617		grating		ty+	0.01	49	-39	168	 5
-2.08	3.75	 7	0.84617		grating		tz+	0.01	49	-39	144	 4
-2.08	3.75	 6	0.84617		grating		dx+	1.00	37	76	 0	 0
-2.08	3.75	 6	0.84617		grating		dy+	1.00	37	76	 0	 0
-2.08	3.75	 6	0.84617		grating		dz+	1.00	37	76	 0	 0
-2.08	3.75	 6	0.84617		grating		tx+	0.01	37	76	-12	168
-2.08	3.75	 6	0.84617		grating		ty+	0.01	37	76	178	 5
-2.08	3.75	 6	0.84617		grating		tz+	0.01	37	76	125	 3
-2.08	3.75	 6	0.88142		grating		dx+	1.00	42	47	 0	 0
-2.08	3.75	 6	0.88142		grating		dy+	1.00	42	47	 0	 0
-2.08	3.75	 6	0.88142		grating		dz+	1.00	42	47	 0	 0
-2.08	3.75	 6	0.88142		grating		tx+	0.01	42	47	-6	167
-2.08	3.75	 6	0.88142		grating		ty+	0.01	42	47	175	 5
-2.08	3.75	 6	0.88142		grating		tz+	0.01	42	47	129	 4
-2.08	3.75	 6	0.91668		grating		dx+	1.00	45	19	 0	 0
-2.08	3.75	 6	0.91668		grating		dy+	1.00	45	19	 0	 0
-2.08	3.75	 6	0.91668		grating		dz+	1.00	45	19	 0	 0
-2.08	3.75	 6	0.91668		grating		tx+	0.01	45	19	-1	166
-2.08	3.75	 6	0.91668		grating		ty+	0.01	45	19	173	 5
-2.08	3.75	 6	0.91668		grating		tz+	0.01	45	19	134	 4
-2.08	3.75	 6	0.95835		grating		dx+	1.00	49	-15	 0	 0
-2.08	3.75	 6	0.95835		grating		dy+	1.00	49	-15	 0	 0
-2.08	3.75	 6	0.95835		grating		dz+	1.00	49	-15	 0	 0
-2.08	3.75	 6	0.95835		grating		tx+	0.01	49	-15	 4	167
-2.08	3.75	 6	0.95835		grating		ty+	0.01	49	-15	170	 5
-2.08	3.75	 6	0.95835		grating		tz+	0.01	49	-15	140	 4
-2.08	3.75	 6	1.00000		grating		dx+	1.00	51	-50	 0	 0
-2.08	3.75	 6	1.00000		grating		dy+	1.00	51	-50	 0	 0
-2.08	3.75	 6	1.00000		grating		dz+	1.00	51	-50	 0	 0
-2.08	3.75	 6	1.00000		grating		tx+	0.01	51	-50	11	169
-2.08	3.75	 6	1.00000		grating		ty+	0.01	51	-50	168	 5
-2.08	3.75	 6	1.00000		grating		tz+	0.01	51	-50	146	 4
-4.15	3.75	 9	0.57896		grating		dx+	1.00	78	61	 0	 0
-4.15	3.75	 9	0.57896		grating		dy+	1.00	78	61	 0	 0
-4.15	3.75	 9	0.57896		grating		dz+	1.00	78	61	 0	 0
-4.15	3.75	 9	0.57896		grating		tx+	0.01	78	61	-8	170
-4.15	3.75	 9	0.57896		grating		ty+	0.01	78	61	175	 3
-4.15	3.75	 9	0.57896		grating		tz+	0.01	78	61	125	 2
-4.15	3.75	 9	0.59504		grating		dx+	1.00	81	42	 0	 0
-4.15	3.75	 9	0.59504		grating		dy+	1.00	81	42	 0	 0
-4.15	3.75	 9	0.59504		grating		dz+	1.00	81	42	 0	 0
-4.15	3.75	 9	0.59504		grating		tx+	0.01	81	42	-4	169
-4.15	3.75	 9	0.59504		grating		ty+	0.01	81	42	174	 3
-4.15	3.75	 9	0.59504		grating		tz+	0.01	81	42	128	 2
-4.15	3.75	 9	0.61112		grating		dx+	1.00	83	22	 0	 0
-4.15	3.75	 9	0.61112		grating		dy+	1.00	83	22	 0	 0
-4.15	3.75	 9	0.61112		grating		dz+	1.00	83	22	 0	 0
-4.15	3.75	 9	0.61112		grating		tx+	0.01	83	22	-1	169
-4.15	3.75	 9	0.61112		grating		ty+	0.01	83	22	172	 3
-4.15	3.75	 9	0.61112		grating		tz+	0.01	83	22	131	 2
-4.15	3.75	 9	0.62909		grating		dx+	1.00	86	 0	 0	 0
-4.15	3.75	 9	0.62909		grating		dy+	1.00	86	 0	 0	 0
-4.15	3.75	 9	0.62909		grating		dz+	1.00	86	 0	 0	 0
-4.15	3.75	 9	0.62909		grating		tx+	0.01	86	 0	 1	169
-4.15	3.75	 9	0.62909		grating		ty+	0.01	86	 0	171	 2
-4.15	3.75	 9	0.62909		grating		tz+	0.01	86	 0	135	 2
-4.15	3.75	 9	0.64707		grating		dx+	1.00	88	-22	 0	 0
-4.15	3.75	 9	0.64707		grating		dy+	1.00	88	-22	 0	 0
-4.15	3.75	 9	0.64707		grating		dz+	1.00	88	-22	 0	 0
-4.15	3.75	 9	0.64707		grating		tx+	0.01	88	-22	 5	170
-4.15	3.75	 9	0.64707		grating		ty+	0.01	88	-22	169	 2
-4.15	3.75	 9	0.64707		grating		tz+	0.01	88	-22	139	 1
-4.15	3.75	 8	0.64707		grating		dx+	1.00	79	66	 0	 0
-4.15	3.75	 8	0.64707		grating		dy+	1.00	79	66	 0	 0
-4.15	3.75	 8	0.64707		grating		dz+	1.00	79	66	 0	 0
-4.15	3.75	 8	0.64707		grating		tx+	0.01	79	66	-9	170
-4.15	3.75	 8	0.64707		grating		ty+	0.01	79	66	176	 3
-4.15	3.75	 8	0.64707		grating		tz+	0.01	79	66	124	 2
-4.15	3.75	 8	0.66729		grating		dx+	1.00	83	44	 0	 0
-4.15	3.75	 8	0.66729		grating		dy+	1.00	83	44	 0	 0
-4.15	3.75	 8	0.66729		grating		dz+	1.00	83	44	 0	 0
-4.15	3.75	 8	0.66729		grating		tx+	0.01	83	44	-5	169
-4.15	3.75	 8	0.66729		grating		ty+	0.01	83	44	174	 3
-4.15	3.75	 8	0.66729		grating		tz+	0.01	83	44	128	 2
-4.15	3.75	 8	0.68751		grating		dx+	1.00	85	22	 0	 0
-4.15	3.75	 8	0.68751		grating		dy+	1.00	85	22	 0	 0
-4.15	3.75	 8	0.68751		grating		dz+	1.00	85	22	 0	 0
-4.15	3.75	 8	0.68751		grating		tx+	0.01	85	22	-1	169
-4.15	3.75	 8	0.68751		grating		ty+	0.01	85	22	172	 3
-4.15	3.75	 8	0.68751		grating		tz+	0.01	85	22	131	 2
-4.15	3.75	 8	0.71043		grating		dx+	1.00	88	-3	 0	 0
-4.15	3.75	 8	0.71043		grating		dy+	1.00	88	-3	 0	 0
-4.15	3.75	 8	0.71043		grating		dz+	1.00	88	-3	 0	 0
-4.15	3.75	 8	0.71043		grating		tx+	0.01	88	-3	 2	170
-4.15	3.75	 8	0.71043		grating		ty+	0.01	88	-3	170	 2
-4.15	3.75	 8	0.71043		grating		tz+	0.01	88	-3	135	 2
-4.15	3.75	 8	0.73344		grating		dx+	1.00	91	-28	 0	 0
-4.15	3.75	 8	0.73344		grating		dy+	1.00	91	-28	 0	 0
-4.15	3.75	 8	0.73344		grating		dz+	1.00	91	-28	 0	 0
-4.15	3.75	 8	0.73344		grating		tx+	0.01	91	-28	 6	171
-4.15	3.75	 8	0.73344		grating		ty+	0.01	91	-28	169	 2
-4.15	3.75	 8	0.73344		grating		tz+	0.01	91	-28	140	 1
-4.15	3.75	 7	0.73334		grating		dx+	1.00	80	71	 0	 0
-4.15	3.75	 7	0.73334		grating		dy+	1.00	80	71	 0	 0
-4.15	3.75	 7	0.73334		grating		dz+	1.00	80	71	 0	 0
-4.15	3.75	 7	0.73334		grating		tx+	0.01	80	71	-10	170
-4.15	3.75	 7	0.73334		grating		ty+	0.01	80	71	176	 3
-4.15	3.75	 7	0.73334		grating		tz+	0.01	80	71	123	 2
-4.15	3.75	 7	0.75953		grating		dx+	1.00	84	47	 0	 0
-4.15	3.75	 7	0.75953		grating		dy+	1.00	84	47	 0	 0
-4.15	3.75	 7	0.75953		grating		dz+	1.00	84	47	 0	 0
-4.15	3.75	 7	0.75953		grating		tx+	0.01	84	47	-5	169
-4.15	3.75	 7	0.75953		grating		ty+	0.01	84	47	174	 3
-4.15	3.75	 7	0.75953		grating		tz+	0.01	84	47	127	 2
-4.15	3.75	 7	0.78573		grating		dx+	1.00	87	22	 0	 0
-4.15	3.75	 7	0.78573		grating		dy+	1.00	87	22	 0	 0
-4.15	3.75	 7	0.78573		grating		dz+	1.00	87	22	 0	 0
-4.15	3.75	 7	0.78573		grating		tx+	0.01	87	22	-1	169
-4.15	3.75	 7	0.78573		grating		ty+	0.01	87	22	172	 3
-4.15	3.75	 7	0.78573		grating		tz+	0.01	87	22	131	 2
-4.15	3.75	 7	0.81595		grating		dx+	1.00	90	-7	 0	 0
-4.15	3.75	 7	0.81595		grating		dy+	1.00	90	-7	 0	 0
-4.15	3.75	 7	0.81595		grating		dz+	1.00	90	-7	 0	 0
-4.15	3.75	 7	0.81595		grating		tx+	0.01	90	-7	 3	170
-4.15	3.75	 7	0.81595		grating		ty+	0.01	90	-7	170	 2
-4.15	3.75	 7	0.81595		grating		tz+	0.01	90	-7	136	 2
-4.15	3.75	 7	0.84617		grating		dx+	1.00	93	-36	 0	 0
-4.15	3.75	 7	0.84617		grating		dy+	1.00	93	-36	 0	 0
-4.15	3.75	 7	0.84617		grating		dz+	1.00	93	-36	 0	 0
-4.15	3.75	 7	0.84617		grating		tx+	0.01	93	-36	 7	171
-4.15	3.75	 7	0.84617		grating		ty+	0.01	93	-36	168	 1
-4.15	3.75	 7	0.84617		grating		tz+	0.01	93	-36	141	 1
-4.15	3.75	 6	0.84617		grating		dx+	1.00	81	79	 0	 0
-4.15	3.75	 6	0.84617		grating		dy+	1.00	81	79	 0	 0
-4.15	3.75	 6	0.84617		grating		dz+	1.00	81	79	 0	 0
-4.15	3.75	 6	0.84617		grating		tx+	0.01	81	79	-11	171
-4.15	3.75	 6	0.84617		grating		ty+	0.01	81	79	177	 3
-4.15	3.75	 6	0.84617		grating		tz+	0.01	81	79	122	 2
-4.15	3.75	 6	0.88142		grating		dx+	1.00	85	50	 0	 0
-4.15	3.75	 6	0.88142		grating		dy+	1.00	85	50	 0	 0
-4.15	3.75	 6	0.88142		grating		dz+	1.00	85	50	 0	 0
-4.15	3.75	 6	0.88142		grating		tx+	0.01	85	50	-6	170
-4.15	3.75	 6	0.88142		grating		ty+	0.01	85	50	174	 3
-4.15	3.75	 6	0.88142		grating		tz+	0.01	85	50	126	 2
-4.15	3.75	 6	0.91668		grating		dx+	1.00	89	22	 0	 0
-4.15	3.75	 6	0.91668		grating		dy+	1.00	89	22	 0	 0
-4.15	3.75	 6	0.91668		grating		dz+	1.00	89	22	 0	 0
-4.15	3.75	 6	0.91668		grating		tx+	0.01	89	22	-1	169
-4.15	3.75	 6	0.91668		grating		ty+	0.01	89	22	172	 3
-4.15	3.75	 6	0.91668		grating		tz+	0.01	89	22	131	 2
-4.15	3.75	 6	0.95835		grating		dx+	1.00	92	-12	 0	 0
-4.15	3.75	 6	0.95835		grating		dy+	1.00	92	-12	 0	 0
-4.15	3.75	 6	0.95835		grating		dz+	1.00	92	-12	 0	 0
-4.15	3.75	 6	0.95835		grating		tx+	0.01	92	-12	 3	170
-4.15	3.75	 6	0.95835		grating		ty+	0.01	92	-12	170	 2
-4.15	3.75	 6	0.95835		grating		tz+	0.01	92	-12	137	 2
-4.15	3.75	 6	1.00000		grating		dx+	1.00	95	-47	 0	 0
-4.15	3.75	 6	1.00000		grating		dy+	1.00	95	-47	 0	 0
-4.15	3.75	 6	1.00000		grating		dz+	1.00	95	-47	 0	 0
-4.15	3.75	 6	1.00000		grating		tx+	0.01	95	-47	 9	172
-4.15	3.75	 6	1.00000		grating		ty+	0.01	95	-47	167	 1
-4.15	3.75	 6	1.00000		grating		tz+	0.01	95	-47	143	 1
4.15	4.50	 9	0.57896		grating		dx+	1.00	-112	21	 0	 0
4.15	4.50	 9	0.57896		grating		dy+	1.00	-112	21	 0	 0
4.15	4.50	 9	0.57896		grating		dz+	1.00	-112	21	 0	 0
4.15	4.50	 9	0.57896		grating		tx+	0.01	-112	21	-3	159
4.15	4.50	 9	0.57896		grating		ty+	0.01	-112	21	198	 8
4.15	4.50	 9	0.57896		grating		tz+	0.01	-112	21	158	 6
4.15	4.50	 9	0.59504		grating		dx+	1.00	-109	 0	 0	 0
4.15	4.50	 9	0.59504		grating		dy+	1.00	-109	 0	 0	 0
4.15	4.50	 9	0.59504		grating		dz+	1.00	-109	 0	 0	 0
4.15	4.50	 9	0.59504		grating		tx+	0.01	-109	 0	 2	159
4.15	4.50	 9	0.59504		grating		ty+	0.01	-109	 0	195	10
4.15	4.50	 9	0.59504		grating		tz+	0.01	-109	 0	161	 8
4.15	4.50	 9	0.61112		grating		dx+	1.00	-106	-20	 0	 0
4.15	4.50	 9	0.61112		grating		dy+	1.00	-106	-20	 0	 0
4.15	4.50	 9	0.61112		grating		dz+	1.00	-106	-20	 0	 0
4.15	4.50	 9	0.61112		grating		tx+	0.01	-106	-20	 8	159
4.15	4.50	 9	0.61112		grating		ty+	0.01	-106	-20	193	12
4.15	4.50	 9	0.61112		grating		tz+	0.01	-106	-20	165	10
4.15	4.50	 9	0.62909		grating		dx+	1.00	-104	-44	 0	 0
4.15	4.50	 9	0.62909		grating		dy+	1.00	-104	-44	 0	 0
4.15	4.50	 9	0.62909		grating		dz+	1.00	-104	-44	 0	 0
4.15	4.50	 9	0.62909		grating		tx+	0.01	-104	-44	14	160
4.15	4.50	 9	0.62909		grating		ty+	0.01	-104	-44	190	14
4.15	4.50	 9	0.62909		grating		tz+	0.01	-104	-44	170	12
4.15	4.50	 9	0.64707		grating		dx+	1.00	-103	-67	 0	 0
4.15	4.50	 9	0.64707		grating		dy+	1.00	-103	-67	 0	 0
4.15	4.50	 9	0.64707		grating		dz+	1.00	-103	-67	 0	 0
4.15	4.50	 9	0.64707		grating		tx+	0.01	-103	-67	20	161
4.15	4.50	 9	0.64707		grating		ty+	0.01	-103	-67	188	15
4.15	4.50	 9	0.64707		grating		tz+	0.01	-103	-67	175	14
4.15	4.50	 8	0.64707		grating		dx+	1.00	-110	25	 0	 0
4.15	4.50	 8	0.64707		grating		dy+	1.00	-110	25	 0	 0
4.15	4.50	 8	0.64707		grating		dz+	1.00	-110	25	 0	 0
4.15	4.50	 8	0.64707		grating		tx+	0.01	-110	25	-4	160
4.15	4.50	 8	0.64707		grating		ty+	0.01	-110	25	198	 8
4.15	4.50	 8	0.64707		grating		tz+	0.01	-110	25	156	 6
4.15	4.50	 8	0.66729		grating		dx+	1.00	-106	 3	 0	 0
4.15	4.50	 8	0.66729		grating		dy+	1.00	-106	 3	 0	 0
4.15	4.50	 8	0.66729		grating		dz+	1.00	-106	 3	 0	 0
4.15	4.50	 8	0.66729		grating		tx+	0.01	-106	 3	 1	159
4.15	4.50	 8	0.66729		grating		ty+	0.01	-106	 3	195	10
4.15	4.50	 8	0.66729		grating		tz+	0.01	-106	 3	160	 8
4.15	4.50	 8	0.68751		grating		dx+	1.00	-103	-20	 0	 0
4.15	4.50	 8	0.68751		grating		dy+	1.00	-103	-20	 0	 0
4.15	4.50	 8	0.68751		grating		dz+	1.00	-103	-20	 0	 0
4.15	4.50	 8	0.68751		grating		tx+	0.01	-103	-20	 8	159
4.15	4.50	 8	0.68751		grating		ty+	0.01	-103	-20	192	12
4.15	4.50	 8	0.68751		grating		tz+	0.01	-103	-20	164	10
4.15	4.50	 8	0.71043		grating		dx+	1.00	-101	-47	 0	 0
4.15	4.50	 8	0.71043		grating		dy+	1.00	-101	-47	 0	 0
4.15	4.50	 8	0.71043		grating		dz+	1.00	-101	-47	 0	 0
4.15	4.50	 8	0.71043		grating		tx+	0.01	-101	-47	15	160
4.15	4.50	 8	0.71043		grating		ty+	0.01	-101	-47	189	14
4.15	4.50	 8	0.71043		grating		tz+	0.01	-101	-47	170	12
4.15	4.50	 8	0.73344		grating		dx+	1.00	-100	-73	 0	 0
4.15	4.50	 8	0.73344		grating		dy+	1.00	-100	-73	 0	 0
4.15	4.50	 8	0.73344		grating		dz+	1.00	-100	-73	 0	 0
4.15	4.50	 8	0.73344		grating		tx+	0.01	-100	-73	22	162
4.15	4.50	 8	0.73344		grating		ty+	0.01	-100	-73	187	16
4.15	4.50	 8	0.73344		grating		tz+	0.01	-100	-73	175	15
4.15	4.50	 7	0.73334		grating		dx+	1.00	-108	31	 0	 0
4.15	4.50	 7	0.73334		grating		dy+	1.00	-108	31	 0	 0
4.15	4.50	 7	0.73334		grating		dz+	1.00	-108	31	 0	 0
4.15	4.50	 7	0.73334		grating		tx+	0.01	-108	31	-6	160
4.15	4.50	 7	0.73334		grating		ty+	0.01	-108	31	198	 8
4.15	4.50	 7	0.73334		grating		tz+	0.01	-108	31	154	 6
4.15	4.50	 7	0.75953		grating		dx+	1.00	-104	 6	 0	 0
4.15	4.50	 7	0.75953		grating		dy+	1.00	-104	 6	 0	 0
4.15	4.50	 7	0.75953		grating		dz+	1.00	-104	 6	 0	 0
4.15	4.50	 7	0.75953		grating		tx+	0.01	-104	 6	 0	159
4.15	4.50	 7	0.75953		grating		ty+	0.01	-104	 6	194	10
4.15	4.50	 7	0.75953		grating		tz+	0.01	-104	 6	159	 8
4.15	4.50	 7	0.78573		grating		dx+	1.00	-101	-20	 0	 0
4.15	4.50	 7	0.78573		grating		dy+	1.00	-101	-20	 0	 0
4.15	4.50	 7	0.78573		grating		dz+	1.00	-101	-20	 0	 0
4.15	4.50	 7	0.78573		grating		tx+	0.01	-101	-20	 8	159
4.15	4.50	 7	0.78573		grating		ty+	0.01	-101	-20	191	12
4.15	4.50	 7	0.78573		grating		tz+	0.01	-101	-20	163	10
4.15	4.50	 7	0.81595		grating		dx+	1.00	-99	-51	 0	 0
4.15	4.50	 7	0.81595		grating		dy+	1.00	-99	-51	 0	 0
4.15	4.50	 7	0.81595		grating		dz+	1.00	-99	-51	 0	 0
4.15	4.50	 7	0.81595		grating		tx+	0.01	-99	-51	16	160
4.15	4.50	 7	0.81595		grating		ty+	0.01	-99	-51	188	14
4.15	4.50	 7	0.81595		grating		tz+	0.01	-99	-51	170	13
4.15	4.50	 7	0.84617		grating		dx+	1.00	-98	-82	 0	 0
4.15	4.50	 7	0.84617		grating		dy+	1.00	-98	-82	 0	 0
4.15	4.50	 7	0.84617		grating		dz+	1.00	-98	-82	 0	 0
4.15	4.50	 7	0.84617		grating		tx+	0.01	-98	-82	24	162
4.15	4.50	 7	0.84617		grating		ty+	0.01	-98	-82	186	16
4.15	4.50	 7	0.84617		grating		tz+	0.01	-98	-82	177	15
4.15	4.50	 6	0.84617		grating		dx+	1.00	-107	39	 0	 0
4.15	4.50	 6	0.84617		grating		dy+	1.00	-107	39	 0	 0
4.15	4.50	 6	0.84617		grating		dz+	1.00	-107	39	 0	 0
4.15	4.50	 6	0.84617		grating		tx+	0.01	-107	39	-8	160
4.15	4.50	 6	0.84617		grating		ty+	0.01	-107	39	198	 7
4.15	4.50	 6	0.84617		grating		tz+	0.01	-107	39	152	 5
4.15	4.50	 6	0.88142		grating		dx+	1.00	-102	10	 0	 0
4.15	4.50	 6	0.88142		grating		dy+	1.00	-102	10	 0	 0
4.15	4.50	 6	0.88142		grating		dz+	1.00	-102	10	 0	 0
4.15	4.50	 6	0.88142		grating		tx+	0.01	-102	10	 0	159
4.15	4.50	 6	0.88142		grating		ty+	0.01	-102	10	194	10
4.15	4.50	 6	0.88142		grating		tz+	0.01	-102	10	157	 8
4.15	4.50	 6	0.91668		grating		dx+	1.00	-99	-20	 0	 0
4.15	4.50	 6	0.91668		grating		dy+	1.00	-99	-20	 0	 0
4.15	4.50	 6	0.91668		grating		dz+	1.00	-99	-20	 0	 0
4.15	4.50	 6	0.91668		grating		tx+	0.01	-99	-20	 8	159
4.15	4.50	 6	0.91668		grating		ty+	0.01	-99	-20	191	12
4.15	4.50	 6	0.91668		grating		tz+	0.01	-99	-20	163	10
4.15	4.50	 6	0.95835		grating		dx+	1.00	-97	-56	 0	 0
4.15	4.50	 6	0.95835		grating		dy+	1.00	-97	-56	 0	 0
4.15	4.50	 6	0.95835		grating		dz+	1.00	-97	-56	 0	 0
4.15	4.50	 6	0.95835		grating		tx+	0.01	-97	-56	17	161
4.15	4.50	 6	0.95835		grating		ty+	0.01	-97	-56	187	15
4.15	4.50	 6	0.95835		grating		tz+	0.01	-97	-56	170	13
4.15	4.50	 6	1.00000		grating		dx+	1.00	-96	-93	 0	 0
4.15	4.50	 6	1.00000		grating		dy+	1.00	-96	-93	 0	 0
4.15	4.50	 6	1.00000		grating		dz+	1.00	-96	-93	 0	 0
4.15	4.50	 6	1.00000		grating		tx+	0.01	-96	-93	27	163
4.15	4.50	 6	1.00000		grating		ty+	0.01	-96	-93	184	17
4.15	4.50	 6	1.00000		grating		tz+	0.01	-96	-93	179	16
2.08	4.50	 9	0.57896		grating		dx+	1.00	-60	33	 0	 0
2.08	4.50	 9	0.57896		grating		dy+	1.00	-60	33	 0	 0
2.08	4.50	 9	0.57896		grating		dz+	1.00	-60	33	 0	 0
2.08	4.50	 9	0.57896		grating		tx+	0.01	-60	33	-6	162
2.08	4.50	 9	0.57896		grating		ty+	0.01	-60	33	188	 7
2.08	4.50	 9	0.57896		grating		tz+	0.01	-60	33	144	 5
2.08	4.50	 9	0.59504		grating		dx+	1.00	-57	14	 0	 0
2.08	4.50	 9	0.59504		grating		dy+	1.00	-57	14	 0	 0
2.08	4.50	 9	0.59504		grating		dz+	1.00	-57	14	 0	 0
2.08	4.50	 9	0.59504		grating		tx+	0.01	-57	14	-1	162
2.08	4.50	 9	0.59504		grating		ty+	0.01	-57	14	186	 8
2.08	4.50	 9	0.59504		grating		tz+	0.01	-57	14	147	 6
2.08	4.50	 9	0.61112		grating		dx+	1.00	-54	-6	 0	 0
2.08	4.50	 9	0.61112		grating		dy+	1.00	-54	-6	 0	 0
2.08	4.50	 9	0.61112		grating		dz+	1.00	-54	-6	 0	 0
2.08	4.50	 9	0.61112		grating		tx+	0.01	-54	-6	 3	162
2.08	4.50	 9	0.61112		grating		ty+	0.01	-54	-6	183	 9
2.08	4.50	 9	0.61112		grating		tz+	0.01	-54	-6	150	 8
2.08	4.50	 9	0.62909		grating		dx+	1.00	-52	-29	 0	 0
2.08	4.50	 9	0.62909		grating		dy+	1.00	-52	-29	 0	 0
2.08	4.50	 9	0.62909		grating		dz+	1.00	-52	-29	 0	 0
2.08	4.50	 9	0.62909		grating		tx+	0.01	-52	-29	 9	163
2.08	4.50	 9	0.62909		grating		ty+	0.01	-52	-29	181	11
2.08	4.50	 9	0.62909		grating		tz+	0.01	-52	-29	154	 9
2.08	4.50	 9	0.64707		grating		dx+	1.00	-50	-52	 0	 0
2.08	4.50	 9	0.64707		grating		dy+	1.00	-50	-52	 0	 0
2.08	4.50	 9	0.64707		grating		dz+	1.00	-50	-52	 0	 0
2.08	4.50	 9	0.64707		grating		tx+	0.01	-50	-52	14	164
2.08	4.50	 9	0.64707		grating		ty+	0.01	-50	-52	179	12
2.08	4.50	 9	0.64707		grating		tz+	0.01	-50	-52	159	10
2.08	4.50	 8	0.64707		grating		dx+	1.00	-58	38	 0	 0
2.08	4.50	 8	0.64707		grating		dy+	1.00	-58	38	 0	 0
2.08	4.50	 8	0.64707		grating		dz+	1.00	-58	38	 0	 0
2.08	4.50	 8	0.64707		grating		tx+	0.01	-58	38	-7	163
2.08	4.50	 8	0.64707		grating		ty+	0.01	-58	38	188	 7
2.08	4.50	 8	0.64707		grating		tz+	0.01	-58	38	142	 5
2.08	4.50	 8	0.66729		grating		dx+	1.00	-55	16	 0	 0
2.08	4.50	 8	0.66729		grating		dy+	1.00	-55	16	 0	 0
2.08	4.50	 8	0.66729		grating		dz+	1.00	-55	16	 0	 0
2.08	4.50	 8	0.66729		grating		tx+	0.01	-55	16	-1	162
2.08	4.50	 8	0.66729		grating		ty+	0.01	-55	16	185	 8
2.08	4.50	 8	0.66729		grating		tz+	0.01	-55	16	146	 6
2.08	4.50	 8	0.68751		grating		dx+	1.00	-52	-6	 0	 0
2.08	4.50	 8	0.68751		grating		dy+	1.00	-52	-6	 0	 0
2.08	4.50	 8	0.68751		grating		dz+	1.00	-52	-6	 0	 0
2.08	4.50	 8	0.68751		grating		tx+	0.01	-52	-6	 3	162
2.08	4.50	 8	0.68751		grating		ty+	0.01	-52	-6	183	10
2.08	4.50	 8	0.68751		grating		tz+	0.01	-52	-6	149	 8
2.08	4.50	 8	0.71043		grating		dx+	1.00	-49	-32	 0	 0
2.08	4.50	 8	0.71043		grating		dy+	1.00	-49	-32	 0	 0
2.08	4.50	 8	0.71043		grating		dz+	1.00	-49	-32	 0	 0
2.08	4.50	 8	0.71043		grating		tx+	0.01	-49	-32	 9	163
2.08	4.50	 8	0.71043		grating		ty+	0.01	-49	-32	180	11
2.08	4.50	 8	0.71043		grating		tz+	0.01	-49	-32	154	 9
2.08	4.50	 8	0.73344		grating		dx+	1.00	-48	-58	 0	 0
2.08	4.50	 8	0.73344		grating		dy+	1.00	-48	-58	 0	 0
2.08	4.50	 8	0.73344		grating		dz+	1.00	-48	-58	 0	 0
2.08	4.50	 8	0.73344		grating		tx+	0.01	-48	-58	16	164
2.08	4.50	 8	0.73344		grating		ty+	0.01	-48	-58	179	12
2.08	4.50	 8	0.73344		grating		tz+	0.01	-48	-58	160	11
2.08	4.50	 7	0.73334		grating		dx+	1.00	-57	44	 0	 0
2.08	4.50	 7	0.73334		grating		dy+	1.00	-57	44	 0	 0
2.08	4.50	 7	0.73334		grating		dz+	1.00	-57	44	 0	 0
2.08	4.50	 7	0.73334		grating		tx+	0.01	-57	44	-8	163
2.08	4.50	 7	0.73334		grating		ty+	0.01	-57	44	188	 7
2.08	4.50	 7	0.73334		grating		tz+	0.01	-57	44	141	 5
2.08	4.50	 7	0.75953		grating		dx+	1.00	-53	19	 0	 0
2.08	4.50	 7	0.75953		grating		dy+	1.00	-53	19	 0	 0
2.08	4.50	 7	0.75953		grating		dz+	1.00	-53	19	 0	 0
2.08	4.50	 7	0.75953		grating		tx+	0.01	-53	19	-2	162
2.08	4.50	 7	0.75953		grating		ty+	0.01	-53	19	185	 8
2.08	4.50	 7	0.75953		grating		tz+	0.01	-53	19	145	 6
2.08	4.50	 7	0.78573		grating		dx+	1.00	-49	-6	 0	 0
2.08	4.50	 7	0.78573		grating		dy+	1.00	-49	-6	 0	 0
2.08	4.50	 7	0.78573		grating		dz+	1.00	-49	-6	 0	 0
2.08	4.50	 7	0.78573		grating		tx+	0.01	-49	-6	 3	162
2.08	4.50	 7	0.78573		grating		ty+	0.01	-49	-6	182	10
2.08	4.50	 7	0.78573		grating		tz+	0.01	-49	-6	149	 8
2.08	4.50	 7	0.81595		grating		dx+	1.00	-47	-36	 0	 0
2.08	4.50	 7	0.81595		grating		dy+	1.00	-47	-36	 0	 0
2.08	4.50	 7	0.81595		grating		dz+	1.00	-47	-36	 0	 0
2.08	4.50	 7	0.81595		grating		tx+	0.01	-47	-36	10	163
2.08	4.50	 7	0.81595		grating		ty+	0.01	-47	-36	180	11
2.08	4.50	 7	0.81595		grating		tz+	0.01	-47	-36	155	 9
2.08	4.50	 7	0.84617		grating		dx+	1.00	-46	-66	 0	 0
2.08	4.50	 7	0.84617		grating		dy+	1.00	-46	-66	 0	 0
2.08	4.50	 7	0.84617		grating		dz+	1.00	-46	-66	 0	 0
2.08	4.50	 7	0.84617		grating		tx+	0.01	-46	-66	18	165
2.08	4.50	 7	0.84617		grating		ty+	0.01	-46	-66	178	13
2.08	4.50	 7	0.84617		grating		tz+	0.01	-46	-66	161	11
2.08	4.50	 6	0.84617		grating		dx+	1.00	-56	52	 0	 0
2.08	4.50	 6	0.84617		grating		dy+	1.00	-56	52	 0	 0
2.08	4.50	 6	0.84617		grating		dz+	1.00	-56	52	 0	 0
2.08	4.50	 6	0.84617		grating		tx+	0.01	-56	52	-10	163
2.08	4.50	 6	0.84617		grating		ty+	0.01	-56	52	189	 6
2.08	4.50	 6	0.84617		grating		tz+	0.01	-56	52	139	 5
2.08	4.50	 6	0.88142		grating		dx+	1.00	-51	23	 0	 0
2.08	4.50	 6	0.88142		grating		dy+	1.00	-51	23	 0	 0
2.08	4.50	 6	0.88142		grating		dz+	1.00	-51	23	 0	 0
2.08	4.50	 6	0.88142		grating		tx+	0.01	-51	23	-3	162
2.08	4.50	 6	0.88142		grating		ty+	0.01	-51	23	185	 8
2.08	4.50	 6	0.88142		grating		tz+	0.01	-51	23	143	 6
2.08	4.50	 6	0.91668		grating		dx+	1.00	-48	-6	 0	 0
2.08	4.50	 6	0.91668		grating		dy+	1.00	-48	-6	 0	 0
2.08	4.50	 6	0.91668		grating		dz+	1.00	-48	-6	 0	 0
2.08	4.50	 6	0.91668		grating		tx+	0.01	-48	-6	 3	162
2.08	4.50	 6	0.91668		grating		ty+	0.01	-48	-6	182	10
2.08	4.50	 6	0.91668		grating		tz+	0.01	-48	-6	148	 8
2.08	4.50	 6	0.95835		grating		dx+	1.00	-45	-41	 0	 0
2.08	4.50	 6	0.95835		grating		dy+	1.00	-45	-41	 0	 0
2.08	4.50	 6	0.95835		grating		dz+	1.00	-45	-41	 0	 0
2.08	4.50	 6	0.95835		grating		tx+	0.01	-45	-41	12	163
2.08	4.50	 6	0.95835		grating		ty+	0.01	-45	-41	179	11
2.08	4.50	 6	0.95835		grating		tz+	0.01	-45	-41	155	10
2.08	4.50	 6	1.00000		grating		dx+	1.00	-44	-77	 0	 0
2.08	4.50	 6	1.00000		grating		dy+	1.00	-44	-77	 0	 0
2.08	4.50	 6	1.00000		grating		dz+	1.00	-44	-77	 0	 0
2.08	4.50	 6	1.00000		grating		tx+	0.01	-44	-77	20	166
2.08	4.50	 6	1.00000		grating		ty+	0.01	-44	-77	177	13
2.08	4.50	 6	1.00000		grating		tz+	0.01	-44	-77	163	12
0.00	4.50	 9	0.57896		grating		dx+	1.00	-12	43	 0	 0
0.00	4.50	 9	0.57896		grating		dy+	1.00	-12	43	 0	 0
0.00	4.50	 9	0.57896		grating		dz+	1.00	-12	43	 0	 0
0.00	4.50	 9	0.57896		grating		tx+	0.01	-12	43	-7	165
0.00	4.50	 9	0.57896		grating		ty+	0.01	-12	43	181	 6
0.00	4.50	 9	0.57896		grating		tz+	0.01	-12	43	134	 4
0.00	4.50	 9	0.59504		grating		dx+	1.00	-9	23	 0	 0
0.00	4.50	 9	0.59504		grating		dy+	1.00	-9	23	 0	 0
0.00	4.50	 9	0.59504		grating		dz+	1.00	-9	23	 0	 0
0.00	4.50	 9	0.59504		grating		tx+	0.01	-9	23	-3	165
0.00	4.50	 9	0.59504		grating		ty+	0.01	-9	23	179	 7
0.00	4.50	 9	0.59504		grating		tz+	0.01	-9	23	137	 5
0.00	4.50	 9	0.61112		grating		dx+	1.00	-6	 4	 0	 0
0.00	4.50	 9	0.61112		grating		dy+	1.00	-6	 4	 0	 0
0.00	4.50	 9	0.61112		grating		dz+	1.00	-6	 4	 0	 0
0.00	4.50	 9	0.61112		grating		tx+	0.01	-6	 4	 1	165
0.00	4.50	 9	0.61112		grating		ty+	0.01	-6	 4	177	 7
0.00	4.50	 9	0.61112		grating		tz+	0.01	-6	 4	140	 6
0.00	4.50	 9	0.62909		grating		dx+	1.00	-3	-19	 0	 0
0.00	4.50	 9	0.62909		grating		dy+	1.00	-3	-19	 0	 0
0.00	4.50	 9	0.62909		grating		dz+	1.00	-3	-19	 0	 0
0.00	4.50	 9	0.62909		grating		tx+	0.01	-3	-19	 5	165
0.00	4.50	 9	0.62909		grating		ty+	0.01	-3	-19	175	 8
0.00	4.50	 9	0.62909		grating		tz+	0.01	-3	-19	144	 6
0.00	4.50	 9	0.64707		grating		dx+	1.00	-2	-41	 0	 0
0.00	4.50	 9	0.64707		grating		dy+	1.00	-2	-41	 0	 0
0.00	4.50	 9	0.64707		grating		dz+	1.00	-2	-41	 0	 0
0.00	4.50	 9	0.64707		grating		tx+	0.01	-2	-41	10	167
0.00	4.50	 9	0.64707		grating		ty+	0.01	-2	-41	174	 8
0.00	4.50	 9	0.64707		grating		tz+	0.01	-2	-41	148	 7
0.00	4.50	 8	0.64707		grating		dx+	1.00	-10	48	 0	 0
0.00	4.50	 8	0.64707		grating		dy+	1.00	-10	48	 0	 0
0.00	4.50	 8	0.64707		grating		dz+	1.00	-10	48	 0	 0
0.00	4.50	 8	0.64707		grating		tx+	0.01	-10	48	-8	166
0.00	4.50	 8	0.64707		grating		ty+	0.01	-10	48	182	 6
0.00	4.50	 8	0.64707		grating		tz+	0.01	-10	48	133	 4
0.00	4.50	 8	0.66729		grating		dx+	1.00	-7	26	 0	 0
0.00	4.50	 8	0.66729		grating		dy+	1.00	-7	26	 0	 0
0.00	4.50	 8	0.66729		grating		dz+	1.00	-7	26	 0	 0
0.00	4.50	 8	0.66729		grating		tx+	0.01	-7	26	-3	165
0.00	4.50	 8	0.66729		grating		ty+	0.01	-7	26	179	 7
0.00	4.50	 8	0.66729		grating		tz+	0.01	-7	26	136	 5
0.00	4.50	 8	0.68751		grating		dx+	1.00	-4	 4	 0	 0
0.00	4.50	 8	0.68751		grating		dy+	1.00	-4	 4	 0	 0
0.00	4.50	 8	0.68751		grating		dz+	1.00	-4	 4	 0	 0
0.00	4.50	 8	0.68751		grating		tx+	0.01	-4	 4	 1	165
0.00	4.50	 8	0.68751		grating		ty+	0.01	-4	 4	177	 7
0.00	4.50	 8	0.68751		grating		tz+	0.01	-4	 4	140	 6
0.00	4.50	 8	0.71043		grating		dx+	1.00	-1	-22	 0	 0
0.00	4.50	 8	0.71043		grating		dy+	1.00	-1	-22	 0	 0
0.00	4.50	 8	0.71043		grating		dz+	1.00	-1	-22	 0	 0
0.00	4.50	 8	0.71043		grating		tx+	0.01	-1	-22	 6	166
0.00	4.50	 8	0.71043		grating		ty+	0.01	-1	-22	175	 8
0.00	4.50	 8	0.71043		grating		tz+	0.01	-1	-22	144	 6
0.00	4.50	 8	0.73344		grating		dx+	1.00	 1	-47	 0	 0
0.00	4.50	 8	0.73344		grating		dy+	1.00	 1	-47	 0	 0
0.00	4.50	 8	0.73344		grating		dz+	1.00	 1	-47	 0	 0
0.00	4.50	 8	0.73344		grating		tx+	0.01	 1	-47	11	167
0.00	4.50	 8	0.73344		grating		ty+	0.01	 1	-47	173	 8
0.00	4.50	 8	0.73344		grating		tz+	0.01	 1	-47	149	 7
0.00	4.50	 7	0.73334		grating		dx+	1.00	-9	53	 0	 0
0.00	4.50	 7	0.73334		grating		dy+	1.00	-9	53	 0	 0
0.00	4.50	 7	0.73334		grating		dz+	1.00	-9	53	 0	 0
0.00	4.50	 7	0.73334		grating		tx+	0.01	-9	53	-9	166
0.00	4.50	 7	0.73334		grating		ty+	0.01	-9	53	182	 6
0.00	4.50	 7	0.73334		grating		tz+	0.01	-9	53	132	 4
0.00	4.50	 7	0.75953		grating		dx+	1.00	-5	29	 0	 0
0.00	4.50	 7	0.75953		grating		dy+	1.00	-5	29	 0	 0
0.00	4.50	 7	0.75953		grating		dz+	1.00	-5	29	 0	 0
0.00	4.50	 7	0.75953		grating		tx+	0.01	-5	29	-4	165
0.00	4.50	 7	0.75953		grating		ty+	0.01	-5	29	179	 7
0.00	4.50	 7	0.75953		grating		tz+	0.01	-5	29	135	 5
0.00	4.50	 7	0.78573		grating		dx+	1.00	-2	 4	 0	 0
0.00	4.50	 7	0.78573		grating		dy+	1.00	-2	 4	 0	 0
0.00	4.50	 7	0.78573		grating		dz+	1.00	-2	 4	 0	 0
0.00	4.50	 7	0.78573		grating		tx+	0.01	-2	 4	 1	165
0.00	4.50	 7	0.78573		grating		ty+	0.01	-2	 4	177	 7
0.00	4.50	 7	0.78573		grating		tz+	0.01	-2	 4	140	 6
0.00	4.50	 7	0.81595		grating		dx+	1.00	 1	-26	 0	 0
0.00	4.50	 7	0.81595		grating		dy+	1.00	 1	-26	 0	 0
0.00	4.50	 7	0.81595		grating		dz+	1.00	 1	-26	 0	 0
0.00	4.50	 7	0.81595		grating		tx+	0.01	 1	-26	 7	166
0.00	4.50	 7	0.81595		grating		ty+	0.01	 1	-26	174	 8
0.00	4.50	 7	0.81595		grating		tz+	0.01	 1	-26	145	 7
0.00	4.50	 7	0.84617		grating		dx+	1.00	 3	-55	 0	 0
0.00	4.50	 7	0.84617		grating		dy+	1.00	 3	-55	 0	 0
0.00	4.50	 7	0.84617		grating		dz+	1.00	 3	-55	 0	 0
0.00	4.50	 7	0.84617		grating		tx+	0.01	 3	-55	13	168
0.00	4.50	 7	0.84617		grating		ty+	0.01	 3	-55	172	 9
0.00	4.50	 7	0.84617		grating		tz+	0.01	 3	-55	151	 7
0.00	4.50	 6	0.84617		grating		dx+	1.00	-8	61	 0	 0
0.00	4.50	 6	0.84617		grating		dy+	1.00	-8	61	 0	 0
0.00	4.50	 6	0.84617		grating		dz+	1.00	-8	61	 0	 0
0.00	4.50	 6	0.84617		grating		tx+	0.01	-8	61	-11	166
0.00	4.50	 6	0.84617		grating		ty+	0.01	-8	61	182	 6
0.00	4.50	 6	0.84617		grating		tz+	0.01	-8	61	130	 4
0.00	4.50	 6	0.88142		grating		dx+	1.00	-4	32	 0	 0
0.00	4.50	 6	0.88142		grating		dy+	1.00	-4	32	 0	 0
0.00	4.50	 6	0.88142		grating		dz+	1.00	-4	32	 0	 0
0.00	4.50	 6	0.88142		grating		tx+	0.01	-4	32	-4	165
0.00	4.50	 6	0.88142		grating		ty+	0.01	-4	32	179	 7
0.00	4.50	 6	0.88142		grating		tz+	0.01	-4	32	134	 5
0.00	4.50	 6	0.91668		grating		dx+	1.00	 0	 4	 0	 0
0.00	4.50	 6	0.91668		grating		dy+	1.00	 0	 4	 0	 0
0.00	4.50	 6	0.91668		grating		dz+	1.00	 0	 4	 0	 0
0.00	4.50	 6	0.91668		grating		tx+	0.01	 0	 4	 1	165
0.00	4.50	 6	0.91668		grating		ty+	0.01	 0	 4	176	 7
0.00	4.50	 6	0.91668		grating		tz+	0.01	 0	 4	139	 6
0.00	4.50	 6	0.95835		grating		dx+	1.00	 3	-31	 0	 0
0.00	4.50	 6	0.95835		grating		dy+	1.00	 3	-31	 0	 0
0.00	4.50	 6	0.95835		grating		dz+	1.00	 3	-31	 0	 0
0.00	4.50	 6	0.95835		grating		tx+	0.01	 3	-31	 8	166
0.00	4.50	 6	0.95835		grating		ty+	0.01	 3	-31	174	 8
0.00	4.50	 6	0.95835		grating		tz+	0.01	 3	-31	145	 7
0.00	4.50	 6	1.00000		grating		dx+	1.00	 5	-66	 0	 0
0.00	4.50	 6	1.00000		grating		dy+	1.00	 5	-66	 0	 0
0.00	4.50	 6	1.00000		grating		dz+	1.00	 5	-66	 0	 0
0.00	4.50	 6	1.00000		grating		tx+	0.01	 5	-66	15	169
0.00	4.50	 6	1.00000		grating		ty+	0.01	 5	-66	172	 9
0.00	4.50	 6	1.00000		grating		tz+	0.01	 5	-66	153	 8
-2.08	4.50	 9	0.57896		grating		dx+	1.00	34	49	 0	 0
-2.08	4.50	 9	0.57896		grating		dy+	1.00	34	49	 0	 0
-2.08	4.50	 9	0.57896		grating		dz+	1.00	34	49	 0	 0
-2.08	4.50	 9	0.57896		grating		tx+	0.01	34	49	-7	169
-2.08	4.50	 9	0.57896		grating		ty+	0.01	34	49	178	 5
-2.08	4.50	 9	0.57896		grating		tz+	0.01	34	49	128	 3
-2.08	4.50	 9	0.59504		grating		dx+	1.00	37	30	 0	 0
-2.08	4.50	 9	0.59504		grating		dy+	1.00	37	30	 0	 0
-2.08	4.50	 9	0.59504		grating		dz+	1.00	37	30	 0	 0
-2.08	4.50	 9	0.59504		grating		tx+	0.01	37	30	-3	168
-2.08	4.50	 9	0.59504		grating		ty+	0.01	37	30	176	 5
-2.08	4.50	 9	0.59504		grating		tz+	0.01	37	30	131	 4
-2.08	4.50	 9	0.61112		grating		dx+	1.00	39	10	 0	 0
-2.08	4.50	 9	0.61112		grating		dy+	1.00	39	10	 0	 0
-2.08	4.50	 9	0.61112		grating		dz+	1.00	39	10	 0	 0
-2.08	4.50	 9	0.61112		grating		tx+	0.01	39	10	 0	168
-2.08	4.50	 9	0.61112		grating		ty+	0.01	39	10	175	 5
-2.08	4.50	 9	0.61112		grating		tz+	0.01	39	10	134	 4
-2.08	4.50	 9	0.62909		grating		dx+	1.00	42	-12	 0	 0
-2.08	4.50	 9	0.62909		grating		dy+	1.00	42	-12	 0	 0
-2.08	4.50	 9	0.62909		grating		dz+	1.00	42	-12	 0	 0
-2.08	4.50	 9	0.62909		grating		tx+	0.01	42	-12	 3	168
-2.08	4.50	 9	0.62909		grating		ty+	0.01	42	-12	173	 5
-2.08	4.50	 9	0.62909		grating		tz+	0.01	42	-12	138	 4
-2.08	4.50	 9	0.64707		grating		dx+	1.00	44	-34	 0	 0
-2.08	4.50	 9	0.64707		grating		dy+	1.00	44	-34	 0	 0
-2.08	4.50	 9	0.64707		grating		dz+	1.00	44	-34	 0	 0
-2.08	4.50	 9	0.64707		grating		tx+	0.01	44	-34	 8	170
-2.08	4.50	 9	0.64707		grating		ty+	0.01	44	-34	171	 5
-2.08	4.50	 9	0.64707		grating		tz+	0.01	44	-34	142	 4
-2.08	4.50	 8	0.64707		grating		dx+	1.00	35	54	 0	 0
-2.08	4.50	 8	0.64707		grating		dy+	1.00	35	54	 0	 0
-2.08	4.50	 8	0.64707		grating		dz+	1.00	35	54	 0	 0
-2.08	4.50	 8	0.64707		grating		tx+	0.01	35	54	-8	169
-2.08	4.50	 8	0.64707		grating		ty+	0.01	35	54	178	 5
-2.08	4.50	 8	0.64707		grating		tz+	0.01	35	54	127	 3
-2.08	4.50	 8	0.66729		grating		dx+	1.00	39	32	 0	 0
-2.08	4.50	 8	0.66729		grating		dy+	1.00	39	32	 0	 0
-2.08	4.50	 8	0.66729		grating		dz+	1.00	39	32	 0	 0
-2.08	4.50	 8	0.66729		grating		tx+	0.01	39	32	-4	168
-2.08	4.50	 8	0.66729		grating		ty+	0.01	39	32	176	 5
-2.08	4.50	 8	0.66729		grating		tz+	0.01	39	32	131	 4
-2.08	4.50	 8	0.68751		grating		dx+	1.00	42	10	 0	 0
-2.08	4.50	 8	0.68751		grating		dy+	1.00	42	10	 0	 0
-2.08	4.50	 8	0.68751		grating		dz+	1.00	42	10	 0	 0
-2.08	4.50	 8	0.68751		grating		tx+	0.01	42	10	 0	168
-2.08	4.50	 8	0.68751		grating		ty+	0.01	42	10	174	 5
-2.08	4.50	 8	0.68751		grating		tz+	0.01	42	10	134	 4
-2.08	4.50	 8	0.71043		grating		dx+	1.00	44	-15	 0	 0
-2.08	4.50	 8	0.71043		grating		dy+	1.00	44	-15	 0	 0
-2.08	4.50	 8	0.71043		grating		dz+	1.00	44	-15	 0	 0
-2.08	4.50	 8	0.71043		grating		tx+	0.01	44	-15	 4	169
-2.08	4.50	 8	0.71043		grating		ty+	0.01	44	-15	172	 5
-2.08	4.50	 8	0.71043		grating		tz+	0.01	44	-15	139	 4
-2.08	4.50	 8	0.73344		grating		dx+	1.00	46	-41	 0	 0
-2.08	4.50	 8	0.73344		grating		dy+	1.00	46	-41	 0	 0
-2.08	4.50	 8	0.73344		grating		dz+	1.00	46	-41	 0	 0
-2.08	4.50	 8	0.73344		grating		tx+	0.01	46	-41	 9	170
-2.08	4.50	 8	0.73344		grating		ty+	0.01	46	-41	171	 5
-2.08	4.50	 8	0.73344		grating		tz+	0.01	46	-41	143	 4
-2.08	4.50	 7	0.73334		grating		dx+	1.00	37	59	 0	 0
-2.08	4.50	 7	0.73334		grating		dy+	1.00	37	59	 0	 0
-2.08	4.50	 7	0.73334		grating		dz+	1.00	37	59	 0	 0
-2.08	4.50	 7	0.73334		grating		tx+	0.01	37	59	-9	169
-2.08	4.50	 7	0.73334		grating		ty+	0.01	37	59	179	 5
-2.08	4.50	 7	0.73334		grating		tz+	0.01	37	59	126	 3
-2.08	4.50	 7	0.75953		grating		dx+	1.00	40	35	 0	 0
-2.08	4.50	 7	0.75953		grating		dy+	1.00	40	35	 0	 0
-2.08	4.50	 7	0.75953		grating		dz+	1.00	40	35	 0	 0
-2.08	4.50	 7	0.75953		grating		tx+	0.01	40	35	-4	168
-2.08	4.50	 7	0.75953		grating		ty+	0.01	40	35	176	 5
-2.08	4.50	 7	0.75953		grating		tz+	0.01	40	35	130	 4
-2.08	4.50	 7	0.78573		grating		dx+	1.00	44	10	 0	 0
-2.08	4.50	 7	0.78573		grating		dy+	1.00	44	10	 0	 0
-2.08	4.50	 7	0.78573		grating		dz+	1.00	44	10	 0	 0
-2.08	4.50	 7	0.78573		grating		tx+	0.01	44	10	 0	168
-2.08	4.50	 7	0.78573		grating		ty+	0.01	44	10	174	 5
-2.08	4.50	 7	0.78573		grating		tz+	0.01	44	10	134	 4
-2.08	4.50	 7	0.81595		grating		dx+	1.00	46	-19	 0	 0
-2.08	4.50	 7	0.81595		grating		dy+	1.00	46	-19	 0	 0
-2.08	4.50	 7	0.81595		grating		dz+	1.00	46	-19	 0	 0
-2.08	4.50	 7	0.81595		grating		tx+	0.01	46	-19	 5	169
-2.08	4.50	 7	0.81595		grating		ty+	0.01	46	-19	172	 5
-2.08	4.50	 7	0.81595		grating		tz+	0.01	46	-19	139	 4
-2.08	4.50	 7	0.84617		grating		dx+	1.00	48	-48	 0	 0
-2.08	4.50	 7	0.84617		grating		dy+	1.00	48	-48	 0	 0
-2.08	4.50	 7	0.84617		grating		dz+	1.00	48	-48	 0	 0
-2.08	4.50	 7	0.84617		grating		tx+	0.01	48	-48	10	171
-2.08	4.50	 7	0.84617		grating		ty+	0.01	48	-48	170	 5
-2.08	4.50	 7	0.84617		grating		tz+	0.01	48	-48	145	 4
-2.08	4.50	 6	0.84617		grating		dx+	1.00	37	67	 0	 0
-2.08	4.50	 6	0.84617		grating		dy+	1.00	37	67	 0	 0
-2.08	4.50	 6	0.84617		grating		dz+	1.00	37	67	 0	 0
-2.08	4.50	 6	0.84617		grating		tx+	0.01	37	67	-10	170
-2.08	4.50	 6	0.84617		grating		ty+	0.01	37	67	179	 5
-2.08	4.50	 6	0.84617		grating		tz+	0.01	37	67	125	 3
-2.08	4.50	 6	0.88142		grating		dx+	1.00	42	39	 0	 0
-2.08	4.50	 6	0.88142		grating		dy+	1.00	42	39	 0	 0
-2.08	4.50	 6	0.88142		grating		dz+	1.00	42	39	 0	 0
-2.08	4.50	 6	0.88142		grating		tx+	0.01	42	39	-5	168
-2.08	4.50	 6	0.88142		grating		ty+	0.01	42	39	177	 5
-2.08	4.50	 6	0.88142		grating		tz+	0.01	42	39	129	 4
-2.08	4.50	 6	0.91668		grating		dx+	1.00	45	10	 0	 0
-2.08	4.50	 6	0.91668		grating		dy+	1.00	45	10	 0	 0
-2.08	4.50	 6	0.91668		grating		dz+	1.00	45	10	 0	 0
-2.08	4.50	 6	0.91668		grating		tx+	0.01	45	10	 0	168
-2.08	4.50	 6	0.91668		grating		ty+	0.01	45	10	174	 5
-2.08	4.50	 6	0.91668		grating		tz+	0.01	45	10	134	 4
-2.08	4.50	 6	0.95835		grating		dx+	1.00	48	-24	 0	 0
-2.08	4.50	 6	0.95835		grating		dy+	1.00	48	-24	 0	 0
-2.08	4.50	 6	0.95835		grating		dz+	1.00	48	-24	 0	 0
-2.08	4.50	 6	0.95835		grating		tx+	0.01	48	-24	 6	169
-2.08	4.50	 6	0.95835		grating		ty+	0.01	48	-24	172	 5
-2.08	4.50	 6	0.95835		grating		tz+	0.01	48	-24	140	 4
-2.08	4.50	 6	1.00000		grating		dx+	1.00	51	-59	 0	 0
-2.08	4.50	 6	1.00000		grating		dy+	1.00	51	-59	 0	 0
-2.08	4.50	 6	1.00000		grating		dz+	1.00	51	-59	 0	 0
-2.08	4.50	 6	1.00000		grating		tx+	0.01	51	-59	12	172
-2.08	4.50	 6	1.00000		grating		ty+	0.01	51	-59	169	 5
-2.08	4.50	 6	1.00000		grating		tz+	0.01	51	-59	146	 4
-4.15	4.50	 9	0.57896		grating		dx+	1.00	78	52	 0	 0
-4.15	4.50	 9	0.57896		grating		dy+	1.00	78	52	 0	 0
-4.15	4.50	 9	0.57896		grating		dz+	1.00	78	52	 0	 0
-4.15	4.50	 9	0.57896		grating		tx+	0.01	78	52	-7	172
-4.15	4.50	 9	0.57896		grating		ty+	0.01	78	52	177	 3
-4.15	4.50	 9	0.57896		grating		tz+	0.01	78	52	125	 2
-4.15	4.50	 9	0.59504		grating		dx+	1.00	81	33	 0	 0
-4.15	4.50	 9	0.59504		grating		dy+	1.00	81	33	 0	 0
-4.15	4.50	 9	0.59504		grating		dz+	1.00	81	33	 0	 0
-4.15	4.50	 9	0.59504		grating		tx+	0.01	81	33	-3	171
-4.15	4.50	 9	0.59504		grating		ty+	0.01	81	33	175	 3
-4.15	4.50	 9	0.59504		grating		tz+	0.01	81	33	128	 2
-4.15	4.50	 9	0.61112		grating		dx+	1.00	83	13	 0	 0
-4.15	4.50	 9	0.61112		grating		dy+	1.00	83	13	 0	 0
-4.15	4.50	 9	0.61112		grating		dz+	1.00	83	13	 0	 0
-4.15	4.50	 9	0.61112		grating		tx+	0.01	83	13	 0	171
-4.15	4.50	 9	0.61112		grating		ty+	0.01	83	13	174	 3
-4.15	4.50	 9	0.61112		grating		tz+	0.01	83	13	131	 2
-4.15	4.50	 9	0.62909		grating		dx+	1.00	86	-9	 0	 0
-4.15	4.50	 9	0.62909		grating		dy+	1.00	86	-9	 0	 0
-4.15	4.50	 9	0.62909		grating		dz+	1.00	86	-9	 0	 0
-4.15	4.50	 9	0.62909		grating		tx+	0.01	86	-9	 2	172
-4.15	4.50	 9	0.62909		grating		ty+	0.01	86	-9	172	 2
-4.15	4.50	 9	0.62909		grating		tz+	0.01	86	-9	135	 2
-4.15	4.50	 9	0.64707		grating		dx+	1.00	88	-31	 0	 0
-4.15	4.50	 9	0.64707		grating		dy+	1.00	88	-31	 0	 0
-4.15	4.50	 9	0.64707		grating		dz+	1.00	88	-31	 0	 0
-4.15	4.50	 9	0.64707		grating		tx+	0.01	88	-31	 6	173
-4.15	4.50	 9	0.64707		grating		ty+	0.01	88	-31	171	 2
-4.15	4.50	 9	0.64707		grating		tz+	0.01	88	-31	139	 1
-4.15	4.50	 8	0.64707		grating		dx+	1.00	79	57	 0	 0
-4.15	4.50	 8	0.64707		grating		dy+	1.00	79	57	 0	 0
-4.15	4.50	 8	0.64707		grating		dz+	1.00	79	57	 0	 0
-4.15	4.50	 8	0.64707		grating		tx+	0.01	79	57	-8	172
-4.15	4.50	 8	0.64707		grating		ty+	0.01	79	57	177	 3
-4.15	4.50	 8	0.64707		grating		tz+	0.01	79	57	124	 2
-4.15	4.50	 8	0.66729		grating		dx+	1.00	82	35	 0	 0
-4.15	4.50	 8	0.66729		grating		dy+	1.00	82	35	 0	 0
-4.15	4.50	 8	0.66729		grating		dz+	1.00	82	35	 0	 0
-4.15	4.50	 8	0.66729		grating		tx+	0.01	82	35	-4	171
-4.15	4.50	 8	0.66729		grating		ty+	0.01	82	35	175	 3
-4.15	4.50	 8	0.66729		grating		tz+	0.01	82	35	128	 2
-4.15	4.50	 8	0.68751		grating		dx+	1.00	85	13	 0	 0
-4.15	4.50	 8	0.68751		grating		dy+	1.00	85	13	 0	 0
-4.15	4.50	 8	0.68751		grating		dz+	1.00	85	13	 0	 0
-4.15	4.50	 8	0.68751		grating		tx+	0.01	85	13	 0	171
-4.15	4.50	 8	0.68751		grating		ty+	0.01	85	13	174	 3
-4.15	4.50	 8	0.68751		grating		tz+	0.01	85	13	131	 2
-4.15	4.50	 8	0.71043		grating		dx+	1.00	88	-12	 0	 0
-4.15	4.50	 8	0.71043		grating		dy+	1.00	88	-12	 0	 0
-4.15	4.50	 8	0.71043		grating		dz+	1.00	88	-12	 0	 0
-4.15	4.50	 8	0.71043		grating		tx+	0.01	88	-12	 3	172
-4.15	4.50	 8	0.71043		grating		ty+	0.01	88	-12	172	 2
-4.15	4.50	 8	0.71043		grating		tz+	0.01	88	-12	135	 2
-4.15	4.50	 8	0.73344		grating		dx+	1.00	90	-38	 0	 0
-4.15	4.50	 8	0.73344		grating		dy+	1.00	90	-38	 0	 0
-4.15	4.50	 8	0.73344		grating		dz+	1.00	90	-38	 0	 0
-4.15	4.50	 8	0.73344		grating		tx+	0.01	90	-38	 7	173
-4.15	4.50	 8	0.73344		grating		ty+	0.01	90	-38	170	 2
-4.15	4.50	 8	0.73344		grating		tz+	0.01	90	-38	140	 1
-4.15	4.50	 7	0.73334		grating		dx+	1.00	80	63	 0	 0
-4.15	4.50	 7	0.73334		grating		dy+	1.00	80	63	 0	 0
-4.15	4.50	 7	0.73334		grating		dz+	1.00	80	63	 0	 0
-4.15	4.50	 7	0.73334		grating		tx+	0.01	80	63	-9	172
-4.15	4.50	 7	0.73334		grating		ty+	0.01	80	63	178	 3
-4.15	4.50	 7	0.73334		grating		tz+	0.01	80	63	123	 2
-4.15	4.50	 7	0.75953		grating		dx+	1.00	84	38	 0	 0
-4.15	4.50	 7	0.75953		grating		dy+	1.00	84	38	 0	 0
-4.15	4.50	 7	0.75953		grating		dz+	1.00	84	38	 0	 0
-4.15	4.50	 7	0.75953		grating		tx+	0.01	84	38	-4	171
-4.15	4.50	 7	0.75953		grating		ty+	0.01	84	38	176	 3
-4.15	4.50	 7	0.75953		grating		tz+	0.01	84	38	127	 2
-4.15	4.50	 7	0.78573		grating		dx+	1.00	87	13	 0	 0
-4.15	4.50	 7	0.78573		grating		dy+	1.00	87	13	 0	 0
-4.15	4.50	 7	0.78573		grating		dz+	1.00	87	13	 0	 0
-4.15	4.50	 7	0.78573		grating		tx+	0.01	87	13	 0	171
-4.15	4.50	 7	0.78573		grating		ty+	0.01	87	13	174	 3
-4.15	4.50	 7	0.78573		grating		tz+	0.01	87	13	131	 2
-4.15	4.50	 7	0.81595		grating		dx+	1.00	90	-16	 0	 0
-4.15	4.50	 7	0.81595		grating		dy+	1.00	90	-16	 0	 0
-4.15	4.50	 7	0.81595		grating		dz+	1.00	90	-16	 0	 0
-4.15	4.50	 7	0.81595		grating		tx+	0.01	90	-16	 4	172
-4.15	4.50	 7	0.81595		grating		ty+	0.01	90	-16	172	 2
-4.15	4.50	 7	0.81595		grating		tz+	0.01	90	-16	136	 1
-4.15	4.50	 7	0.84617		grating		dx+	1.00	92	-45	 0	 0
-4.15	4.50	 7	0.84617		grating		dy+	1.00	92	-45	 0	 0
-4.15	4.50	 7	0.84617		grating		dz+	1.00	92	-45	 0	 0
-4.15	4.50	 7	0.84617		grating		tx+	0.01	92	-45	 8	174
-4.15	4.50	 7	0.84617		grating		ty+	0.01	92	-45	170	 1
-4.15	4.50	 7	0.84617		grating		tz+	0.01	92	-45	141	 1
-4.15	4.50	 6	0.84617		grating		dx+	1.00	81	70	 0	 0
-4.15	4.50	 6	0.84617		grating		dy+	1.00	81	70	 0	 0
-4.15	4.50	 6	0.84617		grating		dz+	1.00	81	70	 0	 0
-4.15	4.50	 6	0.84617		grating		tx+	0.01	81	70	-10	172
-4.15	4.50	 6	0.84617		grating		ty+	0.01	81	70	178	 4
-4.15	4.50	 6	0.84617		grating		tz+	0.01	81	70	122	 2
-4.15	4.50	 6	0.88142		grating		dx+	1.00	85	42	 0	 0
-4.15	4.50	 6	0.88142		grating		dy+	1.00	85	42	 0	 0
-4.15	4.50	 6	0.88142		grating		dz+	1.00	85	42	 0	 0
-4.15	4.50	 6	0.88142		grating		tx+	0.01	85	42	-5	172
-4.15	4.50	 6	0.88142		grating		ty+	0.01	85	42	176	 3
-4.15	4.50	 6	0.88142		grating		tz+	0.01	85	42	126	 2
-4.15	4.50	 6	0.91668		grating		dx+	1.00	89	13	 0	 0
-4.15	4.50	 6	0.91668		grating		dy+	1.00	89	13	 0	 0
-4.15	4.50	 6	0.91668		grating		dz+	1.00	89	13	 0	 0
-4.15	4.50	 6	0.91668		grating		tx+	0.01	89	13	 0	172
-4.15	4.50	 6	0.91668		grating		ty+	0.01	89	13	174	 3
-4.15	4.50	 6	0.91668		grating		tz+	0.01	89	13	131	 2
-4.15	4.50	 6	0.95835		grating		dx+	1.00	92	-21	 0	 0
-4.15	4.50	 6	0.95835		grating		dy+	1.00	92	-21	 0	 0
-4.15	4.50	 6	0.95835		grating		dz+	1.00	92	-21	 0	 0
-4.15	4.50	 6	0.95835		grating		tx+	0.01	92	-21	 5	173
-4.15	4.50	 6	0.95835		grating		ty+	0.01	92	-21	171	 2
-4.15	4.50	 6	0.95835		grating		tz+	0.01	92	-21	137	 1
-4.15	4.50	 6	1.00000		grating		dx+	1.00	94	-56	 0	 0
-4.15	4.50	 6	1.00000		grating		dy+	1.00	94	-56	 0	 0
-4.15	4.50	 6	1.00000		grating		dz+	1.00	94	-56	 0	 0
-4.15	4.50	 6	1.00000		grating		tx+	0.01	94	-56	10	175
-4.15	4.50	 6	1.00000		grating		ty+	0.01	94	-56	169	 1
-4.15	4.50	 6	1.00000		grating		tz+	0.01	94	-56	143	 1
4.15	5.25	 9	0.57896		grating		dx+	1.00	-112	12	 0	 0
4.15	5.25	 9	0.57896		grating		dy+	1.00	-112	12	 0	 0
4.15	5.25	 9	0.57896		grating		dz+	1.00	-112	12	 0	 0
4.15	5.25	 9	0.57896		grating		tx+	0.01	-112	12	-1	161
4.15	5.25	 9	0.57896		grating		ty+	0.01	-112	12	200	 9
4.15	5.25	 9	0.57896		grating		tz+	0.01	-112	12	158	 7
4.15	5.25	 9	0.59504		grating		dx+	1.00	-109	-9	 0	 0
4.15	5.25	 9	0.59504		grating		dy+	1.00	-109	-9	 0	 0
4.15	5.25	 9	0.59504		grating		dz+	1.00	-109	-9	 0	 0
4.15	5.25	 9	0.59504		grating		tx+	0.01	-109	-9	 4	161
4.15	5.25	 9	0.59504		grating		ty+	0.01	-109	-9	197	11
4.15	5.25	 9	0.59504		grating		tz+	0.01	-109	-9	161	 9
4.15	5.25	 9	0.61112		grating		dx+	1.00	-106	-30	 0	 0
4.15	5.25	 9	0.61112		grating		dy+	1.00	-106	-30	 0	 0
4.15	5.25	 9	0.61112		grating		dz+	1.00	-106	-30	 0	 0
4.15	5.25	 9	0.61112		grating		tx+	0.01	-106	-30	10	162
4.15	5.25	 9	0.61112		grating		ty+	0.01	-106	-30	195	13
4.15	5.25	 9	0.61112		grating		tz+	0.01	-106	-30	165	11
4.15	5.25	 9	0.62909		grating		dx+	1.00	-105	-53	 0	 0
4.15	5.25	 9	0.62909		grating		dy+	1.00	-105	-53	 0	 0
4.15	5.25	 9	0.62909		grating		dz+	1.00	-105	-53	 0	 0
4.15	5.25	 9	0.62909		grating		tx+	0.01	-105	-53	16	163
4.15	5.25	 9	0.62909		grating		ty+	0.01	-105	-53	193	14
4.15	5.25	 9	0.62909		grating		tz+	0.01	-105	-53	170	13
4.15	5.25	 9	0.64707		grating		dx+	1.00	-104	-77	 0	 0
4.15	5.25	 9	0.64707		grating		dy+	1.00	-104	-77	 0	 0
4.15	5.25	 9	0.64707		grating		dz+	1.00	-104	-77	 0	 0
4.15	5.25	 9	0.64707		grating		tx+	0.01	-104	-77	23	164
4.15	5.25	 9	0.64707		grating		ty+	0.01	-104	-77	190	16
4.15	5.25	 9	0.64707		grating		tz+	0.01	-104	-77	175	15
4.15	5.25	 8	0.64707		grating		dx+	1.00	-110	16	 0	 0
4.15	5.25	 8	0.64707		grating		dy+	1.00	-110	16	 0	 0
4.15	5.25	 8	0.64707		grating		dz+	1.00	-110	16	 0	 0
4.15	5.25	 8	0.64707		grating		tx+	0.01	-110	16	-2	162
4.15	5.25	 8	0.64707		grating		ty+	0.01	-110	16	200	 9
4.15	5.25	 8	0.64707		grating		tz+	0.01	-110	16	156	 7
4.15	5.25	 8	0.66729		grating		dx+	1.00	-106	-6	 0	 0
4.15	5.25	 8	0.66729		grating		dy+	1.00	-106	-6	 0	 0
4.15	5.25	 8	0.66729		grating		dz+	1.00	-106	-6	 0	 0
4.15	5.25	 8	0.66729		grating		tx+	0.01	-106	-6	 3	161
4.15	5.25	 8	0.66729		grating		ty+	0.01	-106	-6	197	11
4.15	5.25	 8	0.66729		grating		tz+	0.01	-106	-6	160	 9
4.15	5.25	 8	0.68751		grating		dx+	1.00	-104	-29	 0	 0
4.15	5.25	 8	0.68751		grating		dy+	1.00	-104	-29	 0	 0
4.15	5.25	 8	0.68751		grating		dz+	1.00	-104	-29	 0	 0
4.15	5.25	 8	0.68751		grating		tx+	0.01	-104	-29	10	162
4.15	5.25	 8	0.68751		grating		ty+	0.01	-104	-29	194	13
4.15	5.25	 8	0.68751		grating		tz+	0.01	-104	-29	164	11
4.15	5.25	 8	0.71043		grating		dx+	1.00	-102	-56	 0	 0
4.15	5.25	 8	0.71043		grating		dy+	1.00	-102	-56	 0	 0
4.15	5.25	 8	0.71043		grating		dz+	1.00	-102	-56	 0	 0
4.15	5.25	 8	0.71043		grating		tx+	0.01	-102	-56	17	163
4.15	5.25	 8	0.71043		grating		ty+	0.01	-102	-56	192	15
4.15	5.25	 8	0.71043		grating		tz+	0.01	-102	-56	170	13
4.15	5.25	 8	0.73344		grating		dx+	1.00	-101	-83	 0	 0
4.15	5.25	 8	0.73344		grating		dy+	1.00	-101	-83	 0	 0
4.15	5.25	 8	0.73344		grating		dz+	1.00	-101	-83	 0	 0
4.15	5.25	 8	0.73344		grating		tx+	0.01	-101	-83	24	165
4.15	5.25	 8	0.73344		grating		ty+	0.01	-101	-83	189	16
4.15	5.25	 8	0.73344		grating		tz+	0.01	-101	-83	176	15
4.15	5.25	 7	0.73334		grating		dx+	1.00	-108	22	 0	 0
4.15	5.25	 7	0.73334		grating		dy+	1.00	-108	22	 0	 0
4.15	5.25	 7	0.73334		grating		dz+	1.00	-108	22	 0	 0
4.15	5.25	 7	0.73334		grating		tx+	0.01	-108	22	-4	162
4.15	5.25	 7	0.73334		grating		ty+	0.01	-108	22	200	 9
4.15	5.25	 7	0.73334		grating		tz+	0.01	-108	22	154	 7
4.15	5.25	 7	0.75953		grating		dx+	1.00	-104	-3	 0	 0
4.15	5.25	 7	0.75953		grating		dy+	1.00	-104	-3	 0	 0
4.15	5.25	 7	0.75953		grating		dz+	1.00	-104	-3	 0	 0
4.15	5.25	 7	0.75953		grating		tx+	0.01	-104	-3	 2	161
4.15	5.25	 7	0.75953		grating		ty+	0.01	-104	-3	196	11
4.15	5.25	 7	0.75953		grating		tz+	0.01	-104	-3	159	 9
4.15	5.25	 7	0.78573		grating		dx+	1.00	-101	-29	 0	 0
4.15	5.25	 7	0.78573		grating		dy+	1.00	-101	-29	 0	 0
4.15	5.25	 7	0.78573		grating		dz+	1.00	-101	-29	 0	 0
4.15	5.25	 7	0.78573		grating		tx+	0.01	-101	-29	10	162
4.15	5.25	 7	0.78573		grating		ty+	0.01	-101	-29	193	13
4.15	5.25	 7	0.78573		grating		tz+	0.01	-101	-29	164	11
4.15	5.25	 7	0.81595		grating		dx+	1.00	-100	-60	 0	 0
4.15	5.25	 7	0.81595		grating		dy+	1.00	-100	-60	 0	 0
4.15	5.25	 7	0.81595		grating		dz+	1.00	-100	-60	 0	 0
4.15	5.25	 7	0.81595		grating		tx+	0.01	-100	-60	18	163
4.15	5.25	 7	0.81595		grating		ty+	0.01	-100	-60	191	15
4.15	5.25	 7	0.81595		grating		tz+	0.01	-100	-60	170	13
4.15	5.25	 7	0.84617		grating		dx+	1.00	-99	-91	 0	 0
4.15	5.25	 7	0.84617		grating		dy+	1.00	-99	-91	 0	 0
4.15	5.25	 7	0.84617		grating		dz+	1.00	-99	-91	 0	 0
4.15	5.25	 7	0.84617		grating		tx+	0.01	-99	-91	26	165
4.15	5.25	 7	0.84617		grating		ty+	0.01	-99	-91	188	17
4.15	5.25	 7	0.84617		grating		tz+	0.01	-99	-91	177	16
4.15	5.25	 6	0.84617		grating		dx+	1.00	-107	30	 0	 0
4.15	5.25	 6	0.84617		grating		dy+	1.00	-107	30	 0	 0
4.15	5.25	 6	0.84617		grating		dz+	1.00	-107	30	 0	 0
4.15	5.25	 6	0.84617		grating		tx+	0.01	-107	30	-6	162
4.15	5.25	 6	0.84617		grating		ty+	0.01	-107	30	200	 8
4.15	5.25	 6	0.84617		grating		tz+	0.01	-107	30	152	 6
4.15	5.25	 6	0.88142		grating		dx+	1.00	-102	 1	 0	 0
4.15	5.25	 6	0.88142		grating		dy+	1.00	-102	 1	 0	 0
4.15	5.25	 6	0.88142		grating		dz+	1.00	-102	 1	 0	 0
4.15	5.25	 6	0.88142		grating		tx+	0.01	-102	 1	 1	161
4.15	5.25	 6	0.88142		grating		ty+	0.01	-102	 1	196	11
4.15	5.25	 6	0.88142		grating		tz+	0.01	-102	 1	157	 8
4.15	5.25	 6	0.91668		grating		dx+	1.00	-99	-29	 0	 0
4.15	5.25	 6	0.91668		grating		dy+	1.00	-99	-29	 0	 0
4.15	5.25	 6	0.91668		grating		dz+	1.00	-99	-29	 0	 0
4.15	5.25	 6	0.91668		grating		tx+	0.01	-99	-29	10	162
4.15	5.25	 6	0.91668		grating		ty+	0.01	-99	-29	193	13
4.15	5.25	 6	0.91668		grating		tz+	0.01	-99	-29	163	11
4.15	5.25	 6	0.95835		grating		dx+	1.00	-97	-65	 0	 0
4.15	5.25	 6	0.95835		grating		dy+	1.00	-97	-65	 0	 0
4.15	5.25	 6	0.95835		grating		dz+	1.00	-97	-65	 0	 0
4.15	5.25	 6	0.95835		grating		tx+	0.01	-97	-65	19	164
4.15	5.25	 6	0.95835		grating		ty+	0.01	-97	-65	190	16
4.15	5.25	 6	0.95835		grating		tz+	0.01	-97	-65	171	14
4.15	5.25	 6	1.00000		grating		dx+	1.00	-98	-103	 0	 0
4.15	5.25	 6	1.00000		grating		dy+	1.00	-98	-103	 0	 0
4.15	5.25	 6	1.00000		grating		dz+	1.00	-98	-103	 0	 0
4.15	5.25	 6	1.00000		grating		tx+	0.01	-98	-103	29	166
4.15	5.25	 6	1.00000		grating		ty+	0.01	-98	-103	186	17
4.15	5.25	 6	1.00000		grating		tz+	0.01	-98	-103	179	17
2.08	5.25	 9	0.57896		grating		dx+	1.00	-60	25	 0	 0
2.08	5.25	 9	0.57896		grating		dy+	1.00	-60	25	 0	 0
2.08	5.25	 9	0.57896		grating		dz+	1.00	-60	25	 0	 0
2.08	5.25	 9	0.57896		grating		tx+	0.01	-60	25	-4	164
2.08	5.25	 9	0.57896		grating		ty+	0.01	-60	25	190	 8
2.08	5.25	 9	0.57896		grating		tz+	0.01	-60	25	143	 6
2.08	5.25	 9	0.59504		grating		dx+	1.00	-57	 5	 0	 0
2.08	5.25	 9	0.59504		grating		dy+	1.00	-57	 5	 0	 0
2.08	5.25	 9	0.59504		grating		dz+	1.00	-57	 5	 0	 0
2.08	5.25	 9	0.59504		grating		tx+	0.01	-57	 5	 0	164
2.08	5.25	 9	0.59504		grating		ty+	0.01	-57	 5	187	 9
2.08	5.25	 9	0.59504		grating		tz+	0.01	-57	 5	147	 7
2.08	5.25	 9	0.61112		grating		dx+	1.00	-54	-15	 0	 0
2.08	5.25	 9	0.61112		grating		dy+	1.00	-54	-15	 0	 0
2.08	5.25	 9	0.61112		grating		dz+	1.00	-54	-15	 0	 0
2.08	5.25	 9	0.61112		grating		tx+	0.01	-54	-15	 5	164
2.08	5.25	 9	0.61112		grating		ty+	0.01	-54	-15	185	10
2.08	5.25	 9	0.61112		grating		tz+	0.01	-54	-15	150	 8
2.08	5.25	 9	0.62909		grating		dx+	1.00	-52	-38	 0	 0
2.08	5.25	 9	0.62909		grating		dy+	1.00	-52	-38	 0	 0
2.08	5.25	 9	0.62909		grating		dz+	1.00	-52	-38	 0	 0
2.08	5.25	 9	0.62909		grating		tx+	0.01	-52	-38	11	165
2.08	5.25	 9	0.62909		grating		ty+	0.01	-52	-38	183	11
2.08	5.25	 9	0.62909		grating		tz+	0.01	-52	-38	155	 9
2.08	5.25	 9	0.64707		grating		dx+	1.00	-51	-61	 0	 0
2.08	5.25	 9	0.64707		grating		dy+	1.00	-51	-61	 0	 0
2.08	5.25	 9	0.64707		grating		dz+	1.00	-51	-61	 0	 0
2.08	5.25	 9	0.64707		grating		tx+	0.01	-51	-61	16	167
2.08	5.25	 9	0.64707		grating		ty+	0.01	-51	-61	182	13
2.08	5.25	 9	0.64707		grating		tz+	0.01	-51	-61	159	11
2.08	5.25	 8	0.64707		grating		dx+	1.00	-58	29	 0	 0
2.08	5.25	 8	0.64707		grating		dy+	1.00	-58	29	 0	 0
2.08	5.25	 8	0.64707		grating		dz+	1.00	-58	29	 0	 0
2.08	5.25	 8	0.64707		grating		tx+	0.01	-58	29	-5	164
2.08	5.25	 8	0.64707		grating		ty+	0.01	-58	29	190	 8
2.08	5.25	 8	0.64707		grating		tz+	0.01	-58	29	142	 6
2.08	5.25	 8	0.66729		grating		dx+	1.00	-54	 7	 0	 0
2.08	5.25	 8	0.66729		grating		dy+	1.00	-54	 7	 0	 0
2.08	5.25	 8	0.66729		grating		dz+	1.00	-54	 7	 0	 0
2.08	5.25	 8	0.66729		grating		tx+	0.01	-54	 7	 0	164
2.08	5.25	 8	0.66729		grating		ty+	0.01	-54	 7	187	 9
2.08	5.25	 8	0.66729		grating		tz+	0.01	-54	 7	146	 7
2.08	5.25	 8	0.68751		grating		dx+	1.00	-52	-15	 0	 0
2.08	5.25	 8	0.68751		grating		dy+	1.00	-52	-15	 0	 0
2.08	5.25	 8	0.68751		grating		dz+	1.00	-52	-15	 0	 0
2.08	5.25	 8	0.68751		grating		tx+	0.01	-52	-15	 5	164
2.08	5.25	 8	0.68751		grating		ty+	0.01	-52	-15	185	10
2.08	5.25	 8	0.68751		grating		tz+	0.01	-52	-15	150	 8
2.08	5.25	 8	0.71043		grating		dx+	1.00	-50	-41	 0	 0
2.08	5.25	 8	0.71043		grating		dy+	1.00	-50	-41	 0	 0
2.08	5.25	 8	0.71043		grating		dz+	1.00	-50	-41	 0	 0
2.08	5.25	 8	0.71043		grating		tx+	0.01	-50	-41	11	165
2.08	5.25	 8	0.71043		grating		ty+	0.01	-50	-41	182	12
2.08	5.25	 8	0.71043		grating		tz+	0.01	-50	-41	155	10
2.08	5.25	 8	0.73344		grating		dx+	1.00	-49	-68	 0	 0
2.08	5.25	 8	0.73344		grating		dy+	1.00	-49	-68	 0	 0
2.08	5.25	 8	0.73344		grating		dz+	1.00	-49	-68	 0	 0
2.08	5.25	 8	0.73344		grating		tx+	0.01	-49	-68	18	167
2.08	5.25	 8	0.73344		grating		ty+	0.01	-49	-68	181	13
2.08	5.25	 8	0.73344		grating		tz+	0.01	-49	-68	160	11
2.08	5.25	 7	0.73334		grating		dx+	1.00	-56	35	 0	 0
2.08	5.25	 7	0.73334		grating		dy+	1.00	-56	35	 0	 0
2.08	5.25	 7	0.73334		grating		dz+	1.00	-56	35	 0	 0
2.08	5.25	 7	0.73334		grating		tx+	0.01	-56	35	-7	165
2.08	5.25	 7	0.73334		grating		ty+	0.01	-56	35	190	 7
2.08	5.25	 7	0.73334		grating		tz+	0.01	-56	35	141	 5
2.08	5.25	 7	0.75953		grating		dx+	1.00	-53	10	 0	 0
2.08	5.25	 7	0.75953		grating		dy+	1.00	-53	10	 0	 0
2.08	5.25	 7	0.75953		grating		dz+	1.00	-53	10	 0	 0
2.08	5.25	 7	0.75953		grating		tx+	0.01	-53	10	 0	164
2.08	5.25	 7	0.75953		grating		ty+	0.01	-53	10	187	 9
2.08	5.25	 7	0.75953		grating		tz+	0.01	-53	10	145	 7
2.08	5.25	 7	0.78573		grating		dx+	1.00	-50	-15	 0	 0
2.08	5.25	 7	0.78573		grating		dy+	1.00	-50	-15	 0	 0
2.08	5.25	 7	0.78573		grating		dz+	1.00	-50	-15	 0	 0
2.08	5.25	 7	0.78573		grating		tx+	0.01	-50	-15	 5	164
2.08	5.25	 7	0.78573		grating		ty+	0.01	-50	-15	184	10
2.08	5.25	 7	0.78573		grating		tz+	0.01	-50	-15	149	 8
2.08	5.25	 7	0.81595		grating		dx+	1.00	-47	-45	 0	 0
2.08	5.25	 7	0.81595		grating		dy+	1.00	-47	-45	 0	 0
2.08	5.25	 7	0.81595		grating		dz+	1.00	-47	-45	 0	 0
2.08	5.25	 7	0.81595		grating		tx+	0.01	-47	-45	12	166
2.08	5.25	 7	0.81595		grating		ty+	0.01	-47	-45	182	12
2.08	5.25	 7	0.81595		grating		tz+	0.01	-47	-45	155	10
2.08	5.25	 7	0.84617		grating		dx+	1.00	-46	-76	 0	 0
2.08	5.25	 7	0.84617		grating		dy+	1.00	-46	-76	 0	 0
2.08	5.25	 7	0.84617		grating		dz+	1.00	-46	-76	 0	 0
2.08	5.25	 7	0.84617		grating		tx+	0.01	-46	-76	20	168
2.08	5.25	 7	0.84617		grating		ty+	0.01	-46	-76	180	13
2.08	5.25	 7	0.84617		grating		tz+	0.01	-46	-76	162	12
2.08	5.25	 6	0.84617		grating		dx+	1.00	-56	43	 0	 0
2.08	5.25	 6	0.84617		grating		dy+	1.00	-56	43	 0	 0
2.08	5.25	 6	0.84617		grating		dz+	1.00	-56	43	 0	 0
2.08	5.25	 6	0.84617		grating		tx+	0.01	-56	43	-8	165
2.08	5.25	 6	0.84617		grating		ty+	0.01	-56	43	190	 7
2.08	5.25	 6	0.84617		grating		tz+	0.01	-56	43	139	 5
2.08	5.25	 6	0.88142		grating		dx+	1.00	-51	14	 0	 0
2.08	5.25	 6	0.88142		grating		dy+	1.00	-51	14	 0	 0
2.08	5.25	 6	0.88142		grating		dz+	1.00	-51	14	 0	 0
2.08	5.25	 6	0.88142		grating		tx+	0.01	-51	14	-1	164
2.08	5.25	 6	0.88142		grating		ty+	0.01	-51	14	187	 9
2.08	5.25	 6	0.88142		grating		tz+	0.01	-51	14	143	 7
2.08	5.25	 6	0.91668		grating		dx+	1.00	-48	-15	 0	 0
2.08	5.25	 6	0.91668		grating		dy+	1.00	-48	-15	 0	 0
2.08	5.25	 6	0.91668		grating		dz+	1.00	-48	-15	 0	 0
2.08	5.25	 6	0.91668		grating		tx+	0.01	-48	-15	 5	164
2.08	5.25	 6	0.91668		grating		ty+	0.01	-48	-15	184	10
2.08	5.25	 6	0.91668		grating		tz+	0.01	-48	-15	149	 8
2.08	5.25	 6	0.95835		grating		dx+	1.00	-45	-51	 0	 0
2.08	5.25	 6	0.95835		grating		dy+	1.00	-45	-51	 0	 0
2.08	5.25	 6	0.95835		grating		dz+	1.00	-45	-51	 0	 0
2.08	5.25	 6	0.95835		grating		tx+	0.01	-45	-51	14	166
2.08	5.25	 6	0.95835		grating		ty+	0.01	-45	-51	181	12
2.08	5.25	 6	0.95835		grating		tz+	0.01	-45	-51	156	10
2.08	5.25	 6	1.00000		grating		dx+	1.00	-45	-87	 0	 0
2.08	5.25	 6	1.00000		grating		dy+	1.00	-45	-87	 0	 0
2.08	5.25	 6	1.00000		grating		dz+	1.00	-45	-87	 0	 0
2.08	5.25	 6	1.00000		grating		tx+	0.01	-45	-87	22	169
2.08	5.25	 6	1.00000		grating		ty+	0.01	-45	-87	179	14
2.08	5.25	 6	1.00000		grating		tz+	0.01	-45	-87	164	12
0.00	5.25	 9	0.57896		grating		dx+	1.00	-12	34	 0	 0
0.00	5.25	 9	0.57896		grating		dy+	1.00	-12	34	 0	 0
0.00	5.25	 9	0.57896		grating		dz+	1.00	-12	34	 0	 0
0.00	5.25	 9	0.57896		grating		tx+	0.01	-12	34	-6	167
0.00	5.25	 9	0.57896		grating		ty+	0.01	-12	34	183	 6
0.00	5.25	 9	0.57896		grating		tz+	0.01	-12	34	134	 5
0.00	5.25	 9	0.59504		grating		dx+	1.00	-9	14	 0	 0
0.00	5.25	 9	0.59504		grating		dy+	1.00	-9	14	 0	 0
0.00	5.25	 9	0.59504		grating		dz+	1.00	-9	14	 0	 0
0.00	5.25	 9	0.59504		grating		tx+	0.01	-9	14	-1	167
0.00	5.25	 9	0.59504		grating		ty+	0.01	-9	14	181	 7
0.00	5.25	 9	0.59504		grating		tz+	0.01	-9	14	137	 5
0.00	5.25	 9	0.61112		grating		dx+	1.00	-6	-5	 0	 0
0.00	5.25	 9	0.61112		grating		dy+	1.00	-6	-5	 0	 0
0.00	5.25	 9	0.61112		grating		dz+	1.00	-6	-5	 0	 0
0.00	5.25	 9	0.61112		grating		tx+	0.01	-6	-5	 2	167
0.00	5.25	 9	0.61112		grating		ty+	0.01	-6	-5	179	 8
0.00	5.25	 9	0.61112		grating		tz+	0.01	-6	-5	140	 6
0.00	5.25	 9	0.62909		grating		dx+	1.00	-4	-28	 0	 0
0.00	5.25	 9	0.62909		grating		dy+	1.00	-4	-28	 0	 0
0.00	5.25	 9	0.62909		grating		dz+	1.00	-4	-28	 0	 0
0.00	5.25	 9	0.62909		grating		tx+	0.01	-4	-28	 7	168
0.00	5.25	 9	0.62909		grating		ty+	0.01	-4	-28	177	 8
0.00	5.25	 9	0.62909		grating		tz+	0.01	-4	-28	144	 7
0.00	5.25	 9	0.64707		grating		dx+	1.00	-2	-50	 0	 0
0.00	5.25	 9	0.64707		grating		dy+	1.00	-2	-50	 0	 0
0.00	5.25	 9	0.64707		grating		dz+	1.00	-2	-50	 0	 0
0.00	5.25	 9	0.64707		grating		tx+	0.01	-2	-50	12	169
0.00	5.25	 9	0.64707		grating		ty+	0.01	-2	-50	176	 9
0.00	5.25	 9	0.64707		grating		tz+	0.01	-2	-50	149	 7
0.00	5.25	 8	0.64707		grating		dx+	1.00	-10	39	 0	 0
0.00	5.25	 8	0.64707		grating		dy+	1.00	-10	39	 0	 0
0.00	5.25	 8	0.64707		grating		dz+	1.00	-10	39	 0	 0
0.00	5.25	 8	0.64707		grating		tx+	0.01	-10	39	-6	167
0.00	5.25	 8	0.64707		grating		ty+	0.01	-10	39	183	 6
0.00	5.25	 8	0.64707		grating		tz+	0.01	-10	39	133	 4
0.00	5.25	 8	0.66729		grating		dx+	1.00	-7	17	 0	 0
0.00	5.25	 8	0.66729		grating		dy+	1.00	-7	17	 0	 0
0.00	5.25	 8	0.66729		grating		dz+	1.00	-7	17	 0	 0
0.00	5.25	 8	0.66729		grating		tx+	0.01	-7	17	-2	167
0.00	5.25	 8	0.66729		grating		ty+	0.01	-7	17	181	 7
0.00	5.25	 8	0.66729		grating		tz+	0.01	-7	17	136	 5
0.00	5.25	 8	0.68751		grating		dx+	1.00	-4	-5	 0	 0
0.00	5.25	 8	0.68751		grating		dy+	1.00	-4	-5	 0	 0
0.00	5.25	 8	0.68751		grating		dz+	1.00	-4	-5	 0	 0
0.00	5.25	 8	0.68751		grating		tx+	0.01	-4	-5	 2	167
0.00	5.25	 8	0.68751		grating		ty+	0.01	-4	-5	179	 8
0.00	5.25	 8	0.68751		grating		tz+	0.01	-4	-5	140	 6
0.00	5.25	 8	0.71043		grating		dx+	1.00	-2	-31	 0	 0
0.00	5.25	 8	0.71043		grating		dy+	1.00	-2	-31	 0	 0
0.00	5.25	 8	0.71043		grating		dz+	1.00	-2	-31	 0	 0
0.00	5.25	 8	0.71043		grating		tx+	0.01	-2	-31	 8	168
0.00	5.25	 8	0.71043		grating		ty+	0.01	-2	-31	177	 8
0.00	5.25	 8	0.71043		grating		tz+	0.01	-2	-31	145	 7
0.00	5.25	 8	0.73344		grating		dx+	1.00	 0	-57	 0	 0
0.00	5.25	 8	0.73344		grating		dy+	1.00	 0	-57	 0	 0
0.00	5.25	 8	0.73344		grating		dz+	1.00	 0	-57	 0	 0
0.00	5.25	 8	0.73344		grating		tx+	0.01	 0	-57	13	170
0.00	5.25	 8	0.73344		grating		ty+	0.01	 0	-57	175	 9
0.00	5.25	 8	0.73344		grating		tz+	0.01	 0	-57	150	 7
0.00	5.25	 7	0.73334		grating		dx+	1.00	-9	44	 0	 0
0.00	5.25	 7	0.73334		grating		dy+	1.00	-9	44	 0	 0
0.00	5.25	 7	0.73334		grating		dz+	1.00	-9	44	 0	 0
0.00	5.25	 7	0.73334		grating		tx+	0.01	-9	44	-8	168
0.00	5.25	 7	0.73334		grating		ty+	0.01	-9	44	183	 6
0.00	5.25	 7	0.73334		grating		tz+	0.01	-9	44	131	 4
0.00	5.25	 7	0.75953		grating		dx+	1.00	-5	20	 0	 0
0.00	5.25	 7	0.75953		grating		dy+	1.00	-5	20	 0	 0
0.00	5.25	 7	0.75953		grating		dz+	1.00	-5	20	 0	 0
0.00	5.25	 7	0.75953		grating		tx+	0.01	-5	20	-2	167
0.00	5.25	 7	0.75953		grating		ty+	0.01	-5	20	181	 7
0.00	5.25	 7	0.75953		grating		tz+	0.01	-5	20	135	 5
0.00	5.25	 7	0.78573		grating		dx+	1.00	-2	-5	 0	 0
0.00	5.25	 7	0.78573		grating		dy+	1.00	-2	-5	 0	 0
0.00	5.25	 7	0.78573		grating		dz+	1.00	-2	-5	 0	 0
0.00	5.25	 7	0.78573		grating		tx+	0.01	-2	-5	 2	167
0.00	5.25	 7	0.78573		grating		ty+	0.01	-2	-5	178	 8
0.00	5.25	 7	0.78573		grating		tz+	0.01	-2	-5	140	 6
0.00	5.25	 7	0.81595		grating		dx+	1.00	 1	-35	 0	 0
0.00	5.25	 7	0.81595		grating		dy+	1.00	 1	-35	 0	 0
0.00	5.25	 7	0.81595		grating		dz+	1.00	 1	-35	 0	 0
0.00	5.25	 7	0.81595		grating		tx+	0.01	 1	-35	 8	168
0.00	5.25	 7	0.81595		grating		ty+	0.01	 1	-35	176	 8
0.00	5.25	 7	0.81595		grating		tz+	0.01	 1	-35	145	 7
0.00	5.25	 7	0.84617		grating		dx+	1.00	 2	-65	 0	 0
0.00	5.25	 7	0.84617		grating		dy+	1.00	 2	-65	 0	 0
0.00	5.25	 7	0.84617		grating		dz+	1.00	 2	-65	 0	 0
0.00	5.25	 7	0.84617		grating		tx+	0.01	 2	-65	15	171
0.00	5.25	 7	0.84617		grating		ty+	0.01	 2	-65	174	 9
0.00	5.25	 7	0.84617		grating		tz+	0.01	 2	-65	151	 8
0.00	5.25	 6	0.84617		grating		dx+	1.00	-8	52	 0	 0
0.00	5.25	 6	0.84617		grating		dy+	1.00	-8	52	 0	 0
0.00	5.25	 6	0.84617		grating		dz+	1.00	-8	52	 0	 0
0.00	5.25	 6	0.84617		grating		tx+	0.01	-8	52	-9	168
0.00	5.25	 6	0.84617		grating		ty+	0.01	-8	52	184	 6
0.00	5.25	 6	0.84617		grating		tz+	0.01	-8	52	130	 4
0.00	5.25	 6	0.88142		grating		dx+	1.00	-4	23	 0	 0
0.00	5.25	 6	0.88142		grating		dy+	1.00	-4	23	 0	 0
0.00	5.25	 6	0.88142		grating		dz+	1.00	-4	23	 0	 0
0.00	5.25	 6	0.88142		grating		tx+	0.01	-4	23	-3	167
0.00	5.25	 6	0.88142		grating		ty+	0.01	-4	23	181	 7
0.00	5.25	 6	0.88142		grating		tz+	0.01	-4	23	134	 5
0.00	5.25	 6	0.91668		grating		dx+	1.00	-0	-5	 0	 0
0.00	5.25	 6	0.91668		grating		dy+	1.00	-0	-5	 0	 0
0.00	5.25	 6	0.91668		grating		dz+	1.00	-0	-5	 0	 0
0.00	5.25	 6	0.91668		grating		tx+	0.01	-0	-5	 2	167
0.00	5.25	 6	0.91668		grating		ty+	0.01	-0	-5	178	 8
0.00	5.25	 6	0.91668		grating		tz+	0.01	-0	-5	139	 6
0.00	5.25	 6	0.95835		grating		dx+	1.00	 3	-40	 0	 0
0.00	5.25	 6	0.95835		grating		dy+	1.00	 3	-40	 0	 0
0.00	5.25	 6	0.95835		grating		dz+	1.00	 3	-40	 0	 0
0.00	5.25	 6	0.95835		grating		tx+	0.01	 3	-40	10	169
0.00	5.25	 6	0.95835		grating		ty+	0.01	 3	-40	176	 9
0.00	5.25	 6	0.95835		grating		tz+	0.01	 3	-40	146	 7
0.00	5.25	 6	1.00000		grating		dx+	1.00	 4	-76	 0	 0
0.00	5.25	 6	1.00000		grating		dy+	1.00	 4	-76	 0	 0
0.00	5.25	 6	1.00000		grating		dz+	1.00	 4	-76	 0	 0
0.00	5.25	 6	1.00000		grating		tx+	0.01	 4	-76	17	172
0.00	5.25	 6	1.00000		grating		ty+	0.01	 4	-76	173	 9
0.00	5.25	 6	1.00000		grating		tz+	0.01	 4	-76	153	 8
-2.08	5.25	 9	0.57896		grating		dx+	1.00	34	40	 0	 0
-2.08	5.25	 9	0.57896		grating		dy+	1.00	34	40	 0	 0
-2.08	5.25	 9	0.57896		grating		dz+	1.00	34	40	 0	 0
-2.08	5.25	 9	0.57896		grating		tx+	0.01	34	40	-6	170
-2.08	5.25	 9	0.57896		grating		ty+	0.01	34	40	180	 5
-2.08	5.25	 9	0.57896		grating		tz+	0.01	34	40	128	 3
-2.08	5.25	 9	0.59504		grating		dx+	1.00	37	21	 0	 0
-2.08	5.25	 9	0.59504		grating		dy+	1.00	37	21	 0	 0
-2.08	5.25	 9	0.59504		grating		dz+	1.00	37	21	 0	 0
-2.08	5.25	 9	0.59504		grating		tx+	0.01	37	21	-2	170
-2.08	5.25	 9	0.59504		grating		ty+	0.01	37	21	178	 5
-2.08	5.25	 9	0.59504		grating		tz+	0.01	37	21	131	 4
-2.08	5.25	 9	0.61112		grating		dx+	1.00	39	 1	 0	 0
-2.08	5.25	 9	0.61112		grating		dy+	1.00	39	 1	 0	 0
-2.08	5.25	 9	0.61112		grating		dz+	1.00	39	 1	 0	 0
-2.08	5.25	 9	0.61112		grating		tx+	0.01	39	 1	 1	170
-2.08	5.25	 9	0.61112		grating		ty+	0.01	39	 1	176	 5
-2.08	5.25	 9	0.61112		grating		tz+	0.01	39	 1	134	 4
-2.08	5.25	 9	0.62909		grating		dx+	1.00	42	-21	 0	 0
-2.08	5.25	 9	0.62909		grating		dy+	1.00	42	-21	 0	 0
-2.08	5.25	 9	0.62909		grating		dz+	1.00	42	-21	 0	 0
-2.08	5.25	 9	0.62909		grating		tx+	0.01	42	-21	 5	171
-2.08	5.25	 9	0.62909		grating		ty+	0.01	42	-21	175	 5
-2.08	5.25	 9	0.62909		grating		tz+	0.01	42	-21	138	 4
-2.08	5.25	 9	0.64707		grating		dx+	1.00	43	-44	 0	 0
-2.08	5.25	 9	0.64707		grating		dy+	1.00	43	-44	 0	 0
-2.08	5.25	 9	0.64707		grating		dz+	1.00	43	-44	 0	 0
-2.08	5.25	 9	0.64707		grating		tx+	0.01	43	-44	 9	172
-2.08	5.25	 9	0.64707		grating		ty+	0.01	43	-44	173	 5
-2.08	5.25	 9	0.64707		grating		tz+	0.01	43	-44	142	 4
-2.08	5.25	 8	0.64707		grating		dx+	1.00	35	45	 0	 0
-2.08	5.25	 8	0.64707		grating		dy+	1.00	35	45	 0	 0
-2.08	5.25	 8	0.64707		grating		dz+	1.00	35	45	 0	 0
-2.08	5.25	 8	0.64707		grating		tx+	0.01	35	45	-7	171
-2.08	5.25	 8	0.64707		grating		ty+	0.01	35	45	180	 5
-2.08	5.25	 8	0.64707		grating		tz+	0.01	35	45	127	 3
-2.08	5.25	 8	0.66729		grating		dx+	1.00	39	23	 0	 0
-2.08	5.25	 8	0.66729		grating		dy+	1.00	39	23	 0	 0
-2.08	5.25	 8	0.66729		grating		dz+	1.00	39	23	 0	 0
-2.08	5.25	 8	0.66729		grating		tx+	0.01	39	23	-3	170
-2.08	5.25	 8	0.66729		grating		ty+	0.01	39	23	178	 5
-2.08	5.25	 8	0.66729		grating		tz+	0.01	39	23	131	 4
-2.08	5.25	 8	0.68751		grating		dx+	1.00	41	 1	 0	 0
-2.08	5.25	 8	0.68751		grating		dy+	1.00	41	 1	 0	 0
-2.08	5.25	 8	0.68751		grating		dz+	1.00	41	 1	 0	 0
-2.08	5.25	 8	0.68751		grating		tx+	0.01	41	 1	 1	170
-2.08	5.25	 8	0.68751		grating		ty+	0.01	41	 1	176	 5
-2.08	5.25	 8	0.68751		grating		tz+	0.01	41	 1	134	 4
-2.08	5.25	 8	0.71043		grating		dx+	1.00	44	-24	 0	 0
-2.08	5.25	 8	0.71043		grating		dy+	1.00	44	-24	 0	 0
-2.08	5.25	 8	0.71043		grating		dz+	1.00	44	-24	 0	 0
-2.08	5.25	 8	0.71043		grating		tx+	0.01	44	-24	 5	171
-2.08	5.25	 8	0.71043		grating		ty+	0.01	44	-24	174	 5
-2.08	5.25	 8	0.71043		grating		tz+	0.01	44	-24	139	 4
-2.08	5.25	 8	0.73344		grating		dx+	1.00	46	-50	 0	 0
-2.08	5.25	 8	0.73344		grating		dy+	1.00	46	-50	 0	 0
-2.08	5.25	 8	0.73344		grating		dz+	1.00	46	-50	 0	 0
-2.08	5.25	 8	0.73344		grating		tx+	0.01	46	-50	10	173
-2.08	5.25	 8	0.73344		grating		ty+	0.01	46	-50	172	 5
-2.08	5.25	 8	0.73344		grating		tz+	0.01	46	-50	143	 4
-2.08	5.25	 7	0.73334		grating		dx+	1.00	37	51	 0	 0
-2.08	5.25	 7	0.73334		grating		dy+	1.00	37	51	 0	 0
-2.08	5.25	 7	0.73334		grating		dz+	1.00	37	51	 0	 0
-2.08	5.25	 7	0.73334		grating		tx+	0.01	37	51	-8	171
-2.08	5.25	 7	0.73334		grating		ty+	0.01	37	51	180	 5
-2.08	5.25	 7	0.73334		grating		tz+	0.01	37	51	126	 3
-2.08	5.25	 7	0.75953		grating		dx+	1.00	40	26	 0	 0
-2.08	5.25	 7	0.75953		grating		dy+	1.00	40	26	 0	 0
-2.08	5.25	 7	0.75953		grating		dz+	1.00	40	26	 0	 0
-2.08	5.25	 7	0.75953		grating		tx+	0.01	40	26	-3	170
-2.08	5.25	 7	0.75953		grating		ty+	0.01	40	26	178	 5
-2.08	5.25	 7	0.75953		grating		tz+	0.01	40	26	130	 4
-2.08	5.25	 7	0.78573		grating		dx+	1.00	43	 1	 0	 0
-2.08	5.25	 7	0.78573		grating		dy+	1.00	43	 1	 0	 0
-2.08	5.25	 7	0.78573		grating		dz+	1.00	43	 1	 0	 0
-2.08	5.25	 7	0.78573		grating		tx+	0.01	43	 1	 1	170
-2.08	5.25	 7	0.78573		grating		ty+	0.01	43	 1	176	 5
-2.08	5.25	 7	0.78573		grating		tz+	0.01	43	 1	134	 4
-2.08	5.25	 7	0.81595		grating		dx+	1.00	46	-28	 0	 0
-2.08	5.25	 7	0.81595		grating		dy+	1.00	46	-28	 0	 0
-2.08	5.25	 7	0.81595		grating		dz+	1.00	46	-28	 0	 0
-2.08	5.25	 7	0.81595		grating		tx+	0.01	46	-28	 6	171
-2.08	5.25	 7	0.81595		grating		ty+	0.01	46	-28	174	 5
-2.08	5.25	 7	0.81595		grating		tz+	0.01	46	-28	139	 4
-2.08	5.25	 7	0.84617		grating		dx+	1.00	48	-58	 0	 0
-2.08	5.25	 7	0.84617		grating		dy+	1.00	48	-58	 0	 0
-2.08	5.25	 7	0.84617		grating		dz+	1.00	48	-58	 0	 0
-2.08	5.25	 7	0.84617		grating		tx+	0.01	48	-58	12	174
-2.08	5.25	 7	0.84617		grating		ty+	0.01	48	-58	172	 5
-2.08	5.25	 7	0.84617		grating		tz+	0.01	48	-58	145	 4
-2.08	5.25	 6	0.84617		grating		dx+	1.00	37	58	 0	 0
-2.08	5.25	 6	0.84617		grating		dy+	1.00	37	58	 0	 0
-2.08	5.25	 6	0.84617		grating		dz+	1.00	37	58	 0	 0
-2.08	5.25	 6	0.84617		grating		tx+	0.01	37	58	-9	171
-2.08	5.25	 6	0.84617		grating		ty+	0.01	37	58	181	 5
-2.08	5.25	 6	0.84617		grating		tz+	0.01	37	58	125	 3
-2.08	5.25	 6	0.88142		grating		dx+	1.00	42	30	 0	 0
-2.08	5.25	 6	0.88142		grating		dy+	1.00	42	30	 0	 0
-2.08	5.25	 6	0.88142		grating		dz+	1.00	42	30	 0	 0
-2.08	5.25	 6	0.88142		grating		tx+	0.01	42	30	-4	170
-2.08	5.25	 6	0.88142		grating		ty+	0.01	42	30	178	 5
-2.08	5.25	 6	0.88142		grating		tz+	0.01	42	30	129	 4
-2.08	5.25	 6	0.91668		grating		dx+	1.00	45	 1	 0	 0
-2.08	5.25	 6	0.91668		grating		dy+	1.00	45	 1	 0	 0
-2.08	5.25	 6	0.91668		grating		dz+	1.00	45	 1	 0	 0
-2.08	5.25	 6	0.91668		grating		tx+	0.01	45	 1	 1	170
-2.08	5.25	 6	0.91668		grating		ty+	0.01	45	 1	176	 5
-2.08	5.25	 6	0.91668		grating		tz+	0.01	45	 1	134	 4
-2.08	5.25	 6	0.95835		grating		dx+	1.00	48	-34	 0	 0
-2.08	5.25	 6	0.95835		grating		dy+	1.00	48	-34	 0	 0
-2.08	5.25	 6	0.95835		grating		dz+	1.00	48	-34	 0	 0
-2.08	5.25	 6	0.95835		grating		tx+	0.01	48	-34	 7	172
-2.08	5.25	 6	0.95835		grating		ty+	0.01	48	-34	173	 5
-2.08	5.25	 6	0.95835		grating		tz+	0.01	48	-34	140	 4
-2.08	5.25	 6	1.00000		grating		dx+	1.00	50	-69	 0	 0
-2.08	5.25	 6	1.00000		grating		dy+	1.00	50	-69	 0	 0
-2.08	5.25	 6	1.00000		grating		dz+	1.00	50	-69	 0	 0
-2.08	5.25	 6	1.00000		grating		tx+	0.01	50	-69	14	175
-2.08	5.25	 6	1.00000		grating		ty+	0.01	50	-69	171	 5
-2.08	5.25	 6	1.00000		grating		tz+	0.01	50	-69	147	 4
-4.15	5.25	 9	0.57896		grating		dx+	1.00	77	43	 0	 0
-4.15	5.25	 9	0.57896		grating		dy+	1.00	77	43	 0	 0
-4.15	5.25	 9	0.57896		grating		dz+	1.00	77	43	 0	 0
-4.15	5.25	 9	0.57896		grating		tx+	0.01	77	43	-6	173
-4.15	5.25	 9	0.57896		grating		ty+	0.01	77	43	179	 3
-4.15	5.25	 9	0.57896		grating		tz+	0.01	77	43	125	 2
-4.15	5.25	 9	0.59504		grating		dx+	1.00	80	24	 0	 0
-4.15	5.25	 9	0.59504		grating		dy+	1.00	80	24	 0	 0
-4.15	5.25	 9	0.59504		grating		dz+	1.00	80	24	 0	 0
-4.15	5.25	 9	0.59504		grating		tx+	0.01	80	24	-2	173
-4.15	5.25	 9	0.59504		grating		ty+	0.01	80	24	177	 3
-4.15	5.25	 9	0.59504		grating		tz+	0.01	80	24	128	 2
-4.15	5.25	 9	0.61112		grating		dx+	1.00	83	 4	 0	 0
-4.15	5.25	 9	0.61112		grating		dy+	1.00	83	 4	 0	 0
-4.15	5.25	 9	0.61112		grating		dz+	1.00	83	 4	 0	 0
-4.15	5.25	 9	0.61112		grating		tx+	0.01	83	 4	 0	173
-4.15	5.25	 9	0.61112		grating		ty+	0.01	83	 4	175	 3
-4.15	5.25	 9	0.61112		grating		tz+	0.01	83	 4	131	 2
-4.15	5.25	 9	0.62909		grating		dx+	1.00	85	-18	 0	 0
-4.15	5.25	 9	0.62909		grating		dy+	1.00	85	-18	 0	 0
-4.15	5.25	 9	0.62909		grating		dz+	1.00	85	-18	 0	 0
-4.15	5.25	 9	0.62909		grating		tx+	0.01	85	-18	 4	174
-4.15	5.25	 9	0.62909		grating		ty+	0.01	85	-18	174	 2
-4.15	5.25	 9	0.62909		grating		tz+	0.01	85	-18	135	 1
-4.15	5.25	 9	0.64707		grating		dx+	1.00	87	-41	 0	 0
-4.15	5.25	 9	0.64707		grating		dy+	1.00	87	-41	 0	 0
-4.15	5.25	 9	0.64707		grating		dz+	1.00	87	-41	 0	 0
-4.15	5.25	 9	0.64707		grating		tx+	0.01	87	-41	 7	176
-4.15	5.25	 9	0.64707		grating		ty+	0.01	87	-41	172	 2
-4.15	5.25	 9	0.64707		grating		tz+	0.01	87	-41	139	 1
-4.15	5.25	 8	0.64707		grating		dx+	1.00	79	48	 0	 0
-4.15	5.25	 8	0.64707		grating		dy+	1.00	79	48	 0	 0
-4.15	5.25	 8	0.64707		grating		dz+	1.00	79	48	 0	 0
-4.15	5.25	 8	0.64707		grating		tx+	0.01	79	48	-6	174
-4.15	5.25	 8	0.64707		grating		ty+	0.01	79	48	179	 3
-4.15	5.25	 8	0.64707		grating		tz+	0.01	79	48	124	 2
-4.15	5.25	 8	0.66729		grating		dx+	1.00	82	26	 0	 0
-4.15	5.25	 8	0.66729		grating		dy+	1.00	82	26	 0	 0
-4.15	5.25	 8	0.66729		grating		dz+	1.00	82	26	 0	 0
-4.15	5.25	 8	0.66729		grating		tx+	0.01	82	26	-3	173
-4.15	5.25	 8	0.66729		grating		ty+	0.01	82	26	177	 3
-4.15	5.25	 8	0.66729		grating		tz+	0.01	82	26	128	 2
-4.15	5.25	 8	0.68751		grating		dx+	1.00	85	 4	 0	 0
-4.15	5.25	 8	0.68751		grating		dy+	1.00	85	 4	 0	 0
-4.15	5.25	 8	0.68751		grating		dz+	1.00	85	 4	 0	 0
-4.15	5.25	 8	0.68751		grating		tx+	0.01	85	 4	 0	174
-4.15	5.25	 8	0.68751		grating		ty+	0.01	85	 4	175	 3
-4.15	5.25	 8	0.68751		grating		tz+	0.01	85	 4	131	 2
-4.15	5.25	 8	0.71043		grating		dx+	1.00	87	-21	 0	 0
-4.15	5.25	 8	0.71043		grating		dy+	1.00	87	-21	 0	 0
-4.15	5.25	 8	0.71043		grating		dz+	1.00	87	-21	 0	 0
-4.15	5.25	 8	0.71043		grating		tx+	0.01	87	-21	 4	174
-4.15	5.25	 8	0.71043		grating		ty+	0.01	87	-21	174	 2
-4.15	5.25	 8	0.71043		grating		tz+	0.01	87	-21	136	 1
-4.15	5.25	 8	0.73344		grating		dx+	1.00	89	-47	 0	 0
-4.15	5.25	 8	0.73344		grating		dy+	1.00	89	-47	 0	 0
-4.15	5.25	 8	0.73344		grating		dz+	1.00	89	-47	 0	 0
-4.15	5.25	 8	0.73344		grating		tx+	0.01	89	-47	 8	176
-4.15	5.25	 8	0.73344		grating		ty+	0.01	89	-47	172	 1
-4.15	5.25	 8	0.73344		grating		tz+	0.01	89	-47	140	 1
-4.15	5.25	 7	0.73334		grating		dx+	1.00	80	54	 0	 0
-4.15	5.25	 7	0.73334		grating		dy+	1.00	80	54	 0	 0
-4.15	5.25	 7	0.73334		grating		dz+	1.00	80	54	 0	 0
-4.15	5.25	 7	0.73334		grating		tx+	0.01	80	54	-7	174
-4.15	5.25	 7	0.73334		grating		ty+	0.01	80	54	179	 3
-4.15	5.25	 7	0.73334		grating		tz+	0.01	80	54	123	 2
-4.15	5.25	 7	0.75953		grating		dx+	1.00	84	29	 0	 0
-4.15	5.25	 7	0.75953		grating		dy+	1.00	84	29	 0	 0
-4.15	5.25	 7	0.75953		grating		dz+	1.00	84	29	 0	 0
-4.15	5.25	 7	0.75953		grating		tx+	0.01	84	29	-3	173
-4.15	5.25	 7	0.75953		grating		ty+	0.01	84	29	177	 3
-4.15	5.25	 7	0.75953		grating		tz+	0.01	84	29	127	 2
-4.15	5.25	 7	0.78573		grating		dx+	1.00	87	 4	 0	 0
-4.15	5.25	 7	0.78573		grating		dy+	1.00	87	 4	 0	 0
-4.15	5.25	 7	0.78573		grating		dz+	1.00	87	 4	 0	 0
-4.15	5.25	 7	0.78573		grating		tx+	0.01	87	 4	 0	174
-4.15	5.25	 7	0.78573		grating		ty+	0.01	87	 4	175	 3
-4.15	5.25	 7	0.78573		grating		tz+	0.01	87	 4	131	 2
-4.15	5.25	 7	0.81595		grating		dx+	1.00	89	-25	 0	 0
-4.15	5.25	 7	0.81595		grating		dy+	1.00	89	-25	 0	 0
-4.15	5.25	 7	0.81595		grating		dz+	1.00	89	-25	 0	 0
-4.15	5.25	 7	0.81595		grating		tx+	0.01	89	-25	 5	175
-4.15	5.25	 7	0.81595		grating		ty+	0.01	89	-25	173	 2
-4.15	5.25	 7	0.81595		grating		tz+	0.01	89	-25	136	 1
-4.15	5.25	 7	0.84617		grating		dx+	1.00	91	-55	 0	 0
-4.15	5.25	 7	0.84617		grating		dy+	1.00	91	-55	 0	 0
-4.15	5.25	 7	0.84617		grating		dz+	1.00	91	-55	 0	 0
-4.15	5.25	 7	0.84617		grating		tx+	0.01	91	-55	10	177
-4.15	5.25	 7	0.84617		grating		ty+	0.01	91	-55	171	 1
-4.15	5.25	 7	0.84617		grating		tz+	0.01	91	-55	141	 1
-4.15	5.25	 6	0.84617		grating		dx+	1.00	81	61	 0	 0
-4.15	5.25	 6	0.84617		grating		dy+	1.00	81	61	 0	 0
-4.15	5.25	 6	0.84617		grating		dz+	1.00	81	61	 0	 0
-4.15	5.25	 6	0.84617		grating		tx+	0.01	81	61	-9	174
-4.15	5.25	 6	0.84617		grating		ty+	0.01	81	61	180	 4
-4.15	5.25	 6	0.84617		grating		tz+	0.01	81	61	122	 2
-4.15	5.25	 6	0.88142		grating		dx+	1.00	85	33	 0	 0
-4.15	5.25	 6	0.88142		grating		dy+	1.00	85	33	 0	 0
-4.15	5.25	 6	0.88142		grating		dz+	1.00	85	33	 0	 0
-4.15	5.25	 6	0.88142		grating		tx+	0.01	85	33	-4	173
-4.15	5.25	 6	0.88142		grating		ty+	0.01	85	33	177	 3
-4.15	5.25	 6	0.88142		grating		tz+	0.01	85	33	126	 2
-4.15	5.25	 6	0.91668		grating		dx+	1.00	88	 4	 0	 0
-4.15	5.25	 6	0.91668		grating		dy+	1.00	88	 4	 0	 0
-4.15	5.25	 6	0.91668		grating		dz+	1.00	88	 4	 0	 0
-4.15	5.25	 6	0.91668		grating		tx+	0.01	88	 4	 0	174
-4.15	5.25	 6	0.91668		grating		ty+	0.01	88	 4	175	 3
-4.15	5.25	 6	0.91668		grating		tz+	0.01	88	 4	131	 2
-4.15	5.25	 6	0.95835		grating		dx+	1.00	91	-31	 0	 0
-4.15	5.25	 6	0.95835		grating		dy+	1.00	91	-31	 0	 0
-4.15	5.25	 6	0.95835		grating		dz+	1.00	91	-31	 0	 0
-4.15	5.25	 6	0.95835		grating		tx+	0.01	91	-31	 6	175
-4.15	5.25	 6	0.95835		grating		ty+	0.01	91	-31	173	 2
-4.15	5.25	 6	0.95835		grating		tz+	0.01	91	-31	137	 1
-4.15	5.25	 6	1.00000		grating		dx+	1.00	93	-66	 0	 0
-4.15	5.25	 6	1.00000		grating		dy+	1.00	93	-66	 0	 0
-4.15	5.25	 6	1.00000		grating		dz+	1.00	93	-66	 0	 0
-4.15	5.25	 6	1.00000		grating		tx+	0.01	93	-66	12	178
-4.15	5.25	 6	1.00000		grating		ty+	0.01	93	-66	170	 1
-4.15	5.25	 6	1.00000		grating		tz+	0.01	93	-66	143	 1
