XField 	 YField 	 Order 	 Wavelength 	 Element 	      Peturbation 	 Value	 X 	 Y	 DelX 	 DelY
4.15	3.75	-5	0.49443		grating		dx+	1.00	-72	-64	 0	 0
4.15	3.75	-5	0.49443		grating		dy+	1.00	-72	-64	 0	 0
4.15	3.75	-5	0.49443		grating		dz+	1.00	-72	-64	 0	 0
4.15	3.75	-5	0.49443		grating		tx+	0.01	-72	-64	 0	174
4.15	3.75	-5	0.49443		grating		ty+	0.01	-72	-64	173	12
4.15	3.75	-5	0.49443		grating		tz+	0.01	-72	-64	-117	-8
4.15	3.75	-5	0.51915		grating		dx+	1.00	-76	-30	 0	 0
4.15	3.75	-5	0.51915		grating		dy+	1.00	-76	-30	 0	 0
4.15	3.75	-5	0.51915		grating		dz+	1.00	-76	-30	 0	 0
4.15	3.75	-5	0.51915		grating		tx+	0.01	-76	-30	 2	174
4.15	3.75	-5	0.51915		grating		ty+	0.01	-76	-30	171	11
4.15	3.75	-5	0.51915		grating		tz+	0.01	-76	-30	-123	-7
4.15	3.75	-5	0.54388		grating		dx+	1.00	-80	 5	 0	 0
4.15	3.75	-5	0.54388		grating		dy+	1.00	-80	 5	 0	 0
4.15	3.75	-5	0.54388		grating		dz+	1.00	-80	 5	 0	 0
4.15	3.75	-5	0.54388		grating		tx+	0.01	-80	 5	 6	175
4.15	3.75	-5	0.54388		grating		ty+	0.01	-80	 5	168	 9
4.15	3.75	-5	0.54388		grating		tz+	0.01	-80	 5	-128	-7
4.15	3.75	-5	0.57409		grating		dx+	1.00	-84	48	 0	 0
4.15	3.75	-5	0.57409		grating		dy+	1.00	-84	48	 0	 0
4.15	3.75	-5	0.57409		grating		dz+	1.00	-84	48	 0	 0
4.15	3.75	-5	0.57409		grating		tx+	0.01	-84	48	10	178
4.15	3.75	-5	0.57409		grating		ty+	0.01	-84	48	166	 8
4.15	3.75	-5	0.57409		grating		tz+	0.01	-84	48	-136	-7
4.15	3.75	-5	0.60431		grating		dx+	1.00	-86	94	 0	 0
4.15	3.75	-5	0.60431		grating		dy+	1.00	-86	94	 0	 0
4.15	3.75	-5	0.60431		grating		dz+	1.00	-86	94	 0	 0
4.15	3.75	-5	0.60431		grating		tx+	0.01	-86	94	15	184
4.15	3.75	-5	0.60431		grating		ty+	0.01	-86	94	163	 7
4.15	3.75	-5	0.60431		grating		tz+	0.01	-86	94	-145	-6
4.15	3.75	-6	0.41837		grating		dx+	1.00	-72	-54	 0	 0
4.15	3.75	-6	0.41837		grating		dy+	1.00	-72	-54	 0	 0
4.15	3.75	-6	0.41837		grating		dz+	1.00	-72	-54	 0	 0
4.15	3.75	-6	0.41837		grating		tx+	0.01	-72	-54	 0	174
4.15	3.75	-6	0.41837		grating		ty+	0.01	-72	-54	173	11
4.15	3.75	-6	0.41837		grating		tz+	0.01	-72	-54	-119	-8
4.15	3.75	-6	0.43580		grating		dx+	1.00	-75	-25	 0	 0
4.15	3.75	-6	0.43580		grating		dy+	1.00	-75	-25	 0	 0
4.15	3.75	-6	0.43580		grating		dz+	1.00	-75	-25	 0	 0
4.15	3.75	-6	0.43580		grating		tx+	0.01	-75	-25	 3	174
4.15	3.75	-6	0.43580		grating		ty+	0.01	-75	-25	170	10
4.15	3.75	-6	0.43580		grating		tz+	0.01	-75	-25	-123	-7
4.15	3.75	-6	0.45323		grating		dx+	1.00	-78	 5	 0	 0
4.15	3.75	-6	0.45323		grating		dy+	1.00	-78	 5	 0	 0
4.15	3.75	-6	0.45323		grating		dz+	1.00	-78	 5	 0	 0
4.15	3.75	-6	0.45323		grating		tx+	0.01	-78	 5	 6	175
4.15	3.75	-6	0.45323		grating		ty+	0.01	-78	 5	168	 9
4.15	3.75	-6	0.45323		grating		tz+	0.01	-78	 5	-128	-7
4.15	3.75	-6	0.47383		grating		dx+	1.00	-82	40	 0	 0
4.15	3.75	-6	0.47383		grating		dy+	1.00	-82	40	 0	 0
4.15	3.75	-6	0.47383		grating		dz+	1.00	-82	40	 0	 0
4.15	3.75	-6	0.47383		grating		tx+	0.01	-82	40	10	177
4.15	3.75	-6	0.47383		grating		ty+	0.01	-82	40	166	 8
4.15	3.75	-6	0.47383		grating		tz+	0.01	-82	40	-135	-7
4.15	3.75	-6	0.49443		grating		dx+	1.00	-84	77	 0	 0
4.15	3.75	-6	0.49443		grating		dy+	1.00	-84	77	 0	 0
4.15	3.75	-6	0.49443		grating		dz+	1.00	-84	77	 0	 0
4.15	3.75	-6	0.49443		grating		tx+	0.01	-84	77	13	181
4.15	3.75	-6	0.49443		grating		ty+	0.01	-84	77	164	 7
4.15	3.75	-6	0.49443		grating		tz+	0.01	-84	77	-141	-6
4.15	3.75	-7	0.36258		grating		dx+	1.00	-71	-46	 0	 0
4.15	3.75	-7	0.36258		grating		dy+	1.00	-71	-46	 0	 0
4.15	3.75	-7	0.36258		grating		dz+	1.00	-71	-46	 0	 0
4.15	3.75	-7	0.36258		grating		tx+	0.01	-71	-46	 0	173
4.15	3.75	-7	0.36258		grating		ty+	0.01	-71	-46	172	11
4.15	3.75	-7	0.36258		grating		tz+	0.01	-71	-46	-120	-8
4.15	3.75	-7	0.37553		grating		dx+	1.00	-74	-21	 0	 0
4.15	3.75	-7	0.37553		grating		dy+	1.00	-74	-21	 0	 0
4.15	3.75	-7	0.37553		grating		dz+	1.00	-74	-21	 0	 0
4.15	3.75	-7	0.37553		grating		tx+	0.01	-74	-21	 3	174
4.15	3.75	-7	0.37553		grating		ty+	0.01	-74	-21	170	10
4.15	3.75	-7	0.37553		grating		tz+	0.01	-74	-21	-124	-7
4.15	3.75	-7	0.38848		grating		dx+	1.00	-77	 5	 0	 0
4.15	3.75	-7	0.38848		grating		dy+	1.00	-77	 5	 0	 0
4.15	3.75	-7	0.38848		grating		dz+	1.00	-77	 5	 0	 0
4.15	3.75	-7	0.38848		grating		tx+	0.01	-77	 5	 6	174
4.15	3.75	-7	0.38848		grating		ty+	0.01	-77	 5	168	 9
4.15	3.75	-7	0.38848		grating		tz+	0.01	-77	 5	-128	-7
4.15	3.75	-7	0.40342		grating		dx+	1.00	-79	34	 0	 0
4.15	3.75	-7	0.40342		grating		dy+	1.00	-79	34	 0	 0
4.15	3.75	-7	0.40342		grating		dz+	1.00	-79	34	 0	 0
4.15	3.75	-7	0.40342		grating		tx+	0.01	-79	34	 9	176
4.15	3.75	-7	0.40342		grating		ty+	0.01	-79	34	167	 9
4.15	3.75	-7	0.40342		grating		tz+	0.01	-79	34	-134	-7
4.15	3.75	-7	0.41837		grating		dx+	1.00	-82	65	 0	 0
4.15	3.75	-7	0.41837		grating		dy+	1.00	-82	65	 0	 0
4.15	3.75	-7	0.41837		grating		dz+	1.00	-82	65	 0	 0
4.15	3.75	-7	0.41837		grating		tx+	0.01	-82	65	12	180
4.15	3.75	-7	0.41837		grating		ty+	0.01	-82	65	165	 8
4.15	3.75	-7	0.41837		grating		tz+	0.01	-82	65	-139	-6
4.15	3.75	-8	0.31993		grating		dx+	1.00	-69	-40	 0	 0
4.15	3.75	-8	0.31993		grating		dy+	1.00	-69	-40	 0	 0
4.15	3.75	-8	0.31993		grating		dz+	1.00	-69	-40	 0	 0
4.15	3.75	-8	0.31993		grating		tx+	0.01	-69	-40	 1	173
4.15	3.75	-8	0.31993		grating		ty+	0.01	-69	-40	172	11
4.15	3.75	-8	0.31993		grating		tz+	0.01	-69	-40	-121	-7
4.15	3.75	-8	0.32993		grating		dx+	1.00	-72	-18	 0	 0
4.15	3.75	-8	0.32993		grating		dy+	1.00	-72	-18	 0	 0
4.15	3.75	-8	0.32993		grating		dz+	1.00	-72	-18	 0	 0
4.15	3.75	-8	0.32993		grating		tx+	0.01	-72	-18	 3	173
4.15	3.75	-8	0.32993		grating		ty+	0.01	-72	-18	170	10
4.15	3.75	-8	0.32993		grating		tz+	0.01	-72	-18	-125	-7
4.15	3.75	-8	0.33992		grating		dx+	1.00	-75	 4	 0	 0
4.15	3.75	-8	0.33992		grating		dy+	1.00	-75	 4	 0	 0
4.15	3.75	-8	0.33992		grating		dz+	1.00	-75	 4	 0	 0
4.15	3.75	-8	0.33992		grating		tx+	0.01	-75	 4	 6	174
4.15	3.75	-8	0.33992		grating		ty+	0.01	-75	 4	168	 9
4.15	3.75	-8	0.33992		grating		tz+	0.01	-75	 4	-128	-7
4.15	3.75	-8	0.35125		grating		dx+	1.00	-77	30	 0	 0
4.15	3.75	-8	0.35125		grating		dy+	1.00	-77	30	 0	 0
4.15	3.75	-8	0.35125		grating		dz+	1.00	-77	30	 0	 0
4.15	3.75	-8	0.35125		grating		tx+	0.01	-77	30	 9	176
4.15	3.75	-8	0.35125		grating		ty+	0.01	-77	30	167	 9
4.15	3.75	-8	0.35125		grating		tz+	0.01	-77	30	-133	-7
4.15	3.75	-8	0.36258		grating		dx+	1.00	-79	57	 0	 0
4.15	3.75	-8	0.36258		grating		dy+	1.00	-79	57	 0	 0
4.15	3.75	-8	0.36258		grating		dz+	1.00	-79	57	 0	 0
4.15	3.75	-8	0.36258		grating		tx+	0.01	-79	57	11	179
4.15	3.75	-8	0.36258		grating		ty+	0.01	-79	57	165	 8
4.15	3.75	-8	0.36258		grating		tz+	0.01	-79	57	-138	-7
2.08	3.75	-5	0.49443		grating		dx+	1.00	-32	-61	 0	 0
2.08	3.75	-5	0.49443		grating		dy+	1.00	-32	-61	 0	 0
2.08	3.75	-5	0.49443		grating		dz+	1.00	-32	-61	 0	 0
2.08	3.75	-5	0.49443		grating		tx+	0.01	-32	-61	-1	171
2.08	3.75	-5	0.49443		grating		ty+	0.01	-32	-61	172	14
2.08	3.75	-5	0.49443		grating		tz+	0.01	-32	-61	-118	-9
2.08	3.75	-5	0.51915		grating		dx+	1.00	-37	-27	 0	 0
2.08	3.75	-5	0.51915		grating		dy+	1.00	-37	-27	 0	 0
2.08	3.75	-5	0.51915		grating		dz+	1.00	-37	-27	 0	 0
2.08	3.75	-5	0.51915		grating		tx+	0.01	-37	-27	 2	171
2.08	3.75	-5	0.51915		grating		ty+	0.01	-37	-27	170	13
2.08	3.75	-5	0.51915		grating		tz+	0.01	-37	-27	-123	-10
2.08	3.75	-5	0.54388		grating		dx+	1.00	-40	 7	 0	 0
2.08	3.75	-5	0.54388		grating		dy+	1.00	-40	 7	 0	 0
2.08	3.75	-5	0.54388		grating		dz+	1.00	-40	 7	 0	 0
2.08	3.75	-5	0.54388		grating		tx+	0.01	-40	 7	 6	172
2.08	3.75	-5	0.54388		grating		ty+	0.01	-40	 7	167	13
2.08	3.75	-5	0.54388		grating		tz+	0.01	-40	 7	-129	-10
2.08	3.75	-5	0.57409		grating		dx+	1.00	-44	51	 0	 0
2.08	3.75	-5	0.57409		grating		dy+	1.00	-44	51	 0	 0
2.08	3.75	-5	0.57409		grating		dz+	1.00	-44	51	 0	 0
2.08	3.75	-5	0.57409		grating		tx+	0.01	-44	51	12	176
2.08	3.75	-5	0.57409		grating		ty+	0.01	-44	51	164	13
2.08	3.75	-5	0.57409		grating		tz+	0.01	-44	51	-137	-10
2.08	3.75	-5	0.60431		grating		dx+	1.00	-46	96	 0	 0
2.08	3.75	-5	0.60431		grating		dy+	1.00	-46	96	 0	 0
2.08	3.75	-5	0.60431		grating		dz+	1.00	-46	96	 0	 0
2.08	3.75	-5	0.60431		grating		tx+	0.01	-46	96	17	182
2.08	3.75	-5	0.60431		grating		ty+	0.01	-46	96	162	12
2.08	3.75	-5	0.60431		grating		tz+	0.01	-46	96	-145	-11
2.08	3.75	-6	0.41837		grating		dx+	1.00	-32	-51	 0	 0
2.08	3.75	-6	0.41837		grating		dy+	1.00	-32	-51	 0	 0
2.08	3.75	-6	0.41837		grating		dz+	1.00	-32	-51	 0	 0
2.08	3.75	-6	0.41837		grating		tx+	0.01	-32	-51	 0	171
2.08	3.75	-6	0.41837		grating		ty+	0.01	-32	-51	172	14
2.08	3.75	-6	0.41837		grating		tz+	0.01	-32	-51	-120	-9
2.08	3.75	-6	0.43580		grating		dx+	1.00	-36	-22	 0	 0
2.08	3.75	-6	0.43580		grating		dy+	1.00	-36	-22	 0	 0
2.08	3.75	-6	0.43580		grating		dz+	1.00	-36	-22	 0	 0
2.08	3.75	-6	0.43580		grating		tx+	0.01	-36	-22	 3	171
2.08	3.75	-6	0.43580		grating		ty+	0.01	-36	-22	169	13
2.08	3.75	-6	0.43580		grating		tz+	0.01	-36	-22	-124	-10
2.08	3.75	-6	0.45323		grating		dx+	1.00	-39	 7	 0	 0
2.08	3.75	-6	0.45323		grating		dy+	1.00	-39	 7	 0	 0
2.08	3.75	-6	0.45323		grating		dz+	1.00	-39	 7	 0	 0
2.08	3.75	-6	0.45323		grating		tx+	0.01	-39	 7	 6	172
2.08	3.75	-6	0.45323		grating		ty+	0.01	-39	 7	167	13
2.08	3.75	-6	0.45323		grating		tz+	0.01	-39	 7	-129	-10
2.08	3.75	-6	0.47383		grating		dx+	1.00	-42	43	 0	 0
2.08	3.75	-6	0.47383		grating		dy+	1.00	-42	43	 0	 0
2.08	3.75	-6	0.47383		grating		dz+	1.00	-42	43	 0	 0
2.08	3.75	-6	0.47383		grating		tx+	0.01	-42	43	11	175
2.08	3.75	-6	0.47383		grating		ty+	0.01	-42	43	165	13
2.08	3.75	-6	0.47383		grating		tz+	0.01	-42	43	-135	-10
2.08	3.75	-6	0.49443		grating		dx+	1.00	-44	79	 0	 0
2.08	3.75	-6	0.49443		grating		dy+	1.00	-44	79	 0	 0
2.08	3.75	-6	0.49443		grating		dz+	1.00	-44	79	 0	 0
2.08	3.75	-6	0.49443		grating		tx+	0.01	-44	79	15	179
2.08	3.75	-6	0.49443		grating		ty+	0.01	-44	79	163	12
2.08	3.75	-6	0.49443		grating		tz+	0.01	-44	79	-142	-11
2.08	3.75	-7	0.36258		grating		dx+	1.00	-31	-43	 0	 0
2.08	3.75	-7	0.36258		grating		dy+	1.00	-31	-43	 0	 0
2.08	3.75	-7	0.36258		grating		dz+	1.00	-31	-43	 0	 0
2.08	3.75	-7	0.36258		grating		tx+	0.01	-31	-43	 0	171
2.08	3.75	-7	0.36258		grating		ty+	0.01	-31	-43	171	14
2.08	3.75	-7	0.36258		grating		tz+	0.01	-31	-43	-121	-9
2.08	3.75	-7	0.37553		grating		dx+	1.00	-34	-18	 0	 0
2.08	3.75	-7	0.37553		grating		dy+	1.00	-34	-18	 0	 0
2.08	3.75	-7	0.37553		grating		dz+	1.00	-34	-18	 0	 0
2.08	3.75	-7	0.37553		grating		tx+	0.01	-34	-18	 3	171
2.08	3.75	-7	0.37553		grating		ty+	0.01	-34	-18	169	13
2.08	3.75	-7	0.37553		grating		tz+	0.01	-34	-18	-125	-10
2.08	3.75	-7	0.38848		grating		dx+	1.00	-37	 7	 0	 0
2.08	3.75	-7	0.38848		grating		dy+	1.00	-37	 7	 0	 0
2.08	3.75	-7	0.38848		grating		dz+	1.00	-37	 7	 0	 0
2.08	3.75	-7	0.38848		grating		tx+	0.01	-37	 7	 6	172
2.08	3.75	-7	0.38848		grating		ty+	0.01	-37	 7	167	13
2.08	3.75	-7	0.38848		grating		tz+	0.01	-37	 7	-129	-10
2.08	3.75	-7	0.40342		grating		dx+	1.00	-40	37	 0	 0
2.08	3.75	-7	0.40342		grating		dy+	1.00	-40	37	 0	 0
2.08	3.75	-7	0.40342		grating		dz+	1.00	-40	37	 0	 0
2.08	3.75	-7	0.40342		grating		tx+	0.01	-40	37	10	174
2.08	3.75	-7	0.40342		grating		ty+	0.01	-40	37	165	13
2.08	3.75	-7	0.40342		grating		tz+	0.01	-40	37	-134	-10
2.08	3.75	-7	0.41837		grating		dx+	1.00	-42	68	 0	 0
2.08	3.75	-7	0.41837		grating		dy+	1.00	-42	68	 0	 0
2.08	3.75	-7	0.41837		grating		dz+	1.00	-42	68	 0	 0
2.08	3.75	-7	0.41837		grating		tx+	0.01	-42	68	14	177
2.08	3.75	-7	0.41837		grating		ty+	0.01	-42	68	164	12
2.08	3.75	-7	0.41837		grating		tz+	0.01	-42	68	-140	-11
2.08	3.75	-8	0.31993		grating		dx+	1.00	-29	-37	 0	 0
2.08	3.75	-8	0.31993		grating		dy+	1.00	-29	-37	 0	 0
2.08	3.75	-8	0.31993		grating		dz+	1.00	-29	-37	 0	 0
2.08	3.75	-8	0.31993		grating		tx+	0.01	-29	-37	 1	171
2.08	3.75	-8	0.31993		grating		ty+	0.01	-29	-37	171	13
2.08	3.75	-8	0.31993		grating		tz+	0.01	-29	-37	-122	-9
2.08	3.75	-8	0.32993		grating		dx+	1.00	-32	-15	 0	 0
2.08	3.75	-8	0.32993		grating		dy+	1.00	-32	-15	 0	 0
2.08	3.75	-8	0.32993		grating		dz+	1.00	-32	-15	 0	 0
2.08	3.75	-8	0.32993		grating		tx+	0.01	-32	-15	 3	171
2.08	3.75	-8	0.32993		grating		ty+	0.01	-32	-15	169	13
2.08	3.75	-8	0.32993		grating		tz+	0.01	-32	-15	-126	-10
2.08	3.75	-8	0.33992		grating		dx+	1.00	-35	 7	 0	 0
2.08	3.75	-8	0.33992		grating		dy+	1.00	-35	 7	 0	 0
2.08	3.75	-8	0.33992		grating		dz+	1.00	-35	 7	 0	 0
2.08	3.75	-8	0.33992		grating		tx+	0.01	-35	 7	 6	172
2.08	3.75	-8	0.33992		grating		ty+	0.01	-35	 7	167	13
2.08	3.75	-8	0.33992		grating		tz+	0.01	-35	 7	-129	-10
2.08	3.75	-8	0.35125		grating		dx+	1.00	-38	33	 0	 0
2.08	3.75	-8	0.35125		grating		dy+	1.00	-38	33	 0	 0
2.08	3.75	-8	0.35125		grating		dz+	1.00	-38	33	 0	 0
2.08	3.75	-8	0.35125		grating		tx+	0.01	-38	33	10	174
2.08	3.75	-8	0.35125		grating		ty+	0.01	-38	33	166	13
2.08	3.75	-8	0.35125		grating		tz+	0.01	-38	33	-134	-10
2.08	3.75	-8	0.36258		grating		dx+	1.00	-40	60	 0	 0
2.08	3.75	-8	0.36258		grating		dy+	1.00	-40	60	 0	 0
2.08	3.75	-8	0.36258		grating		dz+	1.00	-40	60	 0	 0
2.08	3.75	-8	0.36258		grating		tx+	0.01	-40	60	13	176
2.08	3.75	-8	0.36258		grating		ty+	0.01	-40	60	164	13
2.08	3.75	-8	0.36258		grating		tz+	0.01	-40	60	-139	-11
0.00	3.75	-5	0.49443		grating		dx+	1.00	 8	-56	 0	 0
0.00	3.75	-5	0.49443		grating		dy+	1.00	 8	-56	 0	 0
0.00	3.75	-5	0.49443		grating		dz+	1.00	 8	-56	 0	 0
0.00	3.75	-5	0.49443		grating		tx+	0.01	 8	-56	-2	169
0.00	3.75	-5	0.49443		grating		ty+	0.01	 8	-56	173	16
0.00	3.75	-5	0.49443		grating		tz+	0.01	 8	-56	-121	-11
0.00	3.75	-5	0.51915		grating		dx+	1.00	 3	-22	 0	 0
0.00	3.75	-5	0.51915		grating		dy+	1.00	 3	-22	 0	 0
0.00	3.75	-5	0.51915		grating		dz+	1.00	 3	-22	 0	 0
0.00	3.75	-5	0.51915		grating		tx+	0.01	 3	-22	 2	169
0.00	3.75	-5	0.51915		grating		ty+	0.01	 3	-22	170	16
0.00	3.75	-5	0.51915		grating		tz+	0.01	 3	-22	-126	-12
0.00	3.75	-5	0.54388		grating		dx+	1.00	-0	13	 0	 0
0.00	3.75	-5	0.54388		grating		dy+	1.00	-0	13	 0	 0
0.00	3.75	-5	0.54388		grating		dz+	1.00	-0	13	 0	 0
0.00	3.75	-5	0.54388		grating		tx+	0.01	-0	13	 7	170
0.00	3.75	-5	0.54388		grating		ty+	0.01	-0	13	167	17
0.00	3.75	-5	0.54388		grating		tz+	0.01	-0	13	-132	-13
0.00	3.75	-5	0.57409		grating		dx+	1.00	-4	56	 0	 0
0.00	3.75	-5	0.57409		grating		dy+	1.00	-4	56	 0	 0
0.00	3.75	-5	0.57409		grating		dz+	1.00	-4	56	 0	 0
0.00	3.75	-5	0.57409		grating		tx+	0.01	-4	56	14	174
0.00	3.75	-5	0.57409		grating		ty+	0.01	-4	56	165	17
0.00	3.75	-5	0.57409		grating		tz+	0.01	-4	56	-140	-14
0.00	3.75	-5	0.60431		grating		dx+	1.00	-6	102	 0	 0
0.00	3.75	-5	0.60431		grating		dy+	1.00	-6	102	 0	 0
0.00	3.75	-5	0.60431		grating		dz+	1.00	-6	102	 0	 0
0.00	3.75	-5	0.60431		grating		tx+	0.01	-6	102	21	180
0.00	3.75	-5	0.60431		grating		ty+	0.01	-6	102	162	18
0.00	3.75	-5	0.60431		grating		tz+	0.01	-6	102	-149	-16
0.00	3.75	-6	0.41837		grating		dx+	1.00	 8	-45	 0	 0
0.00	3.75	-6	0.41837		grating		dy+	1.00	 8	-45	 0	 0
0.00	3.75	-6	0.41837		grating		dz+	1.00	 8	-45	 0	 0
0.00	3.75	-6	0.41837		grating		tx+	0.01	 8	-45	 0	169
0.00	3.75	-6	0.41837		grating		ty+	0.01	 8	-45	172	16
0.00	3.75	-6	0.41837		grating		tz+	0.01	 8	-45	-122	-11
0.00	3.75	-6	0.43580		grating		dx+	1.00	 4	-16	 0	 0
0.00	3.75	-6	0.43580		grating		dy+	1.00	 4	-16	 0	 0
0.00	3.75	-6	0.43580		grating		dz+	1.00	 4	-16	 0	 0
0.00	3.75	-6	0.43580		grating		tx+	0.01	 4	-16	 3	169
0.00	3.75	-6	0.43580		grating		ty+	0.01	 4	-16	170	16
0.00	3.75	-6	0.43580		grating		tz+	0.01	 4	-16	-127	-12
0.00	3.75	-6	0.45323		grating		dx+	1.00	 1	13	 0	 0
0.00	3.75	-6	0.45323		grating		dy+	1.00	 1	13	 0	 0
0.00	3.75	-6	0.45323		grating		dz+	1.00	 1	13	 0	 0
0.00	3.75	-6	0.45323		grating		tx+	0.01	 1	13	 7	170
0.00	3.75	-6	0.45323		grating		ty+	0.01	 1	13	168	17
0.00	3.75	-6	0.45323		grating		tz+	0.01	 1	13	-132	-13
0.00	3.75	-6	0.47383		grating		dx+	1.00	-2	48	 0	 0
0.00	3.75	-6	0.47383		grating		dy+	1.00	-2	48	 0	 0
0.00	3.75	-6	0.47383		grating		dz+	1.00	-2	48	 0	 0
0.00	3.75	-6	0.47383		grating		tx+	0.01	-2	48	13	173
0.00	3.75	-6	0.47383		grating		ty+	0.01	-2	48	165	17
0.00	3.75	-6	0.47383		grating		tz+	0.01	-2	48	-138	-14
0.00	3.75	-6	0.49443		grating		dx+	1.00	-4	85	 0	 0
0.00	3.75	-6	0.49443		grating		dy+	1.00	-4	85	 0	 0
0.00	3.75	-6	0.49443		grating		dz+	1.00	-4	85	 0	 0
0.00	3.75	-6	0.49443		grating		tx+	0.01	-4	85	18	177
0.00	3.75	-6	0.49443		grating		ty+	0.01	-4	85	163	17
0.00	3.75	-6	0.49443		grating		tz+	0.01	-4	85	-145	-16
0.00	3.75	-7	0.36258		grating		dx+	1.00	 9	-38	 0	 0
0.00	3.75	-7	0.36258		grating		dy+	1.00	 9	-38	 0	 0
0.00	3.75	-7	0.36258		grating		dz+	1.00	 9	-38	 0	 0
0.00	3.75	-7	0.36258		grating		tx+	0.01	 9	-38	 0	168
0.00	3.75	-7	0.36258		grating		ty+	0.01	 9	-38	172	16
0.00	3.75	-7	0.36258		grating		tz+	0.01	 9	-38	-124	-11
0.00	3.75	-7	0.37553		grating		dx+	1.00	 6	-13	 0	 0
0.00	3.75	-7	0.37553		grating		dy+	1.00	 6	-13	 0	 0
0.00	3.75	-7	0.37553		grating		dz+	1.00	 6	-13	 0	 0
0.00	3.75	-7	0.37553		grating		tx+	0.01	 6	-13	 4	169
0.00	3.75	-7	0.37553		grating		ty+	0.01	 6	-13	170	16
0.00	3.75	-7	0.37553		grating		tz+	0.01	 6	-13	-128	-12
0.00	3.75	-7	0.38848		grating		dx+	1.00	 3	13	 0	 0
0.00	3.75	-7	0.38848		grating		dy+	1.00	 3	13	 0	 0
0.00	3.75	-7	0.38848		grating		dz+	1.00	 3	13	 0	 0
0.00	3.75	-7	0.38848		grating		tx+	0.01	 3	13	 7	170
0.00	3.75	-7	0.38848		grating		ty+	0.01	 3	13	168	17
0.00	3.75	-7	0.38848		grating		tz+	0.01	 3	13	-132	-13
0.00	3.75	-7	0.40342		grating		dx+	1.00	 0	43	 0	 0
0.00	3.75	-7	0.40342		grating		dy+	1.00	 0	43	 0	 0
0.00	3.75	-7	0.40342		grating		dz+	1.00	 0	43	 0	 0
0.00	3.75	-7	0.40342		grating		tx+	0.01	 0	43	12	172
0.00	3.75	-7	0.40342		grating		ty+	0.01	 0	43	166	17
0.00	3.75	-7	0.40342		grating		tz+	0.01	 0	43	-137	-14
0.00	3.75	-7	0.41837		grating		dx+	1.00	-2	74	 0	 0
0.00	3.75	-7	0.41837		grating		dy+	1.00	-2	74	 0	 0
0.00	3.75	-7	0.41837		grating		dz+	1.00	-2	74	 0	 0
0.00	3.75	-7	0.41837		grating		tx+	0.01	-2	74	16	176
0.00	3.75	-7	0.41837		grating		ty+	0.01	-2	74	164	17
0.00	3.75	-7	0.41837		grating		tz+	0.01	-2	74	-143	-15
0.00	3.75	-8	0.31993		grating		dx+	1.00	11	-32	 0	 0
0.00	3.75	-8	0.31993		grating		dy+	1.00	11	-32	 0	 0
0.00	3.75	-8	0.31993		grating		dz+	1.00	11	-32	 0	 0
0.00	3.75	-8	0.31993		grating		tx+	0.01	11	-32	 1	168
0.00	3.75	-8	0.31993		grating		ty+	0.01	11	-32	172	16
0.00	3.75	-8	0.31993		grating		tz+	0.01	11	-32	-125	-12
0.00	3.75	-8	0.32993		grating		dx+	1.00	 8	-10	 0	 0
0.00	3.75	-8	0.32993		grating		dy+	1.00	 8	-10	 0	 0
0.00	3.75	-8	0.32993		grating		dz+	1.00	 8	-10	 0	 0
0.00	3.75	-8	0.32993		grating		tx+	0.01	 8	-10	 4	169
0.00	3.75	-8	0.32993		grating		ty+	0.01	 8	-10	170	16
0.00	3.75	-8	0.32993		grating		tz+	0.01	 8	-10	-129	-12
0.00	3.75	-8	0.33992		grating		dx+	1.00	 5	13	 0	 0
0.00	3.75	-8	0.33992		grating		dy+	1.00	 5	13	 0	 0
0.00	3.75	-8	0.33992		grating		dz+	1.00	 5	13	 0	 0
0.00	3.75	-8	0.33992		grating		tx+	0.01	 5	13	 7	170
0.00	3.75	-8	0.33992		grating		ty+	0.01	 5	13	168	17
0.00	3.75	-8	0.33992		grating		tz+	0.01	 5	13	-132	-13
0.00	3.75	-8	0.35125		grating		dx+	1.00	 3	39	 0	 0
0.00	3.75	-8	0.35125		grating		dy+	1.00	 3	39	 0	 0
0.00	3.75	-8	0.35125		grating		dz+	1.00	 3	39	 0	 0
0.00	3.75	-8	0.35125		grating		tx+	0.01	 3	39	11	172
0.00	3.75	-8	0.35125		grating		ty+	0.01	 3	39	166	17
0.00	3.75	-8	0.35125		grating		tz+	0.01	 3	39	-137	-14
0.00	3.75	-8	0.36258		grating		dx+	1.00	 1	65	 0	 0
0.00	3.75	-8	0.36258		grating		dy+	1.00	 1	65	 0	 0
0.00	3.75	-8	0.36258		grating		dz+	1.00	 1	65	 0	 0
0.00	3.75	-8	0.36258		grating		tx+	0.01	 1	65	15	174
0.00	3.75	-8	0.36258		grating		ty+	0.01	 1	65	165	17
0.00	3.75	-8	0.36258		grating		tz+	0.01	 1	65	-142	-15
-2.08	3.75	-5	0.49443		grating		dx+	1.00	49	-48	 0	 0
-2.08	3.75	-5	0.49443		grating		dy+	1.00	49	-48	 0	 0
-2.08	3.75	-5	0.49443		grating		dz+	1.00	49	-48	 0	 0
-2.08	3.75	-5	0.49443		grating		tx+	0.01	49	-48	-1	166
-2.08	3.75	-5	0.49443		grating		ty+	0.01	49	-48	175	18
-2.08	3.75	-5	0.49443		grating		tz+	0.01	49	-48	-125	-13
-2.08	3.75	-5	0.51915		grating		dx+	1.00	44	-13	 0	 0
-2.08	3.75	-5	0.51915		grating		dy+	1.00	44	-13	 0	 0
-2.08	3.75	-5	0.51915		grating		dz+	1.00	44	-13	 0	 0
-2.08	3.75	-5	0.51915		grating		tx+	0.01	44	-13	 3	166
-2.08	3.75	-5	0.51915		grating		ty+	0.01	44	-13	172	19
-2.08	3.75	-5	0.51915		grating		tz+	0.01	44	-13	-131	-15
-2.08	3.75	-5	0.54388		grating		dx+	1.00	41	21	 0	 0
-2.08	3.75	-5	0.54388		grating		dy+	1.00	41	21	 0	 0
-2.08	3.75	-5	0.54388		grating		dz+	1.00	41	21	 0	 0
-2.08	3.75	-5	0.54388		grating		tx+	0.01	41	21	 9	168
-2.08	3.75	-5	0.54388		grating		ty+	0.01	41	21	169	20
-2.08	3.75	-5	0.54388		grating		tz+	0.01	41	21	-137	-16
-2.08	3.75	-5	0.57409		grating		dx+	1.00	38	65	 0	 0
-2.08	3.75	-5	0.57409		grating		dy+	1.00	38	65	 0	 0
-2.08	3.75	-5	0.57409		grating		dz+	1.00	38	65	 0	 0
-2.08	3.75	-5	0.57409		grating		tx+	0.01	38	65	17	172
-2.08	3.75	-5	0.57409		grating		ty+	0.01	38	65	167	22
-2.08	3.75	-5	0.57409		grating		tz+	0.01	38	65	-145	-19
-2.08	3.75	-5	0.60431		grating		dx+	1.00	36	112	 0	 0
-2.08	3.75	-5	0.60431		grating		dy+	1.00	36	112	 0	 0
-2.08	3.75	-5	0.60431		grating		dz+	1.00	36	112	 0	 0
-2.08	3.75	-5	0.60431		grating		tx+	0.01	36	112	25	179
-2.08	3.75	-5	0.60431		grating		ty+	0.01	36	112	164	24
-2.08	3.75	-5	0.60431		grating		tz+	0.01	36	112	-155	-22
-2.08	3.75	-6	0.41837		grating		dx+	1.00	49	-37	 0	 0
-2.08	3.75	-6	0.41837		grating		dy+	1.00	49	-37	 0	 0
-2.08	3.75	-6	0.41837		grating		dz+	1.00	49	-37	 0	 0
-2.08	3.75	-6	0.41837		grating		tx+	0.01	49	-37	 0	166
-2.08	3.75	-6	0.41837		grating		ty+	0.01	49	-37	174	18
-2.08	3.75	-6	0.41837		grating		tz+	0.01	49	-37	-127	-13
-2.08	3.75	-6	0.43580		grating		dx+	1.00	45	-8	 0	 0
-2.08	3.75	-6	0.43580		grating		dy+	1.00	45	-8	 0	 0
-2.08	3.75	-6	0.43580		grating		dz+	1.00	45	-8	 0	 0
-2.08	3.75	-6	0.43580		grating		tx+	0.01	45	-8	 4	166
-2.08	3.75	-6	0.43580		grating		ty+	0.01	45	-8	172	19
-2.08	3.75	-6	0.43580		grating		tz+	0.01	45	-8	-132	-15
-2.08	3.75	-6	0.45323		grating		dx+	1.00	42	21	 0	 0
-2.08	3.75	-6	0.45323		grating		dy+	1.00	42	21	 0	 0
-2.08	3.75	-6	0.45323		grating		dz+	1.00	42	21	 0	 0
-2.08	3.75	-6	0.45323		grating		tx+	0.01	42	21	 9	168
-2.08	3.75	-6	0.45323		grating		ty+	0.01	42	21	170	20
-2.08	3.75	-6	0.45323		grating		tz+	0.01	42	21	-137	-16
-2.08	3.75	-6	0.47383		grating		dx+	1.00	40	57	 0	 0
-2.08	3.75	-6	0.47383		grating		dy+	1.00	40	57	 0	 0
-2.08	3.75	-6	0.47383		grating		dz+	1.00	40	57	 0	 0
-2.08	3.75	-6	0.47383		grating		tx+	0.01	40	57	15	171
-2.08	3.75	-6	0.47383		grating		ty+	0.01	40	57	167	22
-2.08	3.75	-6	0.47383		grating		tz+	0.01	40	57	-144	-18
-2.08	3.75	-6	0.49443		grating		dx+	1.00	38	95	 0	 0
-2.08	3.75	-6	0.49443		grating		dy+	1.00	38	95	 0	 0
-2.08	3.75	-6	0.49443		grating		dz+	1.00	38	95	 0	 0
-2.08	3.75	-6	0.49443		grating		tx+	0.01	38	95	22	176
-2.08	3.75	-6	0.49443		grating		ty+	0.01	38	95	165	23
-2.08	3.75	-6	0.49443		grating		tz+	0.01	38	95	-151	-21
-2.08	3.75	-7	0.36258		grating		dx+	1.00	50	-29	 0	 0
-2.08	3.75	-7	0.36258		grating		dy+	1.00	50	-29	 0	 0
-2.08	3.75	-7	0.36258		grating		dz+	1.00	50	-29	 0	 0
-2.08	3.75	-7	0.36258		grating		tx+	0.01	50	-29	 1	166
-2.08	3.75	-7	0.36258		grating		ty+	0.01	50	-29	174	19
-2.08	3.75	-7	0.36258		grating		tz+	0.01	50	-29	-129	-14
-2.08	3.75	-7	0.37553		grating		dx+	1.00	47	-4	 0	 0
-2.08	3.75	-7	0.37553		grating		dy+	1.00	47	-4	 0	 0
-2.08	3.75	-7	0.37553		grating		dz+	1.00	47	-4	 0	 0
-2.08	3.75	-7	0.37553		grating		tx+	0.01	47	-4	 5	167
-2.08	3.75	-7	0.37553		grating		ty+	0.01	47	-4	172	20
-2.08	3.75	-7	0.37553		grating		tz+	0.01	47	-4	-133	-15
-2.08	3.75	-7	0.38848		grating		dx+	1.00	44	22	 0	 0
-2.08	3.75	-7	0.38848		grating		dy+	1.00	44	22	 0	 0
-2.08	3.75	-7	0.38848		grating		dz+	1.00	44	22	 0	 0
-2.08	3.75	-7	0.38848		grating		tx+	0.01	44	22	 9	168
-2.08	3.75	-7	0.38848		grating		ty+	0.01	44	22	170	20
-2.08	3.75	-7	0.38848		grating		tz+	0.01	44	22	-137	-16
-2.08	3.75	-7	0.40342		grating		dx+	1.00	42	52	 0	 0
-2.08	3.75	-7	0.40342		grating		dy+	1.00	42	52	 0	 0
-2.08	3.75	-7	0.40342		grating		dz+	1.00	42	52	 0	 0
-2.08	3.75	-7	0.40342		grating		tx+	0.01	42	52	15	170
-2.08	3.75	-7	0.40342		grating		ty+	0.01	42	52	168	21
-2.08	3.75	-7	0.40342		grating		tz+	0.01	42	52	-143	-18
-2.08	3.75	-7	0.41837		grating		dx+	1.00	40	83	 0	 0
-2.08	3.75	-7	0.41837		grating		dy+	1.00	40	83	 0	 0
-2.08	3.75	-7	0.41837		grating		dz+	1.00	40	83	 0	 0
-2.08	3.75	-7	0.41837		grating		tx+	0.01	40	83	20	174
-2.08	3.75	-7	0.41837		grating		ty+	0.01	40	83	166	23
-2.08	3.75	-7	0.41837		grating		tz+	0.01	40	83	-149	-20
-2.08	3.75	-8	0.31993		grating		dx+	1.00	52	-23	 0	 0
-2.08	3.75	-8	0.31993		grating		dy+	1.00	52	-23	 0	 0
-2.08	3.75	-8	0.31993		grating		dz+	1.00	52	-23	 0	 0
-2.08	3.75	-8	0.31993		grating		tx+	0.01	52	-23	 2	166
-2.08	3.75	-8	0.31993		grating		ty+	0.01	52	-23	174	19
-2.08	3.75	-8	0.31993		grating		tz+	0.01	52	-23	-130	-14
-2.08	3.75	-8	0.32993		grating		dx+	1.00	49	-1	 0	 0
-2.08	3.75	-8	0.32993		grating		dy+	1.00	49	-1	 0	 0
-2.08	3.75	-8	0.32993		grating		dz+	1.00	49	-1	 0	 0
-2.08	3.75	-8	0.32993		grating		tx+	0.01	49	-1	 6	167
-2.08	3.75	-8	0.32993		grating		ty+	0.01	49	-1	172	20
-2.08	3.75	-8	0.32993		grating		tz+	0.01	49	-1	-134	-15
-2.08	3.75	-8	0.33992		grating		dx+	1.00	46	22	 0	 0
-2.08	3.75	-8	0.33992		grating		dy+	1.00	46	22	 0	 0
-2.08	3.75	-8	0.33992		grating		dz+	1.00	46	22	 0	 0
-2.08	3.75	-8	0.33992		grating		tx+	0.01	46	22	 9	168
-2.08	3.75	-8	0.33992		grating		ty+	0.01	46	22	170	20
-2.08	3.75	-8	0.33992		grating		tz+	0.01	46	22	-138	-16
-2.08	3.75	-8	0.35125		grating		dx+	1.00	44	48	 0	 0
-2.08	3.75	-8	0.35125		grating		dy+	1.00	44	48	 0	 0
-2.08	3.75	-8	0.35125		grating		dz+	1.00	44	48	 0	 0
-2.08	3.75	-8	0.35125		grating		tx+	0.01	44	48	14	170
-2.08	3.75	-8	0.35125		grating		ty+	0.01	44	48	168	21
-2.08	3.75	-8	0.35125		grating		tz+	0.01	44	48	-142	-18
-2.08	3.75	-8	0.36258		grating		dx+	1.00	42	75	 0	 0
-2.08	3.75	-8	0.36258		grating		dy+	1.00	42	75	 0	 0
-2.08	3.75	-8	0.36258		grating		dz+	1.00	42	75	 0	 0
-2.08	3.75	-8	0.36258		grating		tx+	0.01	42	75	19	173
-2.08	3.75	-8	0.36258		grating		ty+	0.01	42	75	167	22
-2.08	3.75	-8	0.36258		grating		tz+	0.01	42	75	-148	-20
-4.15	3.75	-5	0.49443		grating		dx+	1.00	91	-37	 0	 0
-4.15	3.75	-5	0.49443		grating		dy+	1.00	91	-37	 0	 0
-4.15	3.75	-5	0.49443		grating		dz+	1.00	91	-37	 0	 0
-4.15	3.75	-5	0.49443		grating		tx+	0.01	91	-37	 0	164
-4.15	3.75	-5	0.49443		grating		ty+	0.01	91	-37	179	21
-4.15	3.75	-5	0.49443		grating		tz+	0.01	91	-37	-132	-15
-4.15	3.75	-5	0.51915		grating		dx+	1.00	86	-2	 0	 0
-4.15	3.75	-5	0.51915		grating		dy+	1.00	86	-2	 0	 0
-4.15	3.75	-5	0.51915		grating		dz+	1.00	86	-2	 0	 0
-4.15	3.75	-5	0.51915		grating		tx+	0.01	86	-2	 6	164
-4.15	3.75	-5	0.51915		grating		ty+	0.01	86	-2	176	23
-4.15	3.75	-5	0.51915		grating		tz+	0.01	86	-2	-138	-18
-4.15	3.75	-5	0.54388		grating		dx+	1.00	83	33	 0	 0
-4.15	3.75	-5	0.54388		grating		dy+	1.00	83	33	 0	 0
-4.15	3.75	-5	0.54388		grating		dz+	1.00	83	33	 0	 0
-4.15	3.75	-5	0.54388		grating		tx+	0.01	83	33	12	166
-4.15	3.75	-5	0.54388		grating		ty+	0.01	83	33	173	25
-4.15	3.75	-5	0.54388		grating		tz+	0.01	83	33	-144	-20
-4.15	3.75	-5	0.57409		grating		dx+	1.00	81	78	 0	 0
-4.15	3.75	-5	0.57409		grating		dy+	1.00	81	78	 0	 0
-4.15	3.75	-5	0.57409		grating		dz+	1.00	81	78	 0	 0
-4.15	3.75	-5	0.57409		grating		tx+	0.01	81	78	21	171
-4.15	3.75	-5	0.57409		grating		ty+	0.01	81	78	170	27
-4.15	3.75	-5	0.57409		grating		tz+	0.01	81	78	-154	-24
-4.15	3.75	-5	0.60431		grating		dx+	1.00	80	126	 0	 0
-4.15	3.75	-5	0.60431		grating		dy+	1.00	80	126	 0	 0
-4.15	3.75	-5	0.60431		grating		dz+	1.00	80	126	 0	 0
-4.15	3.75	-5	0.60431		grating		tx+	0.01	80	126	31	180
-4.15	3.75	-5	0.60431		grating		ty+	0.01	80	126	169	30
-4.15	3.75	-5	0.60431		grating		tz+	0.01	80	126	-165	-30
-4.15	3.75	-6	0.41837		grating		dx+	1.00	92	-26	 0	 0
-4.15	3.75	-6	0.41837		grating		dy+	1.00	92	-26	 0	 0
-4.15	3.75	-6	0.41837		grating		dz+	1.00	92	-26	 0	 0
-4.15	3.75	-6	0.41837		grating		tx+	0.01	92	-26	 1	164
-4.15	3.75	-6	0.41837		grating		ty+	0.01	92	-26	179	21
-4.15	3.75	-6	0.41837		grating		tz+	0.01	92	-26	-134	-16
-4.15	3.75	-6	0.43580		grating		dx+	1.00	88	 3	 0	 0
-4.15	3.75	-6	0.43580		grating		dy+	1.00	88	 3	 0	 0
-4.15	3.75	-6	0.43580		grating		dz+	1.00	88	 3	 0	 0
-4.15	3.75	-6	0.43580		grating		tx+	0.01	88	 3	 7	165
-4.15	3.75	-6	0.43580		grating		ty+	0.01	88	 3	176	23
-4.15	3.75	-6	0.43580		grating		tz+	0.01	88	 3	-139	-18
-4.15	3.75	-6	0.45323		grating		dx+	1.00	85	33	 0	 0
-4.15	3.75	-6	0.45323		grating		dy+	1.00	85	33	 0	 0
-4.15	3.75	-6	0.45323		grating		dz+	1.00	85	33	 0	 0
-4.15	3.75	-6	0.45323		grating		tx+	0.01	85	33	13	166
-4.15	3.75	-6	0.45323		grating		ty+	0.01	85	33	173	25
-4.15	3.75	-6	0.45323		grating		tz+	0.01	85	33	-145	-20
-4.15	3.75	-6	0.47383		grating		dx+	1.00	82	70	 0	 0
-4.15	3.75	-6	0.47383		grating		dy+	1.00	82	70	 0	 0
-4.15	3.75	-6	0.47383		grating		dz+	1.00	82	70	 0	 0
-4.15	3.75	-6	0.47383		grating		tx+	0.01	82	70	20	170
-4.15	3.75	-6	0.47383		grating		ty+	0.01	82	70	171	27
-4.15	3.75	-6	0.47383		grating		tz+	0.01	82	70	-152	-24
-4.15	3.75	-6	0.49443		grating		dx+	1.00	82	108	 0	 0
-4.15	3.75	-6	0.49443		grating		dy+	1.00	82	108	 0	 0
-4.15	3.75	-6	0.49443		grating		dz+	1.00	82	108	 0	 0
-4.15	3.75	-6	0.49443		grating		tx+	0.01	82	108	27	176
-4.15	3.75	-6	0.49443		grating		ty+	0.01	82	108	169	29
-4.15	3.75	-6	0.49443		grating		tz+	0.01	82	108	-161	-28
-4.15	3.75	-7	0.36258		grating		dx+	1.00	93	-18	 0	 0
-4.15	3.75	-7	0.36258		grating		dy+	1.00	93	-18	 0	 0
-4.15	3.75	-7	0.36258		grating		dz+	1.00	93	-18	 0	 0
-4.15	3.75	-7	0.36258		grating		tx+	0.01	93	-18	 2	164
-4.15	3.75	-7	0.36258		grating		ty+	0.01	93	-18	178	22
-4.15	3.75	-7	0.36258		grating		tz+	0.01	93	-18	-136	-16
-4.15	3.75	-7	0.37553		grating		dx+	1.00	89	 7	 0	 0
-4.15	3.75	-7	0.37553		grating		dy+	1.00	89	 7	 0	 0
-4.15	3.75	-7	0.37553		grating		dz+	1.00	89	 7	 0	 0
-4.15	3.75	-7	0.37553		grating		tx+	0.01	89	 7	 7	165
-4.15	3.75	-7	0.37553		grating		ty+	0.01	89	 7	176	23
-4.15	3.75	-7	0.37553		grating		tz+	0.01	89	 7	-140	-18
-4.15	3.75	-7	0.38848		grating		dx+	1.00	87	34	 0	 0
-4.15	3.75	-7	0.38848		grating		dy+	1.00	87	34	 0	 0
-4.15	3.75	-7	0.38848		grating		dz+	1.00	87	34	 0	 0
-4.15	3.75	-7	0.38848		grating		tx+	0.01	87	34	13	166
-4.15	3.75	-7	0.38848		grating		ty+	0.01	87	34	174	25
-4.15	3.75	-7	0.38848		grating		tz+	0.01	87	34	-145	-20
-4.15	3.75	-7	0.40342		grating		dx+	1.00	85	65	 0	 0
-4.15	3.75	-7	0.40342		grating		dy+	1.00	85	65	 0	 0
-4.15	3.75	-7	0.40342		grating		dz+	1.00	85	65	 0	 0
-4.15	3.75	-7	0.40342		grating		tx+	0.01	85	65	19	169
-4.15	3.75	-7	0.40342		grating		ty+	0.01	85	65	172	26
-4.15	3.75	-7	0.40342		grating		tz+	0.01	85	65	-152	-23
-4.15	3.75	-7	0.41837		grating		dx+	1.00	84	97	 0	 0
-4.15	3.75	-7	0.41837		grating		dy+	1.00	84	97	 0	 0
-4.15	3.75	-7	0.41837		grating		dz+	1.00	84	97	 0	 0
-4.15	3.75	-7	0.41837		grating		tx+	0.01	84	97	25	174
-4.15	3.75	-7	0.41837		grating		ty+	0.01	84	97	170	28
-4.15	3.75	-7	0.41837		grating		tz+	0.01	84	97	-159	-26
-4.15	3.75	-8	0.31993		grating		dx+	1.00	95	-12	 0	 0
-4.15	3.75	-8	0.31993		grating		dy+	1.00	95	-12	 0	 0
-4.15	3.75	-8	0.31993		grating		dz+	1.00	95	-12	 0	 0
-4.15	3.75	-8	0.31993		grating		tx+	0.01	95	-12	 4	164
-4.15	3.75	-8	0.31993		grating		ty+	0.01	95	-12	178	22
-4.15	3.75	-8	0.31993		grating		tz+	0.01	95	-12	-138	-17
-4.15	3.75	-8	0.32993		grating		dx+	1.00	92	11	 0	 0
-4.15	3.75	-8	0.32993		grating		dy+	1.00	92	11	 0	 0
-4.15	3.75	-8	0.32993		grating		dz+	1.00	92	11	 0	 0
-4.15	3.75	-8	0.32993		grating		tx+	0.01	92	11	 8	165
-4.15	3.75	-8	0.32993		grating		ty+	0.01	92	11	176	23
-4.15	3.75	-8	0.32993		grating		tz+	0.01	92	11	-142	-19
-4.15	3.75	-8	0.33992		grating		dx+	1.00	89	34	 0	 0
-4.15	3.75	-8	0.33992		grating		dy+	1.00	89	34	 0	 0
-4.15	3.75	-8	0.33992		grating		dz+	1.00	89	34	 0	 0
-4.15	3.75	-8	0.33992		grating		tx+	0.01	89	34	13	166
-4.15	3.75	-8	0.33992		grating		ty+	0.01	89	34	174	25
-4.15	3.75	-8	0.33992		grating		tz+	0.01	89	34	-146	-20
-4.15	3.75	-8	0.35125		grating		dx+	1.00	87	61	 0	 0
-4.15	3.75	-8	0.35125		grating		dy+	1.00	87	61	 0	 0
-4.15	3.75	-8	0.35125		grating		dz+	1.00	87	61	 0	 0
-4.15	3.75	-8	0.35125		grating		tx+	0.01	87	61	18	169
-4.15	3.75	-8	0.35125		grating		ty+	0.01	87	61	173	26
-4.15	3.75	-8	0.35125		grating		tz+	0.01	87	61	-151	-23
-4.15	3.75	-8	0.36258		grating		dx+	1.00	86	88	 0	 0
-4.15	3.75	-8	0.36258		grating		dy+	1.00	86	88	 0	 0
-4.15	3.75	-8	0.36258		grating		dz+	1.00	86	88	 0	 0
-4.15	3.75	-8	0.36258		grating		tx+	0.01	86	88	24	173
-4.15	3.75	-8	0.36258		grating		ty+	0.01	86	88	171	28
-4.15	3.75	-8	0.36258		grating		tz+	0.01	86	88	-157	-26
4.15	4.50	-5	0.49443		grating		dx+	1.00	-73	-73	 0	 0
4.15	4.50	-5	0.49443		grating		dy+	1.00	-73	-73	 0	 0
4.15	4.50	-5	0.49443		grating		dz+	1.00	-73	-73	 0	 0
4.15	4.50	-5	0.49443		grating		tx+	0.01	-73	-73	-1	172
4.15	4.50	-5	0.49443		grating		ty+	0.01	-73	-73	172	12
4.15	4.50	-5	0.49443		grating		tz+	0.01	-73	-73	-117	-8
4.15	4.50	-5	0.51915		grating		dx+	1.00	-77	-39	 0	 0
4.15	4.50	-5	0.51915		grating		dy+	1.00	-77	-39	 0	 0
4.15	4.50	-5	0.51915		grating		dz+	1.00	-77	-39	 0	 0
4.15	4.50	-5	0.51915		grating		tx+	0.01	-77	-39	 2	172
4.15	4.50	-5	0.51915		grating		ty+	0.01	-77	-39	170	11
4.15	4.50	-5	0.51915		grating		tz+	0.01	-77	-39	-123	-8
4.15	4.50	-5	0.54388		grating		dx+	1.00	-81	-5	 0	 0
4.15	4.50	-5	0.54388		grating		dy+	1.00	-81	-5	 0	 0
4.15	4.50	-5	0.54388		grating		dz+	1.00	-81	-5	 0	 0
4.15	4.50	-5	0.54388		grating		tx+	0.01	-81	-5	 5	172
4.15	4.50	-5	0.54388		grating		ty+	0.01	-81	-5	167	 9
4.15	4.50	-5	0.54388		grating		tz+	0.01	-81	-5	-128	-7
4.15	4.50	-5	0.57409		grating		dx+	1.00	-84	39	 0	 0
4.15	4.50	-5	0.57409		grating		dy+	1.00	-84	39	 0	 0
4.15	4.50	-5	0.57409		grating		dz+	1.00	-84	39	 0	 0
4.15	4.50	-5	0.57409		grating		tx+	0.01	-84	39	10	175
4.15	4.50	-5	0.57409		grating		ty+	0.01	-84	39	164	 8
4.15	4.50	-5	0.57409		grating		tz+	0.01	-84	39	-136	-7
4.15	4.50	-5	0.60431		grating		dx+	1.00	-87	84	 0	 0
4.15	4.50	-5	0.60431		grating		dy+	1.00	-87	84	 0	 0
4.15	4.50	-5	0.60431		grating		dz+	1.00	-87	84	 0	 0
4.15	4.50	-5	0.60431		grating		tx+	0.01	-87	84	14	180
4.15	4.50	-5	0.60431		grating		ty+	0.01	-87	84	162	 7
4.15	4.50	-5	0.60431		grating		tz+	0.01	-87	84	-144	-6
4.15	4.50	-6	0.41837		grating		dx+	1.00	-72	-63	 0	 0
4.15	4.50	-6	0.41837		grating		dy+	1.00	-72	-63	 0	 0
4.15	4.50	-6	0.41837		grating		dz+	1.00	-72	-63	 0	 0
4.15	4.50	-6	0.41837		grating		tx+	0.01	-72	-63	 0	172
4.15	4.50	-6	0.41837		grating		ty+	0.01	-72	-63	171	11
4.15	4.50	-6	0.41837		grating		tz+	0.01	-72	-63	-119	-8
4.15	4.50	-6	0.43580		grating		dx+	1.00	-76	-34	 0	 0
4.15	4.50	-6	0.43580		grating		dy+	1.00	-76	-34	 0	 0
4.15	4.50	-6	0.43580		grating		dz+	1.00	-76	-34	 0	 0
4.15	4.50	-6	0.43580		grating		tx+	0.01	-76	-34	 2	172
4.15	4.50	-6	0.43580		grating		ty+	0.01	-76	-34	169	10
4.15	4.50	-6	0.43580		grating		tz+	0.01	-76	-34	-124	-7
4.15	4.50	-6	0.45323		grating		dx+	1.00	-79	-5	 0	 0
4.15	4.50	-6	0.45323		grating		dy+	1.00	-79	-5	 0	 0
4.15	4.50	-6	0.45323		grating		dz+	1.00	-79	-5	 0	 0
4.15	4.50	-6	0.45323		grating		tx+	0.01	-79	-5	 5	172
4.15	4.50	-6	0.45323		grating		ty+	0.01	-79	-5	167	 9
4.15	4.50	-6	0.45323		grating		tz+	0.01	-79	-5	-128	-7
4.15	4.50	-6	0.47383		grating		dx+	1.00	-82	31	 0	 0
4.15	4.50	-6	0.47383		grating		dy+	1.00	-82	31	 0	 0
4.15	4.50	-6	0.47383		grating		dz+	1.00	-82	31	 0	 0
4.15	4.50	-6	0.47383		grating		tx+	0.01	-82	31	 9	174
4.15	4.50	-6	0.47383		grating		ty+	0.01	-82	31	165	 8
4.15	4.50	-6	0.47383		grating		tz+	0.01	-82	31	-134	-7
4.15	4.50	-6	0.49443		grating		dx+	1.00	-85	67	 0	 0
4.15	4.50	-6	0.49443		grating		dy+	1.00	-85	67	 0	 0
4.15	4.50	-6	0.49443		grating		dz+	1.00	-85	67	 0	 0
4.15	4.50	-6	0.49443		grating		tx+	0.01	-85	67	13	178
4.15	4.50	-6	0.49443		grating		ty+	0.01	-85	67	163	 7
4.15	4.50	-6	0.49443		grating		tz+	0.01	-85	67	-141	-6
4.15	4.50	-7	0.36258		grating		dx+	1.00	-71	-55	 0	 0
4.15	4.50	-7	0.36258		grating		dy+	1.00	-71	-55	 0	 0
4.15	4.50	-7	0.36258		grating		dz+	1.00	-71	-55	 0	 0
4.15	4.50	-7	0.36258		grating		tx+	0.01	-71	-55	 0	172
4.15	4.50	-7	0.36258		grating		ty+	0.01	-71	-55	171	11
4.15	4.50	-7	0.36258		grating		tz+	0.01	-71	-55	-120	-8
4.15	4.50	-7	0.37553		grating		dx+	1.00	-74	-30	 0	 0
4.15	4.50	-7	0.37553		grating		dy+	1.00	-74	-30	 0	 0
4.15	4.50	-7	0.37553		grating		dz+	1.00	-74	-30	 0	 0
4.15	4.50	-7	0.37553		grating		tx+	0.01	-74	-30	 3	171
4.15	4.50	-7	0.37553		grating		ty+	0.01	-74	-30	169	10
4.15	4.50	-7	0.37553		grating		tz+	0.01	-74	-30	-124	-7
4.15	4.50	-7	0.38848		grating		dx+	1.00	-77	-5	 0	 0
4.15	4.50	-7	0.38848		grating		dy+	1.00	-77	-5	 0	 0
4.15	4.50	-7	0.38848		grating		dz+	1.00	-77	-5	 0	 0
4.15	4.50	-7	0.38848		grating		tx+	0.01	-77	-5	 5	172
4.15	4.50	-7	0.38848		grating		ty+	0.01	-77	-5	167	 9
4.15	4.50	-7	0.38848		grating		tz+	0.01	-77	-5	-128	-7
4.15	4.50	-7	0.40342		grating		dx+	1.00	-80	25	 0	 0
4.15	4.50	-7	0.40342		grating		dy+	1.00	-80	25	 0	 0
4.15	4.50	-7	0.40342		grating		dz+	1.00	-80	25	 0	 0
4.15	4.50	-7	0.40342		grating		tx+	0.01	-80	25	 8	174
4.15	4.50	-7	0.40342		grating		ty+	0.01	-80	25	165	 9
4.15	4.50	-7	0.40342		grating		tz+	0.01	-80	25	-134	-7
4.15	4.50	-7	0.41837		grating		dx+	1.00	-83	56	 0	 0
4.15	4.50	-7	0.41837		grating		dy+	1.00	-83	56	 0	 0
4.15	4.50	-7	0.41837		grating		dz+	1.00	-83	56	 0	 0
4.15	4.50	-7	0.41837		grating		tx+	0.01	-83	56	12	177
4.15	4.50	-7	0.41837		grating		ty+	0.01	-83	56	163	 8
4.15	4.50	-7	0.41837		grating		tz+	0.01	-83	56	-139	-6
4.15	4.50	-8	0.31993		grating		dx+	1.00	-70	-49	 0	 0
4.15	4.50	-8	0.31993		grating		dy+	1.00	-70	-49	 0	 0
4.15	4.50	-8	0.31993		grating		dz+	1.00	-70	-49	 0	 0
4.15	4.50	-8	0.31993		grating		tx+	0.01	-70	-49	 0	171
4.15	4.50	-8	0.31993		grating		ty+	0.01	-70	-49	170	11
4.15	4.50	-8	0.31993		grating		tz+	0.01	-70	-49	-121	-8
4.15	4.50	-8	0.32993		grating		dx+	1.00	-73	-27	 0	 0
4.15	4.50	-8	0.32993		grating		dy+	1.00	-73	-27	 0	 0
4.15	4.50	-8	0.32993		grating		dz+	1.00	-73	-27	 0	 0
4.15	4.50	-8	0.32993		grating		tx+	0.01	-73	-27	 3	171
4.15	4.50	-8	0.32993		grating		ty+	0.01	-73	-27	169	10
4.15	4.50	-8	0.32993		grating		tz+	0.01	-73	-27	-125	-7
4.15	4.50	-8	0.33992		grating		dx+	1.00	-75	-5	 0	 0
4.15	4.50	-8	0.33992		grating		dy+	1.00	-75	-5	 0	 0
4.15	4.50	-8	0.33992		grating		dz+	1.00	-75	-5	 0	 0
4.15	4.50	-8	0.33992		grating		tx+	0.01	-75	-5	 5	172
4.15	4.50	-8	0.33992		grating		ty+	0.01	-75	-5	167	 9
4.15	4.50	-8	0.33992		grating		tz+	0.01	-75	-5	-128	-7
4.15	4.50	-8	0.35125		grating		dx+	1.00	-78	21	 0	 0
4.15	4.50	-8	0.35125		grating		dy+	1.00	-78	21	 0	 0
4.15	4.50	-8	0.35125		grating		dz+	1.00	-78	21	 0	 0
4.15	4.50	-8	0.35125		grating		tx+	0.01	-78	21	 8	173
4.15	4.50	-8	0.35125		grating		ty+	0.01	-78	21	165	 9
4.15	4.50	-8	0.35125		grating		tz+	0.01	-78	21	-133	-7
4.15	4.50	-8	0.36258		grating		dx+	1.00	-80	47	 0	 0
4.15	4.50	-8	0.36258		grating		dy+	1.00	-80	47	 0	 0
4.15	4.50	-8	0.36258		grating		dz+	1.00	-80	47	 0	 0
4.15	4.50	-8	0.36258		grating		tx+	0.01	-80	47	11	176
4.15	4.50	-8	0.36258		grating		ty+	0.01	-80	47	164	 8
4.15	4.50	-8	0.36258		grating		tz+	0.01	-80	47	-138	-7
2.08	4.50	-5	0.49443		grating		dx+	1.00	-33	-70	 0	 0
2.08	4.50	-5	0.49443		grating		dy+	1.00	-33	-70	 0	 0
2.08	4.50	-5	0.49443		grating		dz+	1.00	-33	-70	 0	 0
2.08	4.50	-5	0.49443		grating		tx+	0.01	-33	-70	-2	170
2.08	4.50	-5	0.49443		grating		ty+	0.01	-33	-70	171	14
2.08	4.50	-5	0.49443		grating		tz+	0.01	-33	-70	-118	-9
2.08	4.50	-5	0.51915		grating		dx+	1.00	-37	-36	 0	 0
2.08	4.50	-5	0.51915		grating		dy+	1.00	-37	-36	 0	 0
2.08	4.50	-5	0.51915		grating		dz+	1.00	-37	-36	 0	 0
2.08	4.50	-5	0.51915		grating		tx+	0.01	-37	-36	 1	169
2.08	4.50	-5	0.51915		grating		ty+	0.01	-37	-36	168	13
2.08	4.50	-5	0.51915		grating		tz+	0.01	-37	-36	-123	-10
2.08	4.50	-5	0.54388		grating		dx+	1.00	-41	-2	 0	 0
2.08	4.50	-5	0.54388		grating		dy+	1.00	-41	-2	 0	 0
2.08	4.50	-5	0.54388		grating		dz+	1.00	-41	-2	 0	 0
2.08	4.50	-5	0.54388		grating		tx+	0.01	-41	-2	 6	170
2.08	4.50	-5	0.54388		grating		ty+	0.01	-41	-2	166	13
2.08	4.50	-5	0.54388		grating		tz+	0.01	-41	-2	-129	-10
2.08	4.50	-5	0.57409		grating		dx+	1.00	-45	41	 0	 0
2.08	4.50	-5	0.57409		grating		dy+	1.00	-45	41	 0	 0
2.08	4.50	-5	0.57409		grating		dz+	1.00	-45	41	 0	 0
2.08	4.50	-5	0.57409		grating		tx+	0.01	-45	41	11	173
2.08	4.50	-5	0.57409		grating		ty+	0.01	-45	41	163	12
2.08	4.50	-5	0.57409		grating		tz+	0.01	-45	41	-137	-10
2.08	4.50	-5	0.60431		grating		dx+	1.00	-48	86	 0	 0
2.08	4.50	-5	0.60431		grating		dy+	1.00	-48	86	 0	 0
2.08	4.50	-5	0.60431		grating		dz+	1.00	-48	86	 0	 0
2.08	4.50	-5	0.60431		grating		tx+	0.01	-48	86	16	178
2.08	4.50	-5	0.60431		grating		ty+	0.01	-48	86	161	12
2.08	4.50	-5	0.60431		grating		tz+	0.01	-48	86	-145	-11
2.08	4.50	-6	0.41837		grating		dx+	1.00	-33	-60	 0	 0
2.08	4.50	-6	0.41837		grating		dy+	1.00	-33	-60	 0	 0
2.08	4.50	-6	0.41837		grating		dz+	1.00	-33	-60	 0	 0
2.08	4.50	-6	0.41837		grating		tx+	0.01	-33	-60	-1	169
2.08	4.50	-6	0.41837		grating		ty+	0.01	-33	-60	170	13
2.08	4.50	-6	0.41837		grating		tz+	0.01	-33	-60	-120	-9
2.08	4.50	-6	0.43580		grating		dx+	1.00	-36	-31	 0	 0
2.08	4.50	-6	0.43580		grating		dy+	1.00	-36	-31	 0	 0
2.08	4.50	-6	0.43580		grating		dz+	1.00	-36	-31	 0	 0
2.08	4.50	-6	0.43580		grating		tx+	0.01	-36	-31	 2	169
2.08	4.50	-6	0.43580		grating		ty+	0.01	-36	-31	168	13
2.08	4.50	-6	0.43580		grating		tz+	0.01	-36	-31	-124	-10
2.08	4.50	-6	0.45323		grating		dx+	1.00	-40	-2	 0	 0
2.08	4.50	-6	0.45323		grating		dy+	1.00	-40	-2	 0	 0
2.08	4.50	-6	0.45323		grating		dz+	1.00	-40	-2	 0	 0
2.08	4.50	-6	0.45323		grating		tx+	0.01	-40	-2	 6	170
2.08	4.50	-6	0.45323		grating		ty+	0.01	-40	-2	166	13
2.08	4.50	-6	0.45323		grating		tz+	0.01	-40	-2	-129	-10
2.08	4.50	-6	0.47383		grating		dx+	1.00	-43	33	 0	 0
2.08	4.50	-6	0.47383		grating		dy+	1.00	-43	33	 0	 0
2.08	4.50	-6	0.47383		grating		dz+	1.00	-43	33	 0	 0
2.08	4.50	-6	0.47383		grating		tx+	0.01	-43	33	10	172
2.08	4.50	-6	0.47383		grating		ty+	0.01	-43	33	164	12
2.08	4.50	-6	0.47383		grating		tz+	0.01	-43	33	-135	-10
2.08	4.50	-6	0.49443		grating		dx+	1.00	-45	69	 0	 0
2.08	4.50	-6	0.49443		grating		dy+	1.00	-45	69	 0	 0
2.08	4.50	-6	0.49443		grating		dz+	1.00	-45	69	 0	 0
2.08	4.50	-6	0.49443		grating		tx+	0.01	-45	69	14	176
2.08	4.50	-6	0.49443		grating		ty+	0.01	-45	69	161	12
2.08	4.50	-6	0.49443		grating		tz+	0.01	-45	69	-142	-11
2.08	4.50	-7	0.36258		grating		dx+	1.00	-32	-52	 0	 0
2.08	4.50	-7	0.36258		grating		dy+	1.00	-32	-52	 0	 0
2.08	4.50	-7	0.36258		grating		dz+	1.00	-32	-52	 0	 0
2.08	4.50	-7	0.36258		grating		tx+	0.01	-32	-52	 0	169
2.08	4.50	-7	0.36258		grating		ty+	0.01	-32	-52	170	13
2.08	4.50	-7	0.36258		grating		tz+	0.01	-32	-52	-121	-9
2.08	4.50	-7	0.37553		grating		dx+	1.00	-35	-27	 0	 0
2.08	4.50	-7	0.37553		grating		dy+	1.00	-35	-27	 0	 0
2.08	4.50	-7	0.37553		grating		dz+	1.00	-35	-27	 0	 0
2.08	4.50	-7	0.37553		grating		tx+	0.01	-35	-27	 2	169
2.08	4.50	-7	0.37553		grating		ty+	0.01	-35	-27	168	13
2.08	4.50	-7	0.37553		grating		tz+	0.01	-35	-27	-125	-10
2.08	4.50	-7	0.38848		grating		dx+	1.00	-38	-2	 0	 0
2.08	4.50	-7	0.38848		grating		dy+	1.00	-38	-2	 0	 0
2.08	4.50	-7	0.38848		grating		dz+	1.00	-38	-2	 0	 0
2.08	4.50	-7	0.38848		grating		tx+	0.01	-38	-2	 6	170
2.08	4.50	-7	0.38848		grating		ty+	0.01	-38	-2	166	13
2.08	4.50	-7	0.38848		grating		tz+	0.01	-38	-2	-129	-10
2.08	4.50	-7	0.40342		grating		dx+	1.00	-41	28	 0	 0
2.08	4.50	-7	0.40342		grating		dy+	1.00	-41	28	 0	 0
2.08	4.50	-7	0.40342		grating		dz+	1.00	-41	28	 0	 0
2.08	4.50	-7	0.40342		grating		tx+	0.01	-41	28	 9	171
2.08	4.50	-7	0.40342		grating		ty+	0.01	-41	28	164	13
2.08	4.50	-7	0.40342		grating		tz+	0.01	-41	28	-134	-10
2.08	4.50	-7	0.41837		grating		dx+	1.00	-43	58	 0	 0
2.08	4.50	-7	0.41837		grating		dy+	1.00	-43	58	 0	 0
2.08	4.50	-7	0.41837		grating		dz+	1.00	-43	58	 0	 0
2.08	4.50	-7	0.41837		grating		tx+	0.01	-43	58	13	174
2.08	4.50	-7	0.41837		grating		ty+	0.01	-43	58	162	12
2.08	4.50	-7	0.41837		grating		tz+	0.01	-43	58	-140	-10
2.08	4.50	-8	0.31993		grating		dx+	1.00	-30	-46	 0	 0
2.08	4.50	-8	0.31993		grating		dy+	1.00	-30	-46	 0	 0
2.08	4.50	-8	0.31993		grating		dz+	1.00	-30	-46	 0	 0
2.08	4.50	-8	0.31993		grating		tx+	0.01	-30	-46	 0	169
2.08	4.50	-8	0.31993		grating		ty+	0.01	-30	-46	169	13
2.08	4.50	-8	0.31993		grating		tz+	0.01	-30	-46	-122	-9
2.08	4.50	-8	0.32993		grating		dx+	1.00	-33	-24	 0	 0
2.08	4.50	-8	0.32993		grating		dy+	1.00	-33	-24	 0	 0
2.08	4.50	-8	0.32993		grating		dz+	1.00	-33	-24	 0	 0
2.08	4.50	-8	0.32993		grating		tx+	0.01	-33	-24	 3	169
2.08	4.50	-8	0.32993		grating		ty+	0.01	-33	-24	168	13
2.08	4.50	-8	0.32993		grating		tz+	0.01	-33	-24	-126	-10
2.08	4.50	-8	0.33992		grating		dx+	1.00	-36	-2	 0	 0
2.08	4.50	-8	0.33992		grating		dy+	1.00	-36	-2	 0	 0
2.08	4.50	-8	0.33992		grating		dz+	1.00	-36	-2	 0	 0
2.08	4.50	-8	0.33992		grating		tx+	0.01	-36	-2	 6	170
2.08	4.50	-8	0.33992		grating		ty+	0.01	-36	-2	166	13
2.08	4.50	-8	0.33992		grating		tz+	0.01	-36	-2	-129	-10
2.08	4.50	-8	0.35125		grating		dx+	1.00	-38	24	 0	 0
2.08	4.50	-8	0.35125		grating		dy+	1.00	-38	24	 0	 0
2.08	4.50	-8	0.35125		grating		dz+	1.00	-38	24	 0	 0
2.08	4.50	-8	0.35125		grating		tx+	0.01	-38	24	 9	171
2.08	4.50	-8	0.35125		grating		ty+	0.01	-38	24	164	13
2.08	4.50	-8	0.35125		grating		tz+	0.01	-38	24	-134	-10
2.08	4.50	-8	0.36258		grating		dx+	1.00	-41	50	 0	 0
2.08	4.50	-8	0.36258		grating		dy+	1.00	-41	50	 0	 0
2.08	4.50	-8	0.36258		grating		dz+	1.00	-41	50	 0	 0
2.08	4.50	-8	0.36258		grating		tx+	0.01	-41	50	12	173
2.08	4.50	-8	0.36258		grating		ty+	0.01	-41	50	163	12
2.08	4.50	-8	0.36258		grating		tz+	0.01	-41	50	-138	-10
0.00	4.50	-5	0.49443		grating		dx+	1.00	 7	-65	 0	 0
0.00	4.50	-5	0.49443		grating		dy+	1.00	 7	-65	 0	 0
0.00	4.50	-5	0.49443		grating		dz+	1.00	 7	-65	 0	 0
0.00	4.50	-5	0.49443		grating		tx+	0.01	 7	-65	-3	167
0.00	4.50	-5	0.49443		grating		ty+	0.01	 7	-65	172	16
0.00	4.50	-5	0.49443		grating		tz+	0.01	 7	-65	-121	-11
0.00	4.50	-5	0.51915		grating		dx+	1.00	 3	-31	 0	 0
0.00	4.50	-5	0.51915		grating		dy+	1.00	 3	-31	 0	 0
0.00	4.50	-5	0.51915		grating		dz+	1.00	 3	-31	 0	 0
0.00	4.50	-5	0.51915		grating		tx+	0.01	 3	-31	 2	167
0.00	4.50	-5	0.51915		grating		ty+	0.01	 3	-31	169	16
0.00	4.50	-5	0.51915		grating		tz+	0.01	 3	-31	-126	-12
0.00	4.50	-5	0.54388		grating		dx+	1.00	-1	 4	 0	 0
0.00	4.50	-5	0.54388		grating		dy+	1.00	-1	 4	 0	 0
0.00	4.50	-5	0.54388		grating		dz+	1.00	-1	 4	 0	 0
0.00	4.50	-5	0.54388		grating		tx+	0.01	-1	 4	 7	167
0.00	4.50	-5	0.54388		grating		ty+	0.01	-1	 4	166	16
0.00	4.50	-5	0.54388		grating		tz+	0.01	-1	 4	-132	-13
0.00	4.50	-5	0.57409		grating		dx+	1.00	-5	47	 0	 0
0.00	4.50	-5	0.57409		grating		dy+	1.00	-5	47	 0	 0
0.00	4.50	-5	0.57409		grating		dz+	1.00	-5	47	 0	 0
0.00	4.50	-5	0.57409		grating		tx+	0.01	-5	47	13	170
0.00	4.50	-5	0.57409		grating		ty+	0.01	-5	47	163	17
0.00	4.50	-5	0.57409		grating		tz+	0.01	-5	47	-139	-14
0.00	4.50	-5	0.60431		grating		dx+	1.00	-7	92	 0	 0
0.00	4.50	-5	0.60431		grating		dy+	1.00	-7	92	 0	 0
0.00	4.50	-5	0.60431		grating		dz+	1.00	-7	92	 0	 0
0.00	4.50	-5	0.60431		grating		tx+	0.01	-7	92	19	176
0.00	4.50	-5	0.60431		grating		ty+	0.01	-7	92	161	17
0.00	4.50	-5	0.60431		grating		tz+	0.01	-7	92	-148	-16
0.00	4.50	-6	0.41837		grating		dx+	1.00	 8	-54	 0	 0
0.00	4.50	-6	0.41837		grating		dy+	1.00	 8	-54	 0	 0
0.00	4.50	-6	0.41837		grating		dz+	1.00	 8	-54	 0	 0
0.00	4.50	-6	0.41837		grating		tx+	0.01	 8	-54	-1	167
0.00	4.50	-6	0.41837		grating		ty+	0.01	 8	-54	171	16
0.00	4.50	-6	0.41837		grating		tz+	0.01	 8	-54	-122	-11
0.00	4.50	-6	0.43580		grating		dx+	1.00	 4	-26	 0	 0
0.00	4.50	-6	0.43580		grating		dy+	1.00	 4	-26	 0	 0
0.00	4.50	-6	0.43580		grating		dz+	1.00	 4	-26	 0	 0
0.00	4.50	-6	0.43580		grating		tx+	0.01	 4	-26	 2	167
0.00	4.50	-6	0.43580		grating		ty+	0.01	 4	-26	168	16
0.00	4.50	-6	0.43580		grating		tz+	0.01	 4	-26	-127	-12
0.00	4.50	-6	0.45323		grating		dx+	1.00	 0	 4	 0	 0
0.00	4.50	-6	0.45323		grating		dy+	1.00	 0	 4	 0	 0
0.00	4.50	-6	0.45323		grating		dz+	1.00	 0	 4	 0	 0
0.00	4.50	-6	0.45323		grating		tx+	0.01	 0	 4	 7	167
0.00	4.50	-6	0.45323		grating		ty+	0.01	 0	 4	166	16
0.00	4.50	-6	0.45323		grating		tz+	0.01	 0	 4	-132	-13
0.00	4.50	-6	0.47383		grating		dx+	1.00	-3	39	 0	 0
0.00	4.50	-6	0.47383		grating		dy+	1.00	-3	39	 0	 0
0.00	4.50	-6	0.47383		grating		dz+	1.00	-3	39	 0	 0
0.00	4.50	-6	0.47383		grating		tx+	0.01	-3	39	12	170
0.00	4.50	-6	0.47383		grating		ty+	0.01	-3	39	164	16
0.00	4.50	-6	0.47383		grating		tz+	0.01	-3	39	-138	-14
0.00	4.50	-6	0.49443		grating		dx+	1.00	-5	75	 0	 0
0.00	4.50	-6	0.49443		grating		dy+	1.00	-5	75	 0	 0
0.00	4.50	-6	0.49443		grating		dz+	1.00	-5	75	 0	 0
0.00	4.50	-6	0.49443		grating		tx+	0.01	-5	75	17	174
0.00	4.50	-6	0.49443		grating		ty+	0.01	-5	75	162	17
0.00	4.50	-6	0.49443		grating		tz+	0.01	-5	75	-145	-15
0.00	4.50	-7	0.36258		grating		dx+	1.00	 9	-47	 0	 0
0.00	4.50	-7	0.36258		grating		dy+	1.00	 9	-47	 0	 0
0.00	4.50	-7	0.36258		grating		dz+	1.00	 9	-47	 0	 0
0.00	4.50	-7	0.36258		grating		tx+	0.01	 9	-47	 0	167
0.00	4.50	-7	0.36258		grating		ty+	0.01	 9	-47	170	16
0.00	4.50	-7	0.36258		grating		tz+	0.01	 9	-47	-124	-11
0.00	4.50	-7	0.37553		grating		dx+	1.00	 5	-22	 0	 0
0.00	4.50	-7	0.37553		grating		dy+	1.00	 5	-22	 0	 0
0.00	4.50	-7	0.37553		grating		dz+	1.00	 5	-22	 0	 0
0.00	4.50	-7	0.37553		grating		tx+	0.01	 5	-22	 3	167
0.00	4.50	-7	0.37553		grating		ty+	0.01	 5	-22	168	16
0.00	4.50	-7	0.37553		grating		tz+	0.01	 5	-22	-128	-12
0.00	4.50	-7	0.38848		grating		dx+	1.00	 2	 4	 0	 0
0.00	4.50	-7	0.38848		grating		dy+	1.00	 2	 4	 0	 0
0.00	4.50	-7	0.38848		grating		dz+	1.00	 2	 4	 0	 0
0.00	4.50	-7	0.38848		grating		tx+	0.01	 2	 4	 7	167
0.00	4.50	-7	0.38848		grating		ty+	0.01	 2	 4	166	16
0.00	4.50	-7	0.38848		grating		tz+	0.01	 2	 4	-132	-13
0.00	4.50	-7	0.40342		grating		dx+	1.00	-1	33	 0	 0
0.00	4.50	-7	0.40342		grating		dy+	1.00	-1	33	 0	 0
0.00	4.50	-7	0.40342		grating		dz+	1.00	-1	33	 0	 0
0.00	4.50	-7	0.40342		grating		tx+	0.01	-1	33	11	169
0.00	4.50	-7	0.40342		grating		ty+	0.01	-1	33	164	16
0.00	4.50	-7	0.40342		grating		tz+	0.01	-1	33	-137	-14
0.00	4.50	-7	0.41837		grating		dx+	1.00	-3	64	 0	 0
0.00	4.50	-7	0.41837		grating		dy+	1.00	-3	64	 0	 0
0.00	4.50	-7	0.41837		grating		dz+	1.00	-3	64	 0	 0
0.00	4.50	-7	0.41837		grating		tx+	0.01	-3	64	15	172
0.00	4.50	-7	0.41837		grating		ty+	0.01	-3	64	162	17
0.00	4.50	-7	0.41837		grating		tz+	0.01	-3	64	-143	-15
0.00	4.50	-8	0.31993		grating		dx+	1.00	10	-41	 0	 0
0.00	4.50	-8	0.31993		grating		dy+	1.00	10	-41	 0	 0
0.00	4.50	-8	0.31993		grating		dz+	1.00	10	-41	 0	 0
0.00	4.50	-8	0.31993		grating		tx+	0.01	10	-41	 0	167
0.00	4.50	-8	0.31993		grating		ty+	0.01	10	-41	170	16
0.00	4.50	-8	0.31993		grating		tz+	0.01	10	-41	-125	-11
0.00	4.50	-8	0.32993		grating		dx+	1.00	 7	-19	 0	 0
0.00	4.50	-8	0.32993		grating		dy+	1.00	 7	-19	 0	 0
0.00	4.50	-8	0.32993		grating		dz+	1.00	 7	-19	 0	 0
0.00	4.50	-8	0.32993		grating		tx+	0.01	 7	-19	 3	167
0.00	4.50	-8	0.32993		grating		ty+	0.01	 7	-19	168	16
0.00	4.50	-8	0.32993		grating		tz+	0.01	 7	-19	-128	-12
0.00	4.50	-8	0.33992		grating		dx+	1.00	 4	 4	 0	 0
0.00	4.50	-8	0.33992		grating		dy+	1.00	 4	 4	 0	 0
0.00	4.50	-8	0.33992		grating		dz+	1.00	 4	 4	 0	 0
0.00	4.50	-8	0.33992		grating		tx+	0.01	 4	 4	 7	167
0.00	4.50	-8	0.33992		grating		ty+	0.01	 4	 4	166	16
0.00	4.50	-8	0.33992		grating		tz+	0.01	 4	 4	-132	-13
0.00	4.50	-8	0.35125		grating		dx+	1.00	 2	29	 0	 0
0.00	4.50	-8	0.35125		grating		dy+	1.00	 2	29	 0	 0
0.00	4.50	-8	0.35125		grating		dz+	1.00	 2	29	 0	 0
0.00	4.50	-8	0.35125		grating		tx+	0.01	 2	29	10	169
0.00	4.50	-8	0.35125		grating		ty+	0.01	 2	29	165	16
0.00	4.50	-8	0.35125		grating		tz+	0.01	 2	29	-137	-14
0.00	4.50	-8	0.36258		grating		dx+	1.00	-0	56	 0	 0
0.00	4.50	-8	0.36258		grating		dy+	1.00	-0	56	 0	 0
0.00	4.50	-8	0.36258		grating		dz+	1.00	-0	56	 0	 0
0.00	4.50	-8	0.36258		grating		tx+	0.01	-0	56	14	171
0.00	4.50	-8	0.36258		grating		ty+	0.01	-0	56	163	17
0.00	4.50	-8	0.36258		grating		tz+	0.01	-0	56	-141	-14
-2.08	4.50	-5	0.49443		grating		dx+	1.00	48	-57	 0	 0
-2.08	4.50	-5	0.49443		grating		dy+	1.00	48	-57	 0	 0
-2.08	4.50	-5	0.49443		grating		dz+	1.00	48	-57	 0	 0
-2.08	4.50	-5	0.49443		grating		tx+	0.01	48	-57	-2	165
-2.08	4.50	-5	0.49443		grating		ty+	0.01	48	-57	174	18
-2.08	4.50	-5	0.49443		grating		tz+	0.01	48	-57	-125	-13
-2.08	4.50	-5	0.51915		grating		dx+	1.00	43	-23	 0	 0
-2.08	4.50	-5	0.51915		grating		dy+	1.00	43	-23	 0	 0
-2.08	4.50	-5	0.51915		grating		dz+	1.00	43	-23	 0	 0
-2.08	4.50	-5	0.51915		grating		tx+	0.01	43	-23	 2	164
-2.08	4.50	-5	0.51915		grating		ty+	0.01	43	-23	170	19
-2.08	4.50	-5	0.51915		grating		tz+	0.01	43	-23	-130	-14
-2.08	4.50	-5	0.54388		grating		dx+	1.00	40	12	 0	 0
-2.08	4.50	-5	0.54388		grating		dy+	1.00	40	12	 0	 0
-2.08	4.50	-5	0.54388		grating		dz+	1.00	40	12	 0	 0
-2.08	4.50	-5	0.54388		grating		tx+	0.01	40	12	 8	165
-2.08	4.50	-5	0.54388		grating		ty+	0.01	40	12	168	20
-2.08	4.50	-5	0.54388		grating		tz+	0.01	40	12	-136	-16
-2.08	4.50	-5	0.57409		grating		dx+	1.00	36	56	 0	 0
-2.08	4.50	-5	0.57409		grating		dy+	1.00	36	56	 0	 0
-2.08	4.50	-5	0.57409		grating		dz+	1.00	36	56	 0	 0
-2.08	4.50	-5	0.57409		grating		tx+	0.01	36	56	15	169
-2.08	4.50	-5	0.57409		grating		ty+	0.01	36	56	165	21
-2.08	4.50	-5	0.57409		grating		tz+	0.01	36	56	-144	-18
-2.08	4.50	-5	0.60431		grating		dx+	1.00	35	102	 0	 0
-2.08	4.50	-5	0.60431		grating		dy+	1.00	35	102	 0	 0
-2.08	4.50	-5	0.60431		grating		dz+	1.00	35	102	 0	 0
-2.08	4.50	-5	0.60431		grating		tx+	0.01	35	102	23	175
-2.08	4.50	-5	0.60431		grating		ty+	0.01	35	102	162	23
-2.08	4.50	-5	0.60431		grating		tz+	0.01	35	102	-154	-21
-2.08	4.50	-6	0.41837		grating		dx+	1.00	49	-46	 0	 0
-2.08	4.50	-6	0.41837		grating		dy+	1.00	49	-46	 0	 0
-2.08	4.50	-6	0.41837		grating		dz+	1.00	49	-46	 0	 0
-2.08	4.50	-6	0.41837		grating		tx+	0.01	49	-46	-1	164
-2.08	4.50	-6	0.41837		grating		ty+	0.01	49	-46	173	18
-2.08	4.50	-6	0.41837		grating		tz+	0.01	49	-46	-127	-13
-2.08	4.50	-6	0.43580		grating		dx+	1.00	45	-17	 0	 0
-2.08	4.50	-6	0.43580		grating		dy+	1.00	45	-17	 0	 0
-2.08	4.50	-6	0.43580		grating		dz+	1.00	45	-17	 0	 0
-2.08	4.50	-6	0.43580		grating		tx+	0.01	45	-17	 3	164
-2.08	4.50	-6	0.43580		grating		ty+	0.01	45	-17	170	19
-2.08	4.50	-6	0.43580		grating		tz+	0.01	45	-17	-132	-14
-2.08	4.50	-6	0.45323		grating		dx+	1.00	41	12	 0	 0
-2.08	4.50	-6	0.45323		grating		dy+	1.00	41	12	 0	 0
-2.08	4.50	-6	0.45323		grating		dz+	1.00	41	12	 0	 0
-2.08	4.50	-6	0.45323		grating		tx+	0.01	41	12	 8	165
-2.08	4.50	-6	0.45323		grating		ty+	0.01	41	12	168	20
-2.08	4.50	-6	0.45323		grating		tz+	0.01	41	12	-137	-16
-2.08	4.50	-6	0.47383		grating		dx+	1.00	38	48	 0	 0
-2.08	4.50	-6	0.47383		grating		dy+	1.00	38	48	 0	 0
-2.08	4.50	-6	0.47383		grating		dz+	1.00	38	48	 0	 0
-2.08	4.50	-6	0.47383		grating		tx+	0.01	38	48	14	168
-2.08	4.50	-6	0.47383		grating		ty+	0.01	38	48	165	21
-2.08	4.50	-6	0.47383		grating		tz+	0.01	38	48	-143	-18
-2.08	4.50	-6	0.49443		grating		dx+	1.00	36	85	 0	 0
-2.08	4.50	-6	0.49443		grating		dy+	1.00	36	85	 0	 0
-2.08	4.50	-6	0.49443		grating		dz+	1.00	36	85	 0	 0
-2.08	4.50	-6	0.49443		grating		tx+	0.01	36	85	20	172
-2.08	4.50	-6	0.49443		grating		ty+	0.01	36	85	163	22
-2.08	4.50	-6	0.49443		grating		tz+	0.01	36	85	-151	-20
-2.08	4.50	-7	0.36258		grating		dx+	1.00	50	-38	 0	 0
-2.08	4.50	-7	0.36258		grating		dy+	1.00	50	-38	 0	 0
-2.08	4.50	-7	0.36258		grating		dz+	1.00	50	-38	 0	 0
-2.08	4.50	-7	0.36258		grating		tx+	0.01	50	-38	 0	164
-2.08	4.50	-7	0.36258		grating		ty+	0.01	50	-38	173	18
-2.08	4.50	-7	0.36258		grating		tz+	0.01	50	-38	-128	-13
-2.08	4.50	-7	0.37553		grating		dx+	1.00	46	-13	 0	 0
-2.08	4.50	-7	0.37553		grating		dy+	1.00	46	-13	 0	 0
-2.08	4.50	-7	0.37553		grating		dz+	1.00	46	-13	 0	 0
-2.08	4.50	-7	0.37553		grating		tx+	0.01	46	-13	 4	164
-2.08	4.50	-7	0.37553		grating		ty+	0.01	46	-13	170	19
-2.08	4.50	-7	0.37553		grating		tz+	0.01	46	-13	-133	-15
-2.08	4.50	-7	0.38848		grating		dx+	1.00	43	12	 0	 0
-2.08	4.50	-7	0.38848		grating		dy+	1.00	43	12	 0	 0
-2.08	4.50	-7	0.38848		grating		dz+	1.00	43	12	 0	 0
-2.08	4.50	-7	0.38848		grating		tx+	0.01	43	12	 8	165
-2.08	4.50	-7	0.38848		grating		ty+	0.01	43	12	168	20
-2.08	4.50	-7	0.38848		grating		tz+	0.01	43	12	-137	-16
-2.08	4.50	-7	0.40342		grating		dx+	1.00	40	42	 0	 0
-2.08	4.50	-7	0.40342		grating		dy+	1.00	40	42	 0	 0
-2.08	4.50	-7	0.40342		grating		dz+	1.00	40	42	 0	 0
-2.08	4.50	-7	0.40342		grating		tx+	0.01	40	42	13	167
-2.08	4.50	-7	0.40342		grating		ty+	0.01	40	42	166	21
-2.08	4.50	-7	0.40342		grating		tz+	0.01	40	42	-142	-18
-2.08	4.50	-7	0.41837		grating		dx+	1.00	39	73	 0	 0
-2.08	4.50	-7	0.41837		grating		dy+	1.00	39	73	 0	 0
-2.08	4.50	-7	0.41837		grating		dz+	1.00	39	73	 0	 0
-2.08	4.50	-7	0.41837		grating		tx+	0.01	39	73	18	171
-2.08	4.50	-7	0.41837		grating		ty+	0.01	39	73	164	22
-2.08	4.50	-7	0.41837		grating		tz+	0.01	39	73	-149	-20
-2.08	4.50	-8	0.31993		grating		dx+	1.00	51	-33	 0	 0
-2.08	4.50	-8	0.31993		grating		dy+	1.00	51	-33	 0	 0
-2.08	4.50	-8	0.31993		grating		dz+	1.00	51	-33	 0	 0
-2.08	4.50	-8	0.31993		grating		tx+	0.01	51	-33	 1	164
-2.08	4.50	-8	0.31993		grating		ty+	0.01	51	-33	172	18
-2.08	4.50	-8	0.31993		grating		tz+	0.01	51	-33	-130	-14
-2.08	4.50	-8	0.32993		grating		dx+	1.00	48	-10	 0	 0
-2.08	4.50	-8	0.32993		grating		dy+	1.00	48	-10	 0	 0
-2.08	4.50	-8	0.32993		grating		dz+	1.00	48	-10	 0	 0
-2.08	4.50	-8	0.32993		grating		tx+	0.01	48	-10	 4	164
-2.08	4.50	-8	0.32993		grating		ty+	0.01	48	-10	170	19
-2.08	4.50	-8	0.32993		grating		tz+	0.01	48	-10	-133	-15
-2.08	4.50	-8	0.33992		grating		dx+	1.00	45	12	 0	 0
-2.08	4.50	-8	0.33992		grating		dy+	1.00	45	12	 0	 0
-2.08	4.50	-8	0.33992		grating		dz+	1.00	45	12	 0	 0
-2.08	4.50	-8	0.33992		grating		tx+	0.01	45	12	 8	165
-2.08	4.50	-8	0.33992		grating		ty+	0.01	45	12	168	20
-2.08	4.50	-8	0.33992		grating		tz+	0.01	45	12	-137	-16
-2.08	4.50	-8	0.35125		grating		dx+	1.00	43	38	 0	 0
-2.08	4.50	-8	0.35125		grating		dy+	1.00	43	38	 0	 0
-2.08	4.50	-8	0.35125		grating		dz+	1.00	43	38	 0	 0
-2.08	4.50	-8	0.35125		grating		tx+	0.01	43	38	13	167
-2.08	4.50	-8	0.35125		grating		ty+	0.01	43	38	167	21
-2.08	4.50	-8	0.35125		grating		tz+	0.01	43	38	-142	-17
-2.08	4.50	-8	0.36258		grating		dx+	1.00	41	65	 0	 0
-2.08	4.50	-8	0.36258		grating		dy+	1.00	41	65	 0	 0
-2.08	4.50	-8	0.36258		grating		dz+	1.00	41	65	 0	 0
-2.08	4.50	-8	0.36258		grating		tx+	0.01	41	65	17	170
-2.08	4.50	-8	0.36258		grating		ty+	0.01	41	65	165	21
-2.08	4.50	-8	0.36258		grating		tz+	0.01	41	65	-147	-19
-4.15	4.50	-5	0.49443		grating		dx+	1.00	90	-46	 0	 0
-4.15	4.50	-5	0.49443		grating		dy+	1.00	90	-46	 0	 0
-4.15	4.50	-5	0.49443		grating		dz+	1.00	90	-46	 0	 0
-4.15	4.50	-5	0.49443		grating		tx+	0.01	90	-46	-2	162
-4.15	4.50	-5	0.49443		grating		ty+	0.01	90	-46	178	20
-4.15	4.50	-5	0.49443		grating		tz+	0.01	90	-46	-132	-15
-4.15	4.50	-5	0.51915		grating		dx+	1.00	85	-11	 0	 0
-4.15	4.50	-5	0.51915		grating		dy+	1.00	85	-11	 0	 0
-4.15	4.50	-5	0.51915		grating		dz+	1.00	85	-11	 0	 0
-4.15	4.50	-5	0.51915		grating		tx+	0.01	85	-11	 4	162
-4.15	4.50	-5	0.51915		grating		ty+	0.01	85	-11	174	22
-4.15	4.50	-5	0.51915		grating		tz+	0.01	85	-11	-137	-17
-4.15	4.50	-5	0.54388		grating		dx+	1.00	82	24	 0	 0
-4.15	4.50	-5	0.54388		grating		dy+	1.00	82	24	 0	 0
-4.15	4.50	-5	0.54388		grating		dz+	1.00	82	24	 0	 0
-4.15	4.50	-5	0.54388		grating		tx+	0.01	82	24	11	164
-4.15	4.50	-5	0.54388		grating		ty+	0.01	82	24	171	24
-4.15	4.50	-5	0.54388		grating		tz+	0.01	82	24	-144	-20
-4.15	4.50	-5	0.57409		grating		dx+	1.00	79	68	 0	 0
-4.15	4.50	-5	0.57409		grating		dy+	1.00	79	68	 0	 0
-4.15	4.50	-5	0.57409		grating		dz+	1.00	79	68	 0	 0
-4.15	4.50	-5	0.57409		grating		tx+	0.01	79	68	20	168
-4.15	4.50	-5	0.57409		grating		ty+	0.01	79	68	168	26
-4.15	4.50	-5	0.57409		grating		tz+	0.01	79	68	-153	-24
-4.15	4.50	-5	0.60431		grating		dx+	1.00	78	115	 0	 0
-4.15	4.50	-5	0.60431		grating		dy+	1.00	78	115	 0	 0
-4.15	4.50	-5	0.60431		grating		dz+	1.00	78	115	 0	 0
-4.15	4.50	-5	0.60431		grating		tx+	0.01	78	115	29	175
-4.15	4.50	-5	0.60431		grating		ty+	0.01	78	115	166	29
-4.15	4.50	-5	0.60431		grating		tz+	0.01	78	115	-164	-28
-4.15	4.50	-6	0.41837		grating		dx+	1.00	91	-35	 0	 0
-4.15	4.50	-6	0.41837		grating		dy+	1.00	91	-35	 0	 0
-4.15	4.50	-6	0.41837		grating		dz+	1.00	91	-35	 0	 0
-4.15	4.50	-6	0.41837		grating		tx+	0.01	91	-35	 0	162
-4.15	4.50	-6	0.41837		grating		ty+	0.01	91	-35	177	20
-4.15	4.50	-6	0.41837		grating		tz+	0.01	91	-35	-134	-15
-4.15	4.50	-6	0.43580		grating		dx+	1.00	87	-6	 0	 0
-4.15	4.50	-6	0.43580		grating		dy+	1.00	87	-6	 0	 0
-4.15	4.50	-6	0.43580		grating		dz+	1.00	87	-6	 0	 0
-4.15	4.50	-6	0.43580		grating		tx+	0.01	87	-6	 5	162
-4.15	4.50	-6	0.43580		grating		ty+	0.01	87	-6	174	22
-4.15	4.50	-6	0.43580		grating		tz+	0.01	87	-6	-139	-17
-4.15	4.50	-6	0.45323		grating		dx+	1.00	83	24	 0	 0
-4.15	4.50	-6	0.45323		grating		dy+	1.00	83	24	 0	 0
-4.15	4.50	-6	0.45323		grating		dz+	1.00	83	24	 0	 0
-4.15	4.50	-6	0.45323		grating		tx+	0.01	83	24	11	164
-4.15	4.50	-6	0.45323		grating		ty+	0.01	83	24	172	24
-4.15	4.50	-6	0.45323		grating		tz+	0.01	83	24	-144	-20
-4.15	4.50	-6	0.47383		grating		dx+	1.00	81	60	 0	 0
-4.15	4.50	-6	0.47383		grating		dy+	1.00	81	60	 0	 0
-4.15	4.50	-6	0.47383		grating		dz+	1.00	81	60	 0	 0
-4.15	4.50	-6	0.47383		grating		tx+	0.01	81	60	18	167
-4.15	4.50	-6	0.47383		grating		ty+	0.01	81	60	169	26
-4.15	4.50	-6	0.47383		grating		tz+	0.01	81	60	-151	-23
-4.15	4.50	-6	0.49443		grating		dx+	1.00	80	98	 0	 0
-4.15	4.50	-6	0.49443		grating		dy+	1.00	80	98	 0	 0
-4.15	4.50	-6	0.49443		grating		dz+	1.00	80	98	 0	 0
-4.15	4.50	-6	0.49443		grating		tx+	0.01	80	98	25	172
-4.15	4.50	-6	0.49443		grating		ty+	0.01	80	98	167	28
-4.15	4.50	-6	0.49443		grating		tz+	0.01	80	98	-160	-27
-4.15	4.50	-7	0.36258		grating		dx+	1.00	92	-27	 0	 0
-4.15	4.50	-7	0.36258		grating		dy+	1.00	92	-27	 0	 0
-4.15	4.50	-7	0.36258		grating		dz+	1.00	92	-27	 0	 0
-4.15	4.50	-7	0.36258		grating		tx+	0.01	92	-27	 1	162
-4.15	4.50	-7	0.36258		grating		ty+	0.01	92	-27	177	21
-4.15	4.50	-7	0.36258		grating		tz+	0.01	92	-27	-136	-16
-4.15	4.50	-7	0.37553		grating		dx+	1.00	88	-2	 0	 0
-4.15	4.50	-7	0.37553		grating		dy+	1.00	88	-2	 0	 0
-4.15	4.50	-7	0.37553		grating		dz+	1.00	88	-2	 0	 0
-4.15	4.50	-7	0.37553		grating		tx+	0.01	88	-2	 6	162
-4.15	4.50	-7	0.37553		grating		ty+	0.01	88	-2	174	22
-4.15	4.50	-7	0.37553		grating		tz+	0.01	88	-2	-140	-18
-4.15	4.50	-7	0.38848		grating		dx+	1.00	85	24	 0	 0
-4.15	4.50	-7	0.38848		grating		dy+	1.00	85	24	 0	 0
-4.15	4.50	-7	0.38848		grating		dz+	1.00	85	24	 0	 0
-4.15	4.50	-7	0.38848		grating		tx+	0.01	85	24	11	164
-4.15	4.50	-7	0.38848		grating		ty+	0.01	85	24	172	24
-4.15	4.50	-7	0.38848		grating		tz+	0.01	85	24	-145	-20
-4.15	4.50	-7	0.40342		grating		dx+	1.00	83	55	 0	 0
-4.15	4.50	-7	0.40342		grating		dy+	1.00	83	55	 0	 0
-4.15	4.50	-7	0.40342		grating		dz+	1.00	83	55	 0	 0
-4.15	4.50	-7	0.40342		grating		tx+	0.01	83	55	17	166
-4.15	4.50	-7	0.40342		grating		ty+	0.01	83	55	170	25
-4.15	4.50	-7	0.40342		grating		tz+	0.01	83	55	-151	-22
-4.15	4.50	-7	0.41837		grating		dx+	1.00	82	86	 0	 0
-4.15	4.50	-7	0.41837		grating		dy+	1.00	82	86	 0	 0
-4.15	4.50	-7	0.41837		grating		dz+	1.00	82	86	 0	 0
-4.15	4.50	-7	0.41837		grating		tx+	0.01	82	86	23	170
-4.15	4.50	-7	0.41837		grating		ty+	0.01	82	86	168	27
-4.15	4.50	-7	0.41837		grating		tz+	0.01	82	86	-158	-25
-4.15	4.50	-8	0.31993		grating		dx+	1.00	94	-21	 0	 0
-4.15	4.50	-8	0.31993		grating		dy+	1.00	94	-21	 0	 0
-4.15	4.50	-8	0.31993		grating		dz+	1.00	94	-21	 0	 0
-4.15	4.50	-8	0.31993		grating		tx+	0.01	94	-21	 2	162
-4.15	4.50	-8	0.31993		grating		ty+	0.01	94	-21	177	21
-4.15	4.50	-8	0.31993		grating		tz+	0.01	94	-21	-137	-16
-4.15	4.50	-8	0.32993		grating		dx+	1.00	91	 1	 0	 0
-4.15	4.50	-8	0.32993		grating		dy+	1.00	91	 1	 0	 0
-4.15	4.50	-8	0.32993		grating		dz+	1.00	91	 1	 0	 0
-4.15	4.50	-8	0.32993		grating		tx+	0.01	91	 1	 7	162
-4.15	4.50	-8	0.32993		grating		ty+	0.01	91	 1	174	22
-4.15	4.50	-8	0.32993		grating		tz+	0.01	91	 1	-141	-18
-4.15	4.50	-8	0.33992		grating		dx+	1.00	88	24	 0	 0
-4.15	4.50	-8	0.33992		grating		dy+	1.00	88	24	 0	 0
-4.15	4.50	-8	0.33992		grating		dz+	1.00	88	24	 0	 0
-4.15	4.50	-8	0.33992		grating		tx+	0.01	88	24	11	164
-4.15	4.50	-8	0.33992		grating		ty+	0.01	88	24	172	24
-4.15	4.50	-8	0.33992		grating		tz+	0.01	88	24	-145	-20
-4.15	4.50	-8	0.35125		grating		dx+	1.00	86	51	 0	 0
-4.15	4.50	-8	0.35125		grating		dy+	1.00	86	51	 0	 0
-4.15	4.50	-8	0.35125		grating		dz+	1.00	86	51	 0	 0
-4.15	4.50	-8	0.35125		grating		tx+	0.01	86	51	16	166
-4.15	4.50	-8	0.35125		grating		ty+	0.01	86	51	171	25
-4.15	4.50	-8	0.35125		grating		tz+	0.01	86	51	-150	-22
-4.15	4.50	-8	0.36258		grating		dx+	1.00	84	78	 0	 0
-4.15	4.50	-8	0.36258		grating		dy+	1.00	84	78	 0	 0
-4.15	4.50	-8	0.36258		grating		dz+	1.00	84	78	 0	 0
-4.15	4.50	-8	0.36258		grating		tx+	0.01	84	78	22	169
-4.15	4.50	-8	0.36258		grating		ty+	0.01	84	78	169	27
-4.15	4.50	-8	0.36258		grating		tz+	0.01	84	78	-156	-25
4.15	5.25	-5	0.49443		grating		dx+	1.00	-73	-82	 0	 0
4.15	5.25	-5	0.49443		grating		dy+	1.00	-73	-82	 0	 0
4.15	5.25	-5	0.49443		grating		dz+	1.00	-73	-82	 0	 0
4.15	5.25	-5	0.49443		grating		tx+	0.01	-73	-82	-1	171
4.15	5.25	-5	0.49443		grating		ty+	0.01	-73	-82	171	12
4.15	5.25	-5	0.49443		grating		tz+	0.01	-73	-82	-118	-8
4.15	5.25	-5	0.51915		grating		dx+	1.00	-77	-48	 0	 0
4.15	5.25	-5	0.51915		grating		dy+	1.00	-77	-48	 0	 0
4.15	5.25	-5	0.51915		grating		dz+	1.00	-77	-48	 0	 0
4.15	5.25	-5	0.51915		grating		tx+	0.01	-77	-48	 1	170
4.15	5.25	-5	0.51915		grating		ty+	0.01	-77	-48	168	11
4.15	5.25	-5	0.51915		grating		tz+	0.01	-77	-48	-123	-8
4.15	5.25	-5	0.54388		grating		dx+	1.00	-81	-13	 0	 0
4.15	5.25	-5	0.54388		grating		dy+	1.00	-81	-13	 0	 0
4.15	5.25	-5	0.54388		grating		dz+	1.00	-81	-13	 0	 0
4.15	5.25	-5	0.54388		grating		tx+	0.01	-81	-13	 5	170
4.15	5.25	-5	0.54388		grating		ty+	0.01	-81	-13	166	10
4.15	5.25	-5	0.54388		grating		tz+	0.01	-81	-13	-128	-7
4.15	5.25	-5	0.57409		grating		dx+	1.00	-85	30	 0	 0
4.15	5.25	-5	0.57409		grating		dy+	1.00	-85	30	 0	 0
4.15	5.25	-5	0.57409		grating		dz+	1.00	-85	30	 0	 0
4.15	5.25	-5	0.57409		grating		tx+	0.01	-85	30	 9	172
4.15	5.25	-5	0.57409		grating		ty+	0.01	-85	30	163	 8
4.15	5.25	-5	0.57409		grating		tz+	0.01	-85	30	-136	-7
4.15	5.25	-5	0.60431		grating		dx+	1.00	-88	74	 0	 0
4.15	5.25	-5	0.60431		grating		dy+	1.00	-88	74	 0	 0
4.15	5.25	-5	0.60431		grating		dz+	1.00	-88	74	 0	 0
4.15	5.25	-5	0.60431		grating		tx+	0.01	-88	74	14	177
4.15	5.25	-5	0.60431		grating		ty+	0.01	-88	74	160	 7
4.15	5.25	-5	0.60431		grating		tz+	0.01	-88	74	-144	-6
4.15	5.25	-6	0.41837		grating		dx+	1.00	-73	-71	 0	 0
4.15	5.25	-6	0.41837		grating		dy+	1.00	-73	-71	 0	 0
4.15	5.25	-6	0.41837		grating		dz+	1.00	-73	-71	 0	 0
4.15	5.25	-6	0.41837		grating		tx+	0.01	-73	-71	 0	170
4.15	5.25	-6	0.41837		grating		ty+	0.01	-73	-71	170	11
4.15	5.25	-6	0.41837		grating		tz+	0.01	-73	-71	-119	-8
4.15	5.25	-6	0.43580		grating		dx+	1.00	-76	-43	 0	 0
4.15	5.25	-6	0.43580		grating		dy+	1.00	-76	-43	 0	 0
4.15	5.25	-6	0.43580		grating		dz+	1.00	-76	-43	 0	 0
4.15	5.25	-6	0.43580		grating		tx+	0.01	-76	-43	 2	170
4.15	5.25	-6	0.43580		grating		ty+	0.01	-76	-43	168	10
4.15	5.25	-6	0.43580		grating		tz+	0.01	-76	-43	-124	-8
4.15	5.25	-6	0.45323		grating		dx+	1.00	-80	-13	 0	 0
4.15	5.25	-6	0.45323		grating		dy+	1.00	-80	-13	 0	 0
4.15	5.25	-6	0.45323		grating		dz+	1.00	-80	-13	 0	 0
4.15	5.25	-6	0.45323		grating		tx+	0.01	-80	-13	 5	170
4.15	5.25	-6	0.45323		grating		ty+	0.01	-80	-13	166	10
4.15	5.25	-6	0.45323		grating		tz+	0.01	-80	-13	-128	-7
4.15	5.25	-6	0.47383		grating		dx+	1.00	-83	22	 0	 0
4.15	5.25	-6	0.47383		grating		dy+	1.00	-83	22	 0	 0
4.15	5.25	-6	0.47383		grating		dz+	1.00	-83	22	 0	 0
4.15	5.25	-6	0.47383		grating		tx+	0.01	-83	22	 9	172
4.15	5.25	-6	0.47383		grating		ty+	0.01	-83	22	163	 8
4.15	5.25	-6	0.47383		grating		tz+	0.01	-83	22	-134	-7
4.15	5.25	-6	0.49443		grating		dx+	1.00	-86	58	 0	 0
4.15	5.25	-6	0.49443		grating		dy+	1.00	-86	58	 0	 0
4.15	5.25	-6	0.49443		grating		dz+	1.00	-86	58	 0	 0
4.15	5.25	-6	0.49443		grating		tx+	0.01	-86	58	12	175
4.15	5.25	-6	0.49443		grating		ty+	0.01	-86	58	161	 7
4.15	5.25	-6	0.49443		grating		tz+	0.01	-86	58	-141	-6
4.15	5.25	-7	0.36258		grating		dx+	1.00	-72	-64	 0	 0
4.15	5.25	-7	0.36258		grating		dy+	1.00	-72	-64	 0	 0
4.15	5.25	-7	0.36258		grating		dz+	1.00	-72	-64	 0	 0
4.15	5.25	-7	0.36258		grating		tx+	0.01	-72	-64	 0	170
4.15	5.25	-7	0.36258		grating		ty+	0.01	-72	-64	169	11
4.15	5.25	-7	0.36258		grating		tz+	0.01	-72	-64	-120	-8
4.15	5.25	-7	0.37553		grating		dx+	1.00	-75	-39	 0	 0
4.15	5.25	-7	0.37553		grating		dy+	1.00	-75	-39	 0	 0
4.15	5.25	-7	0.37553		grating		dz+	1.00	-75	-39	 0	 0
4.15	5.25	-7	0.37553		grating		tx+	0.01	-75	-39	 2	169
4.15	5.25	-7	0.37553		grating		ty+	0.01	-75	-39	167	10
4.15	5.25	-7	0.37553		grating		tz+	0.01	-75	-39	-124	-8
4.15	5.25	-7	0.38848		grating		dx+	1.00	-78	-13	 0	 0
4.15	5.25	-7	0.38848		grating		dy+	1.00	-78	-13	 0	 0
4.15	5.25	-7	0.38848		grating		dz+	1.00	-78	-13	 0	 0
4.15	5.25	-7	0.38848		grating		tx+	0.01	-78	-13	 5	170
4.15	5.25	-7	0.38848		grating		ty+	0.01	-78	-13	166	10
4.15	5.25	-7	0.38848		grating		tz+	0.01	-78	-13	-128	-7
4.15	5.25	-7	0.40342		grating		dx+	1.00	-81	16	 0	 0
4.15	5.25	-7	0.40342		grating		dy+	1.00	-81	16	 0	 0
4.15	5.25	-7	0.40342		grating		dz+	1.00	-81	16	 0	 0
4.15	5.25	-7	0.40342		grating		tx+	0.01	-81	16	 8	171
4.15	5.25	-7	0.40342		grating		ty+	0.01	-81	16	164	 9
4.15	5.25	-7	0.40342		grating		tz+	0.01	-81	16	-133	-7
4.15	5.25	-7	0.41837		grating		dx+	1.00	-84	46	 0	 0
4.15	5.25	-7	0.41837		grating		dy+	1.00	-84	46	 0	 0
4.15	5.25	-7	0.41837		grating		dz+	1.00	-84	46	 0	 0
4.15	5.25	-7	0.41837		grating		tx+	0.01	-84	46	11	174
4.15	5.25	-7	0.41837		grating		ty+	0.01	-84	46	162	 8
4.15	5.25	-7	0.41837		grating		tz+	0.01	-84	46	-139	-6
4.15	5.25	-8	0.31993		grating		dx+	1.00	-70	-58	 0	 0
4.15	5.25	-8	0.31993		grating		dy+	1.00	-70	-58	 0	 0
4.15	5.25	-8	0.31993		grating		dz+	1.00	-70	-58	 0	 0
4.15	5.25	-8	0.31993		grating		tx+	0.01	-70	-58	 0	170
4.15	5.25	-8	0.31993		grating		ty+	0.01	-70	-58	169	11
4.15	5.25	-8	0.31993		grating		tz+	0.01	-70	-58	-121	-8
4.15	5.25	-8	0.32993		grating		dx+	1.00	-73	-36	 0	 0
4.15	5.25	-8	0.32993		grating		dy+	1.00	-73	-36	 0	 0
4.15	5.25	-8	0.32993		grating		dz+	1.00	-73	-36	 0	 0
4.15	5.25	-8	0.32993		grating		tx+	0.01	-73	-36	 2	169
4.15	5.25	-8	0.32993		grating		ty+	0.01	-73	-36	167	10
4.15	5.25	-8	0.32993		grating		tz+	0.01	-73	-36	-125	-7
4.15	5.25	-8	0.33992		grating		dx+	1.00	-76	-14	 0	 0
4.15	5.25	-8	0.33992		grating		dy+	1.00	-76	-14	 0	 0
4.15	5.25	-8	0.33992		grating		dz+	1.00	-76	-14	 0	 0
4.15	5.25	-8	0.33992		grating		tx+	0.01	-76	-14	 5	170
4.15	5.25	-8	0.33992		grating		ty+	0.01	-76	-14	166	10
4.15	5.25	-8	0.33992		grating		tz+	0.01	-76	-14	-128	-7
4.15	5.25	-8	0.35125		grating		dx+	1.00	-79	12	 0	 0
4.15	5.25	-8	0.35125		grating		dy+	1.00	-79	12	 0	 0
4.15	5.25	-8	0.35125		grating		dz+	1.00	-79	12	 0	 0
4.15	5.25	-8	0.35125		grating		tx+	0.01	-79	12	 8	171
4.15	5.25	-8	0.35125		grating		ty+	0.01	-79	12	164	 9
4.15	5.25	-8	0.35125		grating		tz+	0.01	-79	12	-133	-7
4.15	5.25	-8	0.36258		grating		dx+	1.00	-81	38	 0	 0
4.15	5.25	-8	0.36258		grating		dy+	1.00	-81	38	 0	 0
4.15	5.25	-8	0.36258		grating		dz+	1.00	-81	38	 0	 0
4.15	5.25	-8	0.36258		grating		tx+	0.01	-81	38	10	173
4.15	5.25	-8	0.36258		grating		ty+	0.01	-81	38	162	 8
4.15	5.25	-8	0.36258		grating		tz+	0.01	-81	38	-137	-7
2.08	5.25	-5	0.49443		grating		dx+	1.00	-33	-79	 0	 0
2.08	5.25	-5	0.49443		grating		dy+	1.00	-33	-79	 0	 0
2.08	5.25	-5	0.49443		grating		dz+	1.00	-33	-79	 0	 0
2.08	5.25	-5	0.49443		grating		tx+	0.01	-33	-79	-3	168
2.08	5.25	-5	0.49443		grating		ty+	0.01	-33	-79	170	14
2.08	5.25	-5	0.49443		grating		tz+	0.01	-33	-79	-118	-9
2.08	5.25	-5	0.51915		grating		dx+	1.00	-38	-45	 0	 0
2.08	5.25	-5	0.51915		grating		dy+	1.00	-38	-45	 0	 0
2.08	5.25	-5	0.51915		grating		dz+	1.00	-38	-45	 0	 0
2.08	5.25	-5	0.51915		grating		tx+	0.01	-38	-45	 1	167
2.08	5.25	-5	0.51915		grating		ty+	0.01	-38	-45	167	13
2.08	5.25	-5	0.51915		grating		tz+	0.01	-38	-45	-123	-10
2.08	5.25	-5	0.54388		grating		dx+	1.00	-42	-11	 0	 0
2.08	5.25	-5	0.54388		grating		dy+	1.00	-42	-11	 0	 0
2.08	5.25	-5	0.54388		grating		dz+	1.00	-42	-11	 0	 0
2.08	5.25	-5	0.54388		grating		tx+	0.01	-42	-11	 5	167
2.08	5.25	-5	0.54388		grating		ty+	0.01	-42	-11	164	13
2.08	5.25	-5	0.54388		grating		tz+	0.01	-42	-11	-129	-10
2.08	5.25	-5	0.57409		grating		dx+	1.00	-46	32	 0	 0
2.08	5.25	-5	0.57409		grating		dy+	1.00	-46	32	 0	 0
2.08	5.25	-5	0.57409		grating		dz+	1.00	-46	32	 0	 0
2.08	5.25	-5	0.57409		grating		tx+	0.01	-46	32	10	170
2.08	5.25	-5	0.57409		grating		ty+	0.01	-46	32	161	12
2.08	5.25	-5	0.57409		grating		tz+	0.01	-46	32	-136	-10
2.08	5.25	-5	0.60431		grating		dx+	1.00	-49	77	 0	 0
2.08	5.25	-5	0.60431		grating		dy+	1.00	-49	77	 0	 0
2.08	5.25	-5	0.60431		grating		dz+	1.00	-49	77	 0	 0
2.08	5.25	-5	0.60431		grating		tx+	0.01	-49	77	16	174
2.08	5.25	-5	0.60431		grating		ty+	0.01	-49	77	159	12
2.08	5.25	-5	0.60431		grating		tz+	0.01	-49	77	-145	-10
2.08	5.25	-6	0.41837		grating		dx+	1.00	-33	-68	 0	 0
2.08	5.25	-6	0.41837		grating		dy+	1.00	-33	-68	 0	 0
2.08	5.25	-6	0.41837		grating		dz+	1.00	-33	-68	 0	 0
2.08	5.25	-6	0.41837		grating		tx+	0.01	-33	-68	-1	168
2.08	5.25	-6	0.41837		grating		ty+	0.01	-33	-68	169	13
2.08	5.25	-6	0.41837		grating		tz+	0.01	-33	-68	-120	-9
2.08	5.25	-6	0.43580		grating		dx+	1.00	-37	-40	 0	 0
2.08	5.25	-6	0.43580		grating		dy+	1.00	-37	-40	 0	 0
2.08	5.25	-6	0.43580		grating		dz+	1.00	-37	-40	 0	 0
2.08	5.25	-6	0.43580		grating		tx+	0.01	-37	-40	 1	167
2.08	5.25	-6	0.43580		grating		ty+	0.01	-37	-40	167	13
2.08	5.25	-6	0.43580		grating		tz+	0.01	-37	-40	-124	-10
2.08	5.25	-6	0.45323		grating		dx+	1.00	-40	-11	 0	 0
2.08	5.25	-6	0.45323		grating		dy+	1.00	-40	-11	 0	 0
2.08	5.25	-6	0.45323		grating		dz+	1.00	-40	-11	 0	 0
2.08	5.25	-6	0.45323		grating		tx+	0.01	-40	-11	 5	167
2.08	5.25	-6	0.45323		grating		ty+	0.01	-40	-11	164	13
2.08	5.25	-6	0.45323		grating		tz+	0.01	-40	-11	-129	-10
2.08	5.25	-6	0.47383		grating		dx+	1.00	-44	24	 0	 0
2.08	5.25	-6	0.47383		grating		dy+	1.00	-44	24	 0	 0
2.08	5.25	-6	0.47383		grating		dz+	1.00	-44	24	 0	 0
2.08	5.25	-6	0.47383		grating		tx+	0.01	-44	24	 9	169
2.08	5.25	-6	0.47383		grating		ty+	0.01	-44	24	162	12
2.08	5.25	-6	0.47383		grating		tz+	0.01	-44	24	-135	-10
2.08	5.25	-6	0.49443		grating		dx+	1.00	-46	60	 0	 0
2.08	5.25	-6	0.49443		grating		dy+	1.00	-46	60	 0	 0
2.08	5.25	-6	0.49443		grating		dz+	1.00	-46	60	 0	 0
2.08	5.25	-6	0.49443		grating		tx+	0.01	-46	60	14	172
2.08	5.25	-6	0.49443		grating		ty+	0.01	-46	60	160	12
2.08	5.25	-6	0.49443		grating		tz+	0.01	-46	60	-142	-10
2.08	5.25	-7	0.36258		grating		dx+	1.00	-32	-61	 0	 0
2.08	5.25	-7	0.36258		grating		dy+	1.00	-32	-61	 0	 0
2.08	5.25	-7	0.36258		grating		dz+	1.00	-32	-61	 0	 0
2.08	5.25	-7	0.36258		grating		tx+	0.01	-32	-61	 0	167
2.08	5.25	-7	0.36258		grating		ty+	0.01	-32	-61	168	13
2.08	5.25	-7	0.36258		grating		tz+	0.01	-32	-61	-121	-9
2.08	5.25	-7	0.37553		grating		dx+	1.00	-36	-36	 0	 0
2.08	5.25	-7	0.37553		grating		dy+	1.00	-36	-36	 0	 0
2.08	5.25	-7	0.37553		grating		dz+	1.00	-36	-36	 0	 0
2.08	5.25	-7	0.37553		grating		tx+	0.01	-36	-36	 2	167
2.08	5.25	-7	0.37553		grating		ty+	0.01	-36	-36	166	13
2.08	5.25	-7	0.37553		grating		tz+	0.01	-36	-36	-125	-10
2.08	5.25	-7	0.38848		grating		dx+	1.00	-39	-11	 0	 0
2.08	5.25	-7	0.38848		grating		dy+	1.00	-39	-11	 0	 0
2.08	5.25	-7	0.38848		grating		dz+	1.00	-39	-11	 0	 0
2.08	5.25	-7	0.38848		grating		tx+	0.01	-39	-11	 5	167
2.08	5.25	-7	0.38848		grating		ty+	0.01	-39	-11	164	13
2.08	5.25	-7	0.38848		grating		tz+	0.01	-39	-11	-129	-10
2.08	5.25	-7	0.40342		grating		dx+	1.00	-42	19	 0	 0
2.08	5.25	-7	0.40342		grating		dy+	1.00	-42	19	 0	 0
2.08	5.25	-7	0.40342		grating		dz+	1.00	-42	19	 0	 0
2.08	5.25	-7	0.40342		grating		tx+	0.01	-42	19	 9	169
2.08	5.25	-7	0.40342		grating		ty+	0.01	-42	19	162	12
2.08	5.25	-7	0.40342		grating		tz+	0.01	-42	19	-134	-10
2.08	5.25	-7	0.41837		grating		dx+	1.00	-44	49	 0	 0
2.08	5.25	-7	0.41837		grating		dy+	1.00	-44	49	 0	 0
2.08	5.25	-7	0.41837		grating		dz+	1.00	-44	49	 0	 0
2.08	5.25	-7	0.41837		grating		tx+	0.01	-44	49	12	171
2.08	5.25	-7	0.41837		grating		ty+	0.01	-44	49	161	12
2.08	5.25	-7	0.41837		grating		tz+	0.01	-44	49	-140	-10
2.08	5.25	-8	0.31993		grating		dx+	1.00	-30	-55	 0	 0
2.08	5.25	-8	0.31993		grating		dy+	1.00	-30	-55	 0	 0
2.08	5.25	-8	0.31993		grating		dz+	1.00	-30	-55	 0	 0
2.08	5.25	-8	0.31993		grating		tx+	0.01	-30	-55	 0	167
2.08	5.25	-8	0.31993		grating		ty+	0.01	-30	-55	168	13
2.08	5.25	-8	0.31993		grating		tz+	0.01	-30	-55	-122	-9
2.08	5.25	-8	0.32993		grating		dx+	1.00	-34	-33	 0	 0
2.08	5.25	-8	0.32993		grating		dy+	1.00	-34	-33	 0	 0
2.08	5.25	-8	0.32993		grating		dz+	1.00	-34	-33	 0	 0
2.08	5.25	-8	0.32993		grating		tx+	0.01	-34	-33	 2	167
2.08	5.25	-8	0.32993		grating		ty+	0.01	-34	-33	166	13
2.08	5.25	-8	0.32993		grating		tz+	0.01	-34	-33	-126	-10
2.08	5.25	-8	0.33992		grating		dx+	1.00	-36	-11	 0	 0
2.08	5.25	-8	0.33992		grating		dy+	1.00	-36	-11	 0	 0
2.08	5.25	-8	0.33992		grating		dz+	1.00	-36	-11	 0	 0
2.08	5.25	-8	0.33992		grating		tx+	0.01	-36	-11	 5	167
2.08	5.25	-8	0.33992		grating		ty+	0.01	-36	-11	165	13
2.08	5.25	-8	0.33992		grating		tz+	0.01	-36	-11	-129	-10
2.08	5.25	-8	0.35125		grating		dx+	1.00	-39	15	 0	 0
2.08	5.25	-8	0.35125		grating		dy+	1.00	-39	15	 0	 0
2.08	5.25	-8	0.35125		grating		dz+	1.00	-39	15	 0	 0
2.08	5.25	-8	0.35125		grating		tx+	0.01	-39	15	 8	168
2.08	5.25	-8	0.35125		grating		ty+	0.01	-39	15	163	12
2.08	5.25	-8	0.35125		grating		tz+	0.01	-39	15	-134	-10
2.08	5.25	-8	0.36258		grating		dx+	1.00	-42	41	 0	 0
2.08	5.25	-8	0.36258		grating		dy+	1.00	-42	41	 0	 0
2.08	5.25	-8	0.36258		grating		dz+	1.00	-42	41	 0	 0
2.08	5.25	-8	0.36258		grating		tx+	0.01	-42	41	11	170
2.08	5.25	-8	0.36258		grating		ty+	0.01	-42	41	161	12
2.08	5.25	-8	0.36258		grating		tz+	0.01	-42	41	-138	-10
0.00	5.25	-5	0.49443		grating		dx+	1.00	 7	-73	 0	 0
0.00	5.25	-5	0.49443		grating		dy+	1.00	 7	-73	 0	 0
0.00	5.25	-5	0.49443		grating		dz+	1.00	 7	-73	 0	 0
0.00	5.25	-5	0.49443		grating		tx+	0.01	 7	-73	-3	166
0.00	5.25	-5	0.49443		grating		ty+	0.01	 7	-73	170	15
0.00	5.25	-5	0.49443		grating		tz+	0.01	 7	-73	-121	-11
0.00	5.25	-5	0.51915		grating		dx+	1.00	 2	-40	 0	 0
0.00	5.25	-5	0.51915		grating		dy+	1.00	 2	-40	 0	 0
0.00	5.25	-5	0.51915		grating		dz+	1.00	 2	-40	 0	 0
0.00	5.25	-5	0.51915		grating		tx+	0.01	 2	-40	 1	165
0.00	5.25	-5	0.51915		grating		ty+	0.01	 2	-40	167	16
0.00	5.25	-5	0.51915		grating		tz+	0.01	 2	-40	-126	-12
0.00	5.25	-5	0.54388		grating		dx+	1.00	-2	-5	 0	 0
0.00	5.25	-5	0.54388		grating		dy+	1.00	-2	-5	 0	 0
0.00	5.25	-5	0.54388		grating		dz+	1.00	-2	-5	 0	 0
0.00	5.25	-5	0.54388		grating		tx+	0.01	-2	-5	 6	165
0.00	5.25	-5	0.54388		grating		ty+	0.01	-2	-5	164	16
0.00	5.25	-5	0.54388		grating		tz+	0.01	-2	-5	-131	-13
0.00	5.25	-5	0.57409		grating		dx+	1.00	-6	38	 0	 0
0.00	5.25	-5	0.57409		grating		dy+	1.00	-6	38	 0	 0
0.00	5.25	-5	0.57409		grating		dz+	1.00	-6	38	 0	 0
0.00	5.25	-5	0.57409		grating		tx+	0.01	-6	38	12	168
0.00	5.25	-5	0.57409		grating		ty+	0.01	-6	38	161	16
0.00	5.25	-5	0.57409		grating		tz+	0.01	-6	38	-139	-14
0.00	5.25	-5	0.60431		grating		dx+	1.00	-8	82	 0	 0
0.00	5.25	-5	0.60431		grating		dy+	1.00	-8	82	 0	 0
0.00	5.25	-5	0.60431		grating		dz+	1.00	-8	82	 0	 0
0.00	5.25	-5	0.60431		grating		tx+	0.01	-8	82	18	173
0.00	5.25	-5	0.60431		grating		ty+	0.01	-8	82	159	16
0.00	5.25	-5	0.60431		grating		tz+	0.01	-8	82	-148	-15
0.00	5.25	-6	0.41837		grating		dx+	1.00	 7	-63	 0	 0
0.00	5.25	-6	0.41837		grating		dy+	1.00	 7	-63	 0	 0
0.00	5.25	-6	0.41837		grating		dz+	1.00	 7	-63	 0	 0
0.00	5.25	-6	0.41837		grating		tx+	0.01	 7	-63	-2	165
0.00	5.25	-6	0.41837		grating		ty+	0.01	 7	-63	169	15
0.00	5.25	-6	0.41837		grating		tz+	0.01	 7	-63	-122	-11
0.00	5.25	-6	0.43580		grating		dx+	1.00	 3	-34	 0	 0
0.00	5.25	-6	0.43580		grating		dy+	1.00	 3	-34	 0	 0
0.00	5.25	-6	0.43580		grating		dz+	1.00	 3	-34	 0	 0
0.00	5.25	-6	0.43580		grating		tx+	0.01	 3	-34	 2	165
0.00	5.25	-6	0.43580		grating		ty+	0.01	 3	-34	167	16
0.00	5.25	-6	0.43580		grating		tz+	0.01	 3	-34	-127	-12
0.00	5.25	-6	0.45323		grating		dx+	1.00	-1	-5	 0	 0
0.00	5.25	-6	0.45323		grating		dy+	1.00	-1	-5	 0	 0
0.00	5.25	-6	0.45323		grating		dz+	1.00	-1	-5	 0	 0
0.00	5.25	-6	0.45323		grating		tx+	0.01	-1	-5	 6	165
0.00	5.25	-6	0.45323		grating		ty+	0.01	-1	-5	164	16
0.00	5.25	-6	0.45323		grating		tz+	0.01	-1	-5	-132	-13
0.00	5.25	-6	0.47383		grating		dx+	1.00	-4	30	 0	 0
0.00	5.25	-6	0.47383		grating		dy+	1.00	-4	30	 0	 0
0.00	5.25	-6	0.47383		grating		dz+	1.00	-4	30	 0	 0
0.00	5.25	-6	0.47383		grating		tx+	0.01	-4	30	11	167
0.00	5.25	-6	0.47383		grating		ty+	0.01	-4	30	162	16
0.00	5.25	-6	0.47383		grating		tz+	0.01	-4	30	-138	-14
0.00	5.25	-6	0.49443		grating		dx+	1.00	-6	66	 0	 0
0.00	5.25	-6	0.49443		grating		dy+	1.00	-6	66	 0	 0
0.00	5.25	-6	0.49443		grating		dz+	1.00	-6	66	 0	 0
0.00	5.25	-6	0.49443		grating		tx+	0.01	-6	66	16	170
0.00	5.25	-6	0.49443		grating		ty+	0.01	-6	66	160	16
0.00	5.25	-6	0.49443		grating		tz+	0.01	-6	66	-144	-15
0.00	5.25	-7	0.36258		grating		dx+	1.00	 8	-55	 0	 0
0.00	5.25	-7	0.36258		grating		dy+	1.00	 8	-55	 0	 0
0.00	5.25	-7	0.36258		grating		dz+	1.00	 8	-55	 0	 0
0.00	5.25	-7	0.36258		grating		tx+	0.01	 8	-55	-1	165
0.00	5.25	-7	0.36258		grating		ty+	0.01	 8	-55	169	15
0.00	5.25	-7	0.36258		grating		tz+	0.01	 8	-55	-124	-11
0.00	5.25	-7	0.37553		grating		dx+	1.00	 4	-30	 0	 0
0.00	5.25	-7	0.37553		grating		dy+	1.00	 4	-30	 0	 0
0.00	5.25	-7	0.37553		grating		dz+	1.00	 4	-30	 0	 0
0.00	5.25	-7	0.37553		grating		tx+	0.01	 4	-30	 2	165
0.00	5.25	-7	0.37553		grating		ty+	0.01	 4	-30	167	16
0.00	5.25	-7	0.37553		grating		tz+	0.01	 4	-30	-128	-12
0.00	5.25	-7	0.38848		grating		dx+	1.00	 1	-5	 0	 0
0.00	5.25	-7	0.38848		grating		dy+	1.00	 1	-5	 0	 0
0.00	5.25	-7	0.38848		grating		dz+	1.00	 1	-5	 0	 0
0.00	5.25	-7	0.38848		grating		tx+	0.01	 1	-5	 6	165
0.00	5.25	-7	0.38848		grating		ty+	0.01	 1	-5	165	16
0.00	5.25	-7	0.38848		grating		tz+	0.01	 1	-5	-132	-13
0.00	5.25	-7	0.40342		grating		dx+	1.00	-2	24	 0	 0
0.00	5.25	-7	0.40342		grating		dy+	1.00	-2	24	 0	 0
0.00	5.25	-7	0.40342		grating		dz+	1.00	-2	24	 0	 0
0.00	5.25	-7	0.40342		grating		tx+	0.01	-2	24	10	167
0.00	5.25	-7	0.40342		grating		ty+	0.01	-2	24	163	16
0.00	5.25	-7	0.40342		grating		tz+	0.01	-2	24	-137	-13
0.00	5.25	-7	0.41837		grating		dx+	1.00	-4	55	 0	 0
0.00	5.25	-7	0.41837		grating		dy+	1.00	-4	55	 0	 0
0.00	5.25	-7	0.41837		grating		dz+	1.00	-4	55	 0	 0
0.00	5.25	-7	0.41837		grating		tx+	0.01	-4	55	14	169
0.00	5.25	-7	0.41837		grating		ty+	0.01	-4	55	161	16
0.00	5.25	-7	0.41837		grating		tz+	0.01	-4	55	-142	-14
0.00	5.25	-8	0.31993		grating		dx+	1.00	10	-49	 0	 0
0.00	5.25	-8	0.31993		grating		dy+	1.00	10	-49	 0	 0
0.00	5.25	-8	0.31993		grating		dz+	1.00	10	-49	 0	 0
0.00	5.25	-8	0.31993		grating		tx+	0.01	10	-49	 0	165
0.00	5.25	-8	0.31993		grating		ty+	0.01	10	-49	169	15
0.00	5.25	-8	0.31993		grating		tz+	0.01	10	-49	-125	-11
0.00	5.25	-8	0.32993		grating		dx+	1.00	 6	-27	 0	 0
0.00	5.25	-8	0.32993		grating		dy+	1.00	 6	-27	 0	 0
0.00	5.25	-8	0.32993		grating		dz+	1.00	 6	-27	 0	 0
0.00	5.25	-8	0.32993		grating		tx+	0.01	 6	-27	 2	165
0.00	5.25	-8	0.32993		grating		ty+	0.01	 6	-27	167	16
0.00	5.25	-8	0.32993		grating		tz+	0.01	 6	-27	-128	-12
0.00	5.25	-8	0.33992		grating		dx+	1.00	 4	-5	 0	 0
0.00	5.25	-8	0.33992		grating		dy+	1.00	 4	-5	 0	 0
0.00	5.25	-8	0.33992		grating		dz+	1.00	 4	-5	 0	 0
0.00	5.25	-8	0.33992		grating		tx+	0.01	 4	-5	 6	165
0.00	5.25	-8	0.33992		grating		ty+	0.01	 4	-5	165	16
0.00	5.25	-8	0.33992		grating		tz+	0.01	 4	-5	-132	-13
0.00	5.25	-8	0.35125		grating		dx+	1.00	 1	20	 0	 0
0.00	5.25	-8	0.35125		grating		dy+	1.00	 1	20	 0	 0
0.00	5.25	-8	0.35125		grating		dz+	1.00	 1	20	 0	 0
0.00	5.25	-8	0.35125		grating		tx+	0.01	 1	20	 9	166
0.00	5.25	-8	0.35125		grating		ty+	0.01	 1	20	163	16
0.00	5.25	-8	0.35125		grating		tz+	0.01	 1	20	-136	-13
0.00	5.25	-8	0.36258		grating		dx+	1.00	-2	46	 0	 0
0.00	5.25	-8	0.36258		grating		dy+	1.00	-2	46	 0	 0
0.00	5.25	-8	0.36258		grating		dz+	1.00	-2	46	 0	 0
0.00	5.25	-8	0.36258		grating		tx+	0.01	-2	46	13	168
0.00	5.25	-8	0.36258		grating		ty+	0.01	-2	46	161	16
0.00	5.25	-8	0.36258		grating		tz+	0.01	-2	46	-141	-14
-2.08	5.25	-5	0.49443		grating		dx+	1.00	48	-66	 0	 0
-2.08	5.25	-5	0.49443		grating		dy+	1.00	48	-66	 0	 0
-2.08	5.25	-5	0.49443		grating		dz+	1.00	48	-66	 0	 0
-2.08	5.25	-5	0.49443		grating		tx+	0.01	48	-66	-3	163
-2.08	5.25	-5	0.49443		grating		ty+	0.01	48	-66	172	17
-2.08	5.25	-5	0.49443		grating		tz+	0.01	48	-66	-125	-12
-2.08	5.25	-5	0.51915		grating		dx+	1.00	43	-31	 0	 0
-2.08	5.25	-5	0.51915		grating		dy+	1.00	43	-31	 0	 0
-2.08	5.25	-5	0.51915		grating		dz+	1.00	43	-31	 0	 0
-2.08	5.25	-5	0.51915		grating		tx+	0.01	43	-31	 1	162
-2.08	5.25	-5	0.51915		grating		ty+	0.01	43	-31	169	18
-2.08	5.25	-5	0.51915		grating		tz+	0.01	43	-31	-130	-14
-2.08	5.25	-5	0.54388		grating		dx+	1.00	39	 3	 0	 0
-2.08	5.25	-5	0.54388		grating		dy+	1.00	39	 3	 0	 0
-2.08	5.25	-5	0.54388		grating		dz+	1.00	39	 3	 0	 0
-2.08	5.25	-5	0.54388		grating		tx+	0.01	39	 3	 7	163
-2.08	5.25	-5	0.54388		grating		ty+	0.01	39	 3	166	19
-2.08	5.25	-5	0.54388		grating		tz+	0.01	39	 3	-136	-16
-2.08	5.25	-5	0.57409		grating		dx+	1.00	35	46	 0	 0
-2.08	5.25	-5	0.57409		grating		dy+	1.00	35	46	 0	 0
-2.08	5.25	-5	0.57409		grating		dz+	1.00	35	46	 0	 0
-2.08	5.25	-5	0.57409		grating		tx+	0.01	35	46	14	166
-2.08	5.25	-5	0.57409		grating		ty+	0.01	35	46	163	20
-2.08	5.25	-5	0.57409		grating		tz+	0.01	35	46	-144	-18
-2.08	5.25	-5	0.60431		grating		dx+	1.00	33	92	 0	 0
-2.08	5.25	-5	0.60431		grating		dy+	1.00	33	92	 0	 0
-2.08	5.25	-5	0.60431		grating		dz+	1.00	33	92	 0	 0
-2.08	5.25	-5	0.60431		grating		tx+	0.01	33	92	22	171
-2.08	5.25	-5	0.60431		grating		ty+	0.01	33	92	160	22
-2.08	5.25	-5	0.60431		grating		tz+	0.01	33	92	-153	-21
-2.08	5.25	-6	0.41837		grating		dx+	1.00	48	-55	 0	 0
-2.08	5.25	-6	0.41837		grating		dy+	1.00	48	-55	 0	 0
-2.08	5.25	-6	0.41837		grating		dz+	1.00	48	-55	 0	 0
-2.08	5.25	-6	0.41837		grating		tx+	0.01	48	-55	-2	163
-2.08	5.25	-6	0.41837		grating		ty+	0.01	48	-55	171	17
-2.08	5.25	-6	0.41837		grating		tz+	0.01	48	-55	-127	-13
-2.08	5.25	-6	0.43580		grating		dx+	1.00	44	-26	 0	 0
-2.08	5.25	-6	0.43580		grating		dy+	1.00	44	-26	 0	 0
-2.08	5.25	-6	0.43580		grating		dz+	1.00	44	-26	 0	 0
-2.08	5.25	-6	0.43580		grating		tx+	0.01	44	-26	 2	162
-2.08	5.25	-6	0.43580		grating		ty+	0.01	44	-26	169	18
-2.08	5.25	-6	0.43580		grating		tz+	0.01	44	-26	-131	-14
-2.08	5.25	-6	0.45323		grating		dx+	1.00	40	 3	 0	 0
-2.08	5.25	-6	0.45323		grating		dy+	1.00	40	 3	 0	 0
-2.08	5.25	-6	0.45323		grating		dz+	1.00	40	 3	 0	 0
-2.08	5.25	-6	0.45323		grating		tx+	0.01	40	 3	 7	163
-2.08	5.25	-6	0.45323		grating		ty+	0.01	40	 3	166	19
-2.08	5.25	-6	0.45323		grating		tz+	0.01	40	 3	-136	-16
-2.08	5.25	-6	0.47383		grating		dx+	1.00	37	38	 0	 0
-2.08	5.25	-6	0.47383		grating		dy+	1.00	37	38	 0	 0
-2.08	5.25	-6	0.47383		grating		dz+	1.00	37	38	 0	 0
-2.08	5.25	-6	0.47383		grating		tx+	0.01	37	38	13	165
-2.08	5.25	-6	0.47383		grating		ty+	0.01	37	38	164	20
-2.08	5.25	-6	0.47383		grating		tz+	0.01	37	38	-143	-17
-2.08	5.25	-6	0.49443		grating		dx+	1.00	35	75	 0	 0
-2.08	5.25	-6	0.49443		grating		dy+	1.00	35	75	 0	 0
-2.08	5.25	-6	0.49443		grating		dz+	1.00	35	75	 0	 0
-2.08	5.25	-6	0.49443		grating		tx+	0.01	35	75	19	169
-2.08	5.25	-6	0.49443		grating		ty+	0.01	35	75	161	21
-2.08	5.25	-6	0.49443		grating		tz+	0.01	35	75	-150	-20
-2.08	5.25	-7	0.36258		grating		dx+	1.00	49	-47	 0	 0
-2.08	5.25	-7	0.36258		grating		dy+	1.00	49	-47	 0	 0
-2.08	5.25	-7	0.36258		grating		dz+	1.00	49	-47	 0	 0
-2.08	5.25	-7	0.36258		grating		tx+	0.01	49	-47	 0	162
-2.08	5.25	-7	0.36258		grating		ty+	0.01	49	-47	171	17
-2.08	5.25	-7	0.36258		grating		tz+	0.01	49	-47	-128	-13
-2.08	5.25	-7	0.37553		grating		dx+	1.00	45	-22	 0	 0
-2.08	5.25	-7	0.37553		grating		dy+	1.00	45	-22	 0	 0
-2.08	5.25	-7	0.37553		grating		dz+	1.00	45	-22	 0	 0
-2.08	5.25	-7	0.37553		grating		tx+	0.01	45	-22	 3	162
-2.08	5.25	-7	0.37553		grating		ty+	0.01	45	-22	169	18
-2.08	5.25	-7	0.37553		grating		tz+	0.01	45	-22	-132	-14
-2.08	5.25	-7	0.38848		grating		dx+	1.00	42	 3	 0	 0
-2.08	5.25	-7	0.38848		grating		dy+	1.00	42	 3	 0	 0
-2.08	5.25	-7	0.38848		grating		dz+	1.00	42	 3	 0	 0
-2.08	5.25	-7	0.38848		grating		tx+	0.01	42	 3	 7	163
-2.08	5.25	-7	0.38848		grating		ty+	0.01	42	 3	166	19
-2.08	5.25	-7	0.38848		grating		tz+	0.01	42	 3	-137	-16
-2.08	5.25	-7	0.40342		grating		dx+	1.00	39	33	 0	 0
-2.08	5.25	-7	0.40342		grating		dy+	1.00	39	33	 0	 0
-2.08	5.25	-7	0.40342		grating		dz+	1.00	39	33	 0	 0
-2.08	5.25	-7	0.40342		grating		tx+	0.01	39	33	12	165
-2.08	5.25	-7	0.40342		grating		ty+	0.01	39	33	164	20
-2.08	5.25	-7	0.40342		grating		tz+	0.01	39	33	-142	-17
-2.08	5.25	-7	0.41837		grating		dx+	1.00	37	64	 0	 0
-2.08	5.25	-7	0.41837		grating		dy+	1.00	37	64	 0	 0
-2.08	5.25	-7	0.41837		grating		dz+	1.00	37	64	 0	 0
-2.08	5.25	-7	0.41837		grating		tx+	0.01	37	64	17	168
-2.08	5.25	-7	0.41837		grating		ty+	0.01	37	64	162	21
-2.08	5.25	-7	0.41837		grating		tz+	0.01	37	64	-148	-19
-2.08	5.25	-8	0.31993		grating		dx+	1.00	51	-41	 0	 0
-2.08	5.25	-8	0.31993		grating		dy+	1.00	51	-41	 0	 0
-2.08	5.25	-8	0.31993		grating		dz+	1.00	51	-41	 0	 0
-2.08	5.25	-8	0.31993		grating		tx+	0.01	51	-41	 0	162
-2.08	5.25	-8	0.31993		grating		ty+	0.01	51	-41	171	18
-2.08	5.25	-8	0.31993		grating		tz+	0.01	51	-41	-130	-13
-2.08	5.25	-8	0.32993		grating		dx+	1.00	47	-19	 0	 0
-2.08	5.25	-8	0.32993		grating		dy+	1.00	47	-19	 0	 0
-2.08	5.25	-8	0.32993		grating		dz+	1.00	47	-19	 0	 0
-2.08	5.25	-8	0.32993		grating		tx+	0.01	47	-19	 3	162
-2.08	5.25	-8	0.32993		grating		ty+	0.01	47	-19	169	18
-2.08	5.25	-8	0.32993		grating		tz+	0.01	47	-19	-133	-14
-2.08	5.25	-8	0.33992		grating		dx+	1.00	44	 3	 0	 0
-2.08	5.25	-8	0.33992		grating		dy+	1.00	44	 3	 0	 0
-2.08	5.25	-8	0.33992		grating		dz+	1.00	44	 3	 0	 0
-2.08	5.25	-8	0.33992		grating		tx+	0.01	44	 3	 7	163
-2.08	5.25	-8	0.33992		grating		ty+	0.01	44	 3	167	19
-2.08	5.25	-8	0.33992		grating		tz+	0.01	44	 3	-137	-16
-2.08	5.25	-8	0.35125		grating		dx+	1.00	42	29	 0	 0
-2.08	5.25	-8	0.35125		grating		dy+	1.00	42	29	 0	 0
-2.08	5.25	-8	0.35125		grating		dz+	1.00	42	29	 0	 0
-2.08	5.25	-8	0.35125		grating		tx+	0.01	42	29	11	164
-2.08	5.25	-8	0.35125		grating		ty+	0.01	42	29	165	20
-2.08	5.25	-8	0.35125		grating		tz+	0.01	42	29	-142	-17
-2.08	5.25	-8	0.36258		grating		dx+	1.00	40	56	 0	 0
-2.08	5.25	-8	0.36258		grating		dy+	1.00	40	56	 0	 0
-2.08	5.25	-8	0.36258		grating		dz+	1.00	40	56	 0	 0
-2.08	5.25	-8	0.36258		grating		tx+	0.01	40	56	16	167
-2.08	5.25	-8	0.36258		grating		ty+	0.01	40	56	163	21
-2.08	5.25	-8	0.36258		grating		tz+	0.01	40	56	-147	-18
-4.15	5.25	-5	0.49443		grating		dx+	1.00	90	-55	 0	 0
-4.15	5.25	-5	0.49443		grating		dy+	1.00	90	-55	 0	 0
-4.15	5.25	-5	0.49443		grating		dz+	1.00	90	-55	 0	 0
-4.15	5.25	-5	0.49443		grating		tx+	0.01	90	-55	-3	160
-4.15	5.25	-5	0.49443		grating		ty+	0.01	90	-55	176	19
-4.15	5.25	-5	0.49443		grating		tz+	0.01	90	-55	-132	-14
-4.15	5.25	-5	0.51915		grating		dx+	1.00	84	-20	 0	 0
-4.15	5.25	-5	0.51915		grating		dy+	1.00	84	-20	 0	 0
-4.15	5.25	-5	0.51915		grating		dz+	1.00	84	-20	 0	 0
-4.15	5.25	-5	0.51915		grating		tx+	0.01	84	-20	 3	160
-4.15	5.25	-5	0.51915		grating		ty+	0.01	84	-20	172	21
-4.15	5.25	-5	0.51915		grating		tz+	0.01	84	-20	-137	-16
-4.15	5.25	-5	0.54388		grating		dx+	1.00	80	15	 0	 0
-4.15	5.25	-5	0.54388		grating		dy+	1.00	80	15	 0	 0
-4.15	5.25	-5	0.54388		grating		dz+	1.00	80	15	 0	 0
-4.15	5.25	-5	0.54388		grating		tx+	0.01	80	15	10	161
-4.15	5.25	-5	0.54388		grating		ty+	0.01	80	15	169	23
-4.15	5.25	-5	0.54388		grating		tz+	0.01	80	15	-143	-19
-4.15	5.25	-5	0.57409		grating		dx+	1.00	77	59	 0	 0
-4.15	5.25	-5	0.57409		grating		dy+	1.00	77	59	 0	 0
-4.15	5.25	-5	0.57409		grating		dz+	1.00	77	59	 0	 0
-4.15	5.25	-5	0.57409		grating		tx+	0.01	77	59	18	164
-4.15	5.25	-5	0.57409		grating		ty+	0.01	77	59	166	25
-4.15	5.25	-5	0.57409		grating		tz+	0.01	77	59	-152	-23
-4.15	5.25	-5	0.60431		grating		dx+	1.00	76	105	 0	 0
-4.15	5.25	-5	0.60431		grating		dy+	1.00	76	105	 0	 0
-4.15	5.25	-5	0.60431		grating		dz+	1.00	76	105	 0	 0
-4.15	5.25	-5	0.60431		grating		tx+	0.01	76	105	27	171
-4.15	5.25	-5	0.60431		grating		ty+	0.01	76	105	164	28
-4.15	5.25	-5	0.60431		grating		tz+	0.01	76	105	-162	-27
-4.15	5.25	-6	0.41837		grating		dx+	1.00	90	-44	 0	 0
-4.15	5.25	-6	0.41837		grating		dy+	1.00	90	-44	 0	 0
-4.15	5.25	-6	0.41837		grating		dz+	1.00	90	-44	 0	 0
-4.15	5.25	-6	0.41837		grating		tx+	0.01	90	-44	-1	160
-4.15	5.25	-6	0.41837		grating		ty+	0.01	90	-44	175	20
-4.15	5.25	-6	0.41837		grating		tz+	0.01	90	-44	-134	-15
-4.15	5.25	-6	0.43580		grating		dx+	1.00	86	-15	 0	 0
-4.15	5.25	-6	0.43580		grating		dy+	1.00	86	-15	 0	 0
-4.15	5.25	-6	0.43580		grating		dz+	1.00	86	-15	 0	 0
-4.15	5.25	-6	0.43580		grating		tx+	0.01	86	-15	 4	160
-4.15	5.25	-6	0.43580		grating		ty+	0.01	86	-15	172	21
-4.15	5.25	-6	0.43580		grating		tz+	0.01	86	-15	-139	-17
-4.15	5.25	-6	0.45323		grating		dx+	1.00	82	15	 0	 0
-4.15	5.25	-6	0.45323		grating		dy+	1.00	82	15	 0	 0
-4.15	5.25	-6	0.45323		grating		dz+	1.00	82	15	 0	 0
-4.15	5.25	-6	0.45323		grating		tx+	0.01	82	15	10	161
-4.15	5.25	-6	0.45323		grating		ty+	0.01	82	15	170	23
-4.15	5.25	-6	0.45323		grating		tz+	0.01	82	15	-144	-19
-4.15	5.25	-6	0.47383		grating		dx+	1.00	79	51	 0	 0
-4.15	5.25	-6	0.47383		grating		dy+	1.00	79	51	 0	 0
-4.15	5.25	-6	0.47383		grating		dz+	1.00	79	51	 0	 0
-4.15	5.25	-6	0.47383		grating		tx+	0.01	79	51	17	164
-4.15	5.25	-6	0.47383		grating		ty+	0.01	79	51	167	24
-4.15	5.25	-6	0.47383		grating		tz+	0.01	79	51	-151	-22
-4.15	5.25	-6	0.49443		grating		dx+	1.00	78	88	 0	 0
-4.15	5.25	-6	0.49443		grating		dy+	1.00	78	88	 0	 0
-4.15	5.25	-6	0.49443		grating		dz+	1.00	78	88	 0	 0
-4.15	5.25	-6	0.49443		grating		tx+	0.01	78	88	24	168
-4.15	5.25	-6	0.49443		grating		ty+	0.01	78	88	165	27
-4.15	5.25	-6	0.49443		grating		tz+	0.01	78	88	-159	-26
-4.15	5.25	-7	0.36258		grating		dx+	1.00	91	-36	 0	 0
-4.15	5.25	-7	0.36258		grating		dy+	1.00	91	-36	 0	 0
-4.15	5.25	-7	0.36258		grating		dz+	1.00	91	-36	 0	 0
-4.15	5.25	-7	0.36258		grating		tx+	0.01	91	-36	 0	160
-4.15	5.25	-7	0.36258		grating		ty+	0.01	91	-36	175	20
-4.15	5.25	-7	0.36258		grating		tz+	0.01	91	-36	-136	-15
-4.15	5.25	-7	0.37553		grating		dx+	1.00	87	-11	 0	 0
-4.15	5.25	-7	0.37553		grating		dy+	1.00	87	-11	 0	 0
-4.15	5.25	-7	0.37553		grating		dz+	1.00	87	-11	 0	 0
-4.15	5.25	-7	0.37553		grating		tx+	0.01	87	-11	 5	160
-4.15	5.25	-7	0.37553		grating		ty+	0.01	87	-11	172	21
-4.15	5.25	-7	0.37553		grating		tz+	0.01	87	-11	-140	-17
-4.15	5.25	-7	0.38848		grating		dx+	1.00	84	15	 0	 0
-4.15	5.25	-7	0.38848		grating		dy+	1.00	84	15	 0	 0
-4.15	5.25	-7	0.38848		grating		dz+	1.00	84	15	 0	 0
-4.15	5.25	-7	0.38848		grating		tx+	0.01	84	15	10	161
-4.15	5.25	-7	0.38848		grating		ty+	0.01	84	15	170	23
-4.15	5.25	-7	0.38848		grating		tz+	0.01	84	15	-144	-19
-4.15	5.25	-7	0.40342		grating		dx+	1.00	81	45	 0	 0
-4.15	5.25	-7	0.40342		grating		dy+	1.00	81	45	 0	 0
-4.15	5.25	-7	0.40342		grating		dz+	1.00	81	45	 0	 0
-4.15	5.25	-7	0.40342		grating		tx+	0.01	81	45	16	163
-4.15	5.25	-7	0.40342		grating		ty+	0.01	81	45	168	24
-4.15	5.25	-7	0.40342		grating		tz+	0.01	81	45	-150	-22
-4.15	5.25	-7	0.41837		grating		dx+	1.00	80	77	 0	 0
-4.15	5.25	-7	0.41837		grating		dy+	1.00	80	77	 0	 0
-4.15	5.25	-7	0.41837		grating		dz+	1.00	80	77	 0	 0
-4.15	5.25	-7	0.41837		grating		tx+	0.01	80	77	22	167
-4.15	5.25	-7	0.41837		grating		ty+	0.01	80	77	166	26
-4.15	5.25	-7	0.41837		grating		tz+	0.01	80	77	-157	-24
-4.15	5.25	-8	0.31993		grating		dx+	1.00	93	-30	 0	 0
-4.15	5.25	-8	0.31993		grating		dy+	1.00	93	-30	 0	 0
-4.15	5.25	-8	0.31993		grating		dz+	1.00	93	-30	 0	 0
-4.15	5.25	-8	0.31993		grating		tx+	0.01	93	-30	 1	160
-4.15	5.25	-8	0.31993		grating		ty+	0.01	93	-30	175	20
-4.15	5.25	-8	0.31993		grating		tz+	0.01	93	-30	-137	-16
-4.15	5.25	-8	0.32993		grating		dx+	1.00	89	-8	 0	 0
-4.15	5.25	-8	0.32993		grating		dy+	1.00	89	-8	 0	 0
-4.15	5.25	-8	0.32993		grating		dz+	1.00	89	-8	 0	 0
-4.15	5.25	-8	0.32993		grating		tx+	0.01	89	-8	 5	160
-4.15	5.25	-8	0.32993		grating		ty+	0.01	89	-8	173	21
-4.15	5.25	-8	0.32993		grating		tz+	0.01	89	-8	-141	-17
-4.15	5.25	-8	0.33992		grating		dx+	1.00	87	15	 0	 0
-4.15	5.25	-8	0.33992		grating		dy+	1.00	87	15	 0	 0
-4.15	5.25	-8	0.33992		grating		dz+	1.00	87	15	 0	 0
-4.15	5.25	-8	0.33992		grating		tx+	0.01	87	15	10	161
-4.15	5.25	-8	0.33992		grating		ty+	0.01	87	15	170	23
-4.15	5.25	-8	0.33992		grating		tz+	0.01	87	15	-145	-19
-4.15	5.25	-8	0.35125		grating		dx+	1.00	84	41	 0	 0
-4.15	5.25	-8	0.35125		grating		dy+	1.00	84	41	 0	 0
-4.15	5.25	-8	0.35125		grating		dz+	1.00	84	41	 0	 0
-4.15	5.25	-8	0.35125		grating		tx+	0.01	84	41	15	163
-4.15	5.25	-8	0.35125		grating		ty+	0.01	84	41	168	24
-4.15	5.25	-8	0.35125		grating		tz+	0.01	84	41	-150	-21
-4.15	5.25	-8	0.36258		grating		dx+	1.00	82	68	 0	 0
-4.15	5.25	-8	0.36258		grating		dy+	1.00	82	68	 0	 0
-4.15	5.25	-8	0.36258		grating		dz+	1.00	82	68	 0	 0
-4.15	5.25	-8	0.36258		grating		tx+	0.01	82	68	20	166
-4.15	5.25	-8	0.36258		grating		ty+	0.01	82	68	167	26
-4.15	5.25	-8	0.36258		grating		tz+	0.01	82	68	-155	-24
