XField 	 YField 	 Order 	 Wavelength 	 Element 	      Peturbation 	 Value	 X 	 Y	 DelX 	 DelY
4.15	3.75	 6	0.84617		mirror		dx+	1.00	-108	48	 0	 0
4.15	3.75	 6	0.84617		mirror		dy+	1.00	-108	48	 0	 0
4.15	3.75	 6	0.84617		mirror		dz+	1.00	-108	48	 3	 0
4.15	3.75	 6	0.84617		mirror		tx+	0.01	-108	48	 7	-130
4.15	3.75	 6	0.84617		mirror		ty+	0.01	-108	48	197	63
4.15	3.75	 6	0.84617		mirror		tz+	0.01	-108	48	 0	 0
4.15	3.75	 6	0.88142		mirror		dx+	1.00	-102	18	 0	 0
4.15	3.75	 6	0.88142		mirror		dy+	1.00	-102	18	 0	 0
4.15	3.75	 6	0.88142		mirror		dz+	1.00	-102	18	 3	 0
4.15	3.75	 6	0.88142		mirror		tx+	0.01	-102	18	 1	-130
4.15	3.75	 6	0.88142		mirror		ty+	0.01	-102	18	197	66
4.15	3.75	 6	0.88142		mirror		tz+	0.01	-102	18	 0	 0
4.15	3.75	 6	0.91668		mirror		dx+	1.00	-98	-11	 0	 0
4.15	3.75	 6	0.91668		mirror		dy+	1.00	-98	-11	 0	 0
4.15	3.75	 6	0.91668		mirror		dz+	1.00	-98	-11	 3	 0
4.15	3.75	 6	0.91668		mirror		tx+	0.01	-98	-11	-5	-132
4.15	3.75	 6	0.91668		mirror		ty+	0.01	-98	-11	199	70
4.15	3.75	 6	0.91668		mirror		tz+	0.01	-98	-11	 0	 0
4.15	3.75	 6	0.95835		mirror		dx+	1.00	-96	-47	 0	 0
4.15	3.75	 6	0.95835		mirror		dy+	1.00	-96	-47	 0	 0
4.15	3.75	 6	0.95835		mirror		dz+	1.00	-96	-47	 3	 0
4.15	3.75	 6	0.95835		mirror		tx+	0.01	-96	-47	-12	-135
4.15	3.75	 6	0.95835		mirror		ty+	0.01	-96	-47	202	74
4.15	3.75	 6	0.95835		mirror		tz+	0.01	-96	-47	 0	 0
4.15	3.75	 6	1.00000		mirror		dx+	1.00	-95	-83	 0	 0
4.15	3.75	 6	1.00000		mirror		dy+	1.00	-95	-83	 0	 0
4.15	3.75	 6	1.00000		mirror		dz+	1.00	-95	-83	 3	 0
4.15	3.75	 6	1.00000		mirror		tx+	0.01	-95	-83	-20	-140
4.15	3.75	 6	1.00000		mirror		ty+	0.01	-95	-83	207	80
4.15	3.75	 6	1.00000		mirror		tz+	0.01	-95	-83	 0	 0
4.15	3.75	 7	0.73334		mirror		dx+	1.00	-109	40	 0	 0
4.15	3.75	 7	0.73334		mirror		dy+	1.00	-109	40	 0	 0
4.15	3.75	 7	0.73334		mirror		dz+	1.00	-109	40	 3	 0
4.15	3.75	 7	0.73334		mirror		tx+	0.01	-109	40	 5	-130
4.15	3.75	 7	0.73334		mirror		ty+	0.01	-109	40	198	64
4.15	3.75	 7	0.73334		mirror		tz+	0.01	-109	40	 0	 0
4.15	3.75	 7	0.75953		mirror		dx+	1.00	-104	14	 0	 0
4.15	3.75	 7	0.75953		mirror		dy+	1.00	-104	14	 0	 0
4.15	3.75	 7	0.75953		mirror		dz+	1.00	-104	14	 3	 0
4.15	3.75	 7	0.75953		mirror		tx+	0.01	-104	14	 0	-130
4.15	3.75	 7	0.75953		mirror		ty+	0.01	-104	14	198	67
4.15	3.75	 7	0.75953		mirror		tz+	0.01	-104	14	 0	 0
4.15	3.75	 7	0.78573		mirror		dx+	1.00	-101	-11	 0	 0
4.15	3.75	 7	0.78573		mirror		dy+	1.00	-101	-11	 0	 0
4.15	3.75	 7	0.78573		mirror		dz+	1.00	-101	-11	 3	 0
4.15	3.75	 7	0.78573		mirror		tx+	0.01	-101	-11	-5	-132
4.15	3.75	 7	0.78573		mirror		ty+	0.01	-101	-11	200	70
4.15	3.75	 7	0.78573		mirror		tz+	0.01	-101	-11	 0	 0
4.15	3.75	 7	0.81595		mirror		dx+	1.00	-98	-41	 0	 0
4.15	3.75	 7	0.81595		mirror		dy+	1.00	-98	-41	 0	 0
4.15	3.75	 7	0.81595		mirror		dz+	1.00	-98	-41	 3	 0
4.15	3.75	 7	0.81595		mirror		tx+	0.01	-98	-41	-11	-134
4.15	3.75	 7	0.81595		mirror		ty+	0.01	-98	-41	202	74
4.15	3.75	 7	0.81595		mirror		tz+	0.01	-98	-41	 0	 0
4.15	3.75	 7	0.84617		mirror		dx+	1.00	-97	-72	 0	 0
4.15	3.75	 7	0.84617		mirror		dy+	1.00	-97	-72	 0	 0
4.15	3.75	 7	0.84617		mirror		dz+	1.00	-97	-72	 3	 0
4.15	3.75	 7	0.84617		mirror		tx+	0.01	-97	-72	-17	-139
4.15	3.75	 7	0.84617		mirror		ty+	0.01	-97	-72	206	78
4.15	3.75	 7	0.84617		mirror		tz+	0.01	-97	-72	 0	 0
4.15	3.75	 8	0.64707		mirror		dx+	1.00	-110	34	 0	 0
4.15	3.75	 8	0.64707		mirror		dy+	1.00	-110	34	 0	 0
4.15	3.75	 8	0.64707		mirror		dz+	1.00	-110	34	 3	 0
4.15	3.75	 8	0.64707		mirror		tx+	0.01	-110	34	 4	-130
4.15	3.75	 8	0.64707		mirror		ty+	0.01	-110	34	199	65
4.15	3.75	 8	0.64707		mirror		tz+	0.01	-110	34	 0	 0
4.15	3.75	 8	0.66729		mirror		dx+	1.00	-106	11	 0	 0
4.15	3.75	 8	0.66729		mirror		dy+	1.00	-106	11	 0	 0
4.15	3.75	 8	0.66729		mirror		dz+	1.00	-106	11	 3	 0
4.15	3.75	 8	0.66729		mirror		tx+	0.01	-106	11	 0	-131
4.15	3.75	 8	0.66729		mirror		ty+	0.01	-106	11	200	67
4.15	3.75	 8	0.66729		mirror		tz+	0.01	-106	11	 0	 0
4.15	3.75	 8	0.68751		mirror		dx+	1.00	-103	-11	 0	 0
4.15	3.75	 8	0.68751		mirror		dy+	1.00	-103	-11	 0	 0
4.15	3.75	 8	0.68751		mirror		dz+	1.00	-103	-11	 3	 0
4.15	3.75	 8	0.68751		mirror		tx+	0.01	-103	-11	-4	-132
4.15	3.75	 8	0.68751		mirror		ty+	0.01	-103	-11	201	70
4.15	3.75	 8	0.68751		mirror		tz+	0.01	-103	-11	 0	 0
4.15	3.75	 8	0.71043		mirror		dx+	1.00	-101	-37	 0	 0
4.15	3.75	 8	0.71043		mirror		dy+	1.00	-101	-37	 0	 0
4.15	3.75	 8	0.71043		mirror		dz+	1.00	-101	-37	 3	 0
4.15	3.75	 8	0.71043		mirror		tx+	0.01	-101	-37	-10	-134
4.15	3.75	 8	0.71043		mirror		ty+	0.01	-101	-37	203	73
4.15	3.75	 8	0.71043		mirror		tz+	0.01	-101	-37	 0	 0
4.15	3.75	 8	0.73344		mirror		dx+	1.00	-99	-64	 0	 0
4.15	3.75	 8	0.73344		mirror		dy+	1.00	-99	-64	 0	 0
4.15	3.75	 8	0.73344		mirror		dz+	1.00	-99	-64	 3	 0
4.15	3.75	 8	0.73344		mirror		tx+	0.01	-99	-64	-16	-137
4.15	3.75	 8	0.73344		mirror		ty+	0.01	-99	-64	206	77
4.15	3.75	 8	0.73344		mirror		tz+	0.01	-99	-64	 0	 0
4.15	3.75	 9	0.57896		mirror		dx+	1.00	-112	29	 0	 0
4.15	3.75	 9	0.57896		mirror		dy+	1.00	-112	29	 0	 0
4.15	3.75	 9	0.57896		mirror		dz+	1.00	-112	29	 3	 0
4.15	3.75	 9	0.57896		mirror		tx+	0.01	-112	29	 3	-130
4.15	3.75	 9	0.57896		mirror		ty+	0.01	-112	29	201	66
4.15	3.75	 9	0.57896		mirror		tz+	0.01	-112	29	 0	 0
4.15	3.75	 9	0.59504		mirror		dx+	1.00	-109	 9	 0	 0
4.15	3.75	 9	0.59504		mirror		dy+	1.00	-109	 9	 0	 0
4.15	3.75	 9	0.59504		mirror		dz+	1.00	-109	 9	 3	 0
4.15	3.75	 9	0.59504		mirror		tx+	0.01	-109	 9	 0	-131
4.15	3.75	 9	0.59504		mirror		ty+	0.01	-109	 9	201	68
4.15	3.75	 9	0.59504		mirror		tz+	0.01	-109	 9	 0	 0
4.15	3.75	 9	0.61112		mirror		dx+	1.00	-106	-11	 0	 0
4.15	3.75	 9	0.61112		mirror		dy+	1.00	-106	-11	 0	 0
4.15	3.75	 9	0.61112		mirror		dz+	1.00	-106	-11	 3	 0
4.15	3.75	 9	0.61112		mirror		tx+	0.01	-106	-11	-4	-132
4.15	3.75	 9	0.61112		mirror		ty+	0.01	-106	-11	202	70
4.15	3.75	 9	0.61112		mirror		tz+	0.01	-106	-11	 0	 0
4.15	3.75	 9	0.62909		mirror		dx+	1.00	-103	-34	 0	 0
4.15	3.75	 9	0.62909		mirror		dy+	1.00	-103	-34	 0	 0
4.15	3.75	 9	0.62909		mirror		dz+	1.00	-103	-34	 3	 0
4.15	3.75	 9	0.62909		mirror		tx+	0.01	-103	-34	-9	-134
4.15	3.75	 9	0.62909		mirror		ty+	0.01	-103	-34	204	73
4.15	3.75	 9	0.62909		mirror		tz+	0.01	-103	-34	 0	 0
4.15	3.75	 9	0.64707		mirror		dx+	1.00	-102	-58	 0	 0
4.15	3.75	 9	0.64707		mirror		dy+	1.00	-102	-58	 0	 0
4.15	3.75	 9	0.64707		mirror		dz+	1.00	-102	-58	 3	 0
4.15	3.75	 9	0.64707		mirror		tx+	0.01	-102	-58	-14	-137
4.15	3.75	 9	0.64707		mirror		ty+	0.01	-102	-58	206	77
4.15	3.75	 9	0.64707		mirror		tz+	0.01	-102	-58	 0	 0
2.08	3.75	 6	0.84617		mirror		dx+	1.00	-56	60	 0	 0
2.08	3.75	 6	0.84617		mirror		dy+	1.00	-56	60	 0	 0
2.08	3.75	 6	0.84617		mirror		dz+	1.00	-56	60	 1	 0
2.08	3.75	 6	0.84617		mirror		tx+	0.01	-56	60	 7	-129
2.08	3.75	 6	0.84617		mirror		ty+	0.01	-56	60	181	45
2.08	3.75	 6	0.84617		mirror		tz+	0.01	-56	60	 0	 0
2.08	3.75	 6	0.88142		mirror		dx+	1.00	-51	31	 0	 0
2.08	3.75	 6	0.88142		mirror		dy+	1.00	-51	31	 0	 0
2.08	3.75	 6	0.88142		mirror		dz+	1.00	-51	31	 1	 0
2.08	3.75	 6	0.88142		mirror		tx+	0.01	-51	31	 2	-129
2.08	3.75	 6	0.88142		mirror		ty+	0.01	-51	31	180	46
2.08	3.75	 6	0.88142		mirror		tz+	0.01	-51	31	 0	 0
2.08	3.75	 6	0.91668		mirror		dx+	1.00	-47	 2	 0	 0
2.08	3.75	 6	0.91668		mirror		dy+	1.00	-47	 2	 0	 0
2.08	3.75	 6	0.91668		mirror		dz+	1.00	-47	 2	 1	 0
2.08	3.75	 6	0.91668		mirror		tx+	0.01	-47	 2	-2	-130
2.08	3.75	 6	0.91668		mirror		ty+	0.01	-47	 2	181	48
2.08	3.75	 6	0.91668		mirror		tz+	0.01	-47	 2	 0	 0
2.08	3.75	 6	0.95835		mirror		dx+	1.00	-44	-32	 0	 0
2.08	3.75	 6	0.95835		mirror		dy+	1.00	-44	-32	 0	 0
2.08	3.75	 6	0.95835		mirror		dz+	1.00	-44	-32	 1	 0
2.08	3.75	 6	0.95835		mirror		tx+	0.01	-44	-32	-8	-133
2.08	3.75	 6	0.95835		mirror		ty+	0.01	-44	-32	182	51
2.08	3.75	 6	0.95835		mirror		tz+	0.01	-44	-32	 0	 0
2.08	3.75	 6	1.00000		mirror		dx+	1.00	-43	-68	 0	 0
2.08	3.75	 6	1.00000		mirror		dy+	1.00	-43	-68	 0	 0
2.08	3.75	 6	1.00000		mirror		dz+	1.00	-43	-68	 1	 0
2.08	3.75	 6	1.00000		mirror		tx+	0.01	-43	-68	-14	-138
2.08	3.75	 6	1.00000		mirror		ty+	0.01	-43	-68	185	54
2.08	3.75	 6	1.00000		mirror		tz+	0.01	-43	-68	 0	 0
2.08	3.75	 7	0.73334		mirror		dx+	1.00	-57	53	 0	 0
2.08	3.75	 7	0.73334		mirror		dy+	1.00	-57	53	 0	 0
2.08	3.75	 7	0.73334		mirror		dz+	1.00	-57	53	 1	 0
2.08	3.75	 7	0.73334		mirror		tx+	0.01	-57	53	 6	-129
2.08	3.75	 7	0.73334		mirror		ty+	0.01	-57	53	181	45
2.08	3.75	 7	0.73334		mirror		tz+	0.01	-57	53	 0	 0
2.08	3.75	 7	0.75953		mirror		dx+	1.00	-53	28	 0	 0
2.08	3.75	 7	0.75953		mirror		dy+	1.00	-53	28	 0	 0
2.08	3.75	 7	0.75953		mirror		dz+	1.00	-53	28	 1	 0
2.08	3.75	 7	0.75953		mirror		tx+	0.01	-53	28	 1	-130
2.08	3.75	 7	0.75953		mirror		ty+	0.01	-53	28	181	47
2.08	3.75	 7	0.75953		mirror		tz+	0.01	-53	28	 0	 0
2.08	3.75	 7	0.78573		mirror		dx+	1.00	-49	 2	 0	 0
2.08	3.75	 7	0.78573		mirror		dy+	1.00	-49	 2	 0	 0
2.08	3.75	 7	0.78573		mirror		dz+	1.00	-49	 2	 1	 0
2.08	3.75	 7	0.78573		mirror		tx+	0.01	-49	 2	-2	-131
2.08	3.75	 7	0.78573		mirror		ty+	0.01	-49	 2	181	49
2.08	3.75	 7	0.78573		mirror		tz+	0.01	-49	 2	 0	 0
2.08	3.75	 7	0.81595		mirror		dx+	1.00	-46	-27	 0	 0
2.08	3.75	 7	0.81595		mirror		dy+	1.00	-46	-27	 0	 0
2.08	3.75	 7	0.81595		mirror		dz+	1.00	-46	-27	 1	 0
2.08	3.75	 7	0.81595		mirror		tx+	0.01	-46	-27	-7	-133
2.08	3.75	 7	0.81595		mirror		ty+	0.01	-46	-27	182	51
2.08	3.75	 7	0.81595		mirror		tz+	0.01	-46	-27	 0	 0
2.08	3.75	 7	0.84617		mirror		dx+	1.00	-45	-57	 0	 0
2.08	3.75	 7	0.84617		mirror		dy+	1.00	-45	-57	 0	 0
2.08	3.75	 7	0.84617		mirror		dz+	1.00	-45	-57	 1	 0
2.08	3.75	 7	0.84617		mirror		tx+	0.01	-45	-57	-12	-136
2.08	3.75	 7	0.84617		mirror		ty+	0.01	-45	-57	184	53
2.08	3.75	 7	0.84617		mirror		tz+	0.01	-45	-57	 0	 0
2.08	3.75	 8	0.64707		mirror		dx+	1.00	-58	47	 0	 0
2.08	3.75	 8	0.64707		mirror		dy+	1.00	-58	47	 0	 0
2.08	3.75	 8	0.64707		mirror		dz+	1.00	-58	47	 1	 0
2.08	3.75	 8	0.64707		mirror		tx+	0.01	-58	47	 5	-129
2.08	3.75	 8	0.64707		mirror		ty+	0.01	-58	47	182	46
2.08	3.75	 8	0.64707		mirror		tz+	0.01	-58	47	 0	 0
2.08	3.75	 8	0.66729		mirror		dx+	1.00	-54	25	 0	 0
2.08	3.75	 8	0.66729		mirror		dy+	1.00	-54	25	 0	 0
2.08	3.75	 8	0.66729		mirror		dz+	1.00	-54	25	 1	 0
2.08	3.75	 8	0.66729		mirror		tx+	0.01	-54	25	 1	-130
2.08	3.75	 8	0.66729		mirror		ty+	0.01	-54	25	182	47
2.08	3.75	 8	0.66729		mirror		tz+	0.01	-54	25	 0	 0
2.08	3.75	 8	0.68751		mirror		dx+	1.00	-51	 2	 0	 0
2.08	3.75	 8	0.68751		mirror		dy+	1.00	-51	 2	 0	 0
2.08	3.75	 8	0.68751		mirror		dz+	1.00	-51	 2	 1	 0
2.08	3.75	 8	0.68751		mirror		tx+	0.01	-51	 2	-2	-131
2.08	3.75	 8	0.68751		mirror		ty+	0.01	-51	 2	182	49
2.08	3.75	 8	0.68751		mirror		tz+	0.01	-51	 2	 0	 0
2.08	3.75	 8	0.71043		mirror		dx+	1.00	-49	-23	 0	 0
2.08	3.75	 8	0.71043		mirror		dy+	1.00	-49	-23	 0	 0
2.08	3.75	 8	0.71043		mirror		dz+	1.00	-49	-23	 1	 0
2.08	3.75	 8	0.71043		mirror		tx+	0.01	-49	-23	-6	-132
2.08	3.75	 8	0.71043		mirror		ty+	0.01	-49	-23	183	51
2.08	3.75	 8	0.71043		mirror		tz+	0.01	-49	-23	 0	 0
2.08	3.75	 8	0.73344		mirror		dx+	1.00	-47	-49	 0	 0
2.08	3.75	 8	0.73344		mirror		dy+	1.00	-47	-49	 0	 0
2.08	3.75	 8	0.73344		mirror		dz+	1.00	-47	-49	 1	 0
2.08	3.75	 8	0.73344		mirror		tx+	0.01	-47	-49	-11	-135
2.08	3.75	 8	0.73344		mirror		ty+	0.01	-47	-49	184	53
2.08	3.75	 8	0.73344		mirror		tz+	0.01	-47	-49	 0	 0
2.08	3.75	 9	0.57896		mirror		dx+	1.00	-60	42	 0	 0
2.08	3.75	 9	0.57896		mirror		dy+	1.00	-60	42	 0	 0
2.08	3.75	 9	0.57896		mirror		dz+	1.00	-60	42	 1	 0
2.08	3.75	 9	0.57896		mirror		tx+	0.01	-60	42	 4	-130
2.08	3.75	 9	0.57896		mirror		ty+	0.01	-60	42	183	46
2.08	3.75	 9	0.57896		mirror		tz+	0.01	-60	42	 0	 0
2.08	3.75	 9	0.59504		mirror		dx+	1.00	-57	22	 0	 0
2.08	3.75	 9	0.59504		mirror		dy+	1.00	-57	22	 0	 0
2.08	3.75	 9	0.59504		mirror		dz+	1.00	-57	22	 1	 0
2.08	3.75	 9	0.59504		mirror		tx+	0.01	-57	22	 1	-130
2.08	3.75	 9	0.59504		mirror		ty+	0.01	-57	22	183	47
2.08	3.75	 9	0.59504		mirror		tz+	0.01	-57	22	 0	 0
2.08	3.75	 9	0.61112		mirror		dx+	1.00	-54	 2	 0	 0
2.08	3.75	 9	0.61112		mirror		dy+	1.00	-54	 2	 0	 0
2.08	3.75	 9	0.61112		mirror		dz+	1.00	-54	 2	 1	 0
2.08	3.75	 9	0.61112		mirror		tx+	0.01	-54	 2	-2	-131
2.08	3.75	 9	0.61112		mirror		ty+	0.01	-54	 2	183	49
2.08	3.75	 9	0.61112		mirror		tz+	0.01	-54	 2	 0	 0
2.08	3.75	 9	0.62909		mirror		dx+	1.00	-51	-20	 0	 0
2.08	3.75	 9	0.62909		mirror		dy+	1.00	-51	-20	 0	 0
2.08	3.75	 9	0.62909		mirror		dz+	1.00	-51	-20	 1	 0
2.08	3.75	 9	0.62909		mirror		tx+	0.01	-51	-20	-6	-132
2.08	3.75	 9	0.62909		mirror		ty+	0.01	-51	-20	183	51
2.08	3.75	 9	0.62909		mirror		tz+	0.01	-51	-20	 0	 0
2.08	3.75	 9	0.64707		mirror		dx+	1.00	-49	-43	 0	 0
2.08	3.75	 9	0.64707		mirror		dy+	1.00	-49	-43	 0	 0
2.08	3.75	 9	0.64707		mirror		dz+	1.00	-49	-43	 1	 0
2.08	3.75	 9	0.64707		mirror		tx+	0.01	-49	-43	-10	-135
2.08	3.75	 9	0.64707		mirror		ty+	0.01	-49	-43	185	53
2.08	3.75	 9	0.64707		mirror		tz+	0.01	-49	-43	 0	 0
0.00	3.75	 6	0.84617		mirror		dx+	1.00	-9	69	 0	 0
0.00	3.75	 6	0.84617		mirror		dy+	1.00	-9	69	 0	 0
0.00	3.75	 6	0.84617		mirror		dz+	1.00	-9	69	 0	 0
0.00	3.75	 6	0.84617		mirror		tx+	0.01	-9	69	 6	-129
0.00	3.75	 6	0.84617		mirror		ty+	0.01	-9	69	171	27
0.00	3.75	 6	0.84617		mirror		tz+	0.01	-9	69	 0	 0
0.00	3.75	 6	0.88142		mirror		dx+	1.00	-4	41	 0	 0
0.00	3.75	 6	0.88142		mirror		dy+	1.00	-4	41	 0	 0
0.00	3.75	 6	0.88142		mirror		dz+	1.00	-4	41	 0	 0
0.00	3.75	 6	0.88142		mirror		tx+	0.01	-4	41	 2	-129
0.00	3.75	 6	0.88142		mirror		ty+	0.01	-4	41	170	28
0.00	3.75	 6	0.88142		mirror		tz+	0.01	-4	41	 0	 0
0.00	3.75	 6	0.91668		mirror		dx+	1.00	 0	12	 0	 0
0.00	3.75	 6	0.91668		mirror		dy+	1.00	 0	12	 0	 0
0.00	3.75	 6	0.91668		mirror		dz+	1.00	 0	12	 0	 0
0.00	3.75	 6	0.91668		mirror		tx+	0.01	 0	12	-1	-130
0.00	3.75	 6	0.91668		mirror		ty+	0.01	 0	12	169	29
0.00	3.75	 6	0.91668		mirror		tz+	0.01	 0	12	 0	 0
0.00	3.75	 6	0.95835		mirror		dx+	1.00	 4	-22	 0	 0
0.00	3.75	 6	0.95835		mirror		dy+	1.00	 4	-22	 0	 0
0.00	3.75	 6	0.95835		mirror		dz+	1.00	 4	-22	 0	 0
0.00	3.75	 6	0.95835		mirror		tx+	0.01	 4	-22	-6	-132
0.00	3.75	 6	0.95835		mirror		ty+	0.01	 4	-22	170	30
0.00	3.75	 6	0.95835		mirror		tz+	0.01	 4	-22	 0	 0
0.00	3.75	 6	1.00000		mirror		dx+	1.00	 6	-57	 0	 0
0.00	3.75	 6	1.00000		mirror		dy+	1.00	 6	-57	 0	 0
0.00	3.75	 6	1.00000		mirror		dz+	1.00	 6	-57	 0	 0
0.00	3.75	 6	1.00000		mirror		tx+	0.01	 6	-57	-11	-136
0.00	3.75	 6	1.00000		mirror		ty+	0.01	 6	-57	171	32
0.00	3.75	 6	1.00000		mirror		tz+	0.01	 6	-57	 0	 0
0.00	3.75	 7	0.73334		mirror		dx+	1.00	-9	62	 0	 0
0.00	3.75	 7	0.73334		mirror		dy+	1.00	-9	62	 0	 0
0.00	3.75	 7	0.73334		mirror		dz+	1.00	-9	62	 0	 0
0.00	3.75	 7	0.73334		mirror		tx+	0.01	-9	62	 5	-129
0.00	3.75	 7	0.73334		mirror		ty+	0.01	-9	62	171	28
0.00	3.75	 7	0.73334		mirror		tz+	0.01	-9	62	 0	 0
0.00	3.75	 7	0.75953		mirror		dx+	1.00	-5	37	 0	 0
0.00	3.75	 7	0.75953		mirror		dy+	1.00	-5	37	 0	 0
0.00	3.75	 7	0.75953		mirror		dz+	1.00	-5	37	 0	 0
0.00	3.75	 7	0.75953		mirror		tx+	0.01	-5	37	 2	-129
0.00	3.75	 7	0.75953		mirror		ty+	0.01	-5	37	170	29
0.00	3.75	 7	0.75953		mirror		tz+	0.01	-5	37	 0	 0
0.00	3.75	 7	0.78573		mirror		dx+	1.00	-2	12	 0	 0
0.00	3.75	 7	0.78573		mirror		dy+	1.00	-2	12	 0	 0
0.00	3.75	 7	0.78573		mirror		dz+	1.00	-2	12	 0	 0
0.00	3.75	 7	0.78573		mirror		tx+	0.01	-2	12	-1	-130
0.00	3.75	 7	0.78573		mirror		ty+	0.01	-2	12	170	29
0.00	3.75	 7	0.78573		mirror		tz+	0.01	-2	12	 0	 0
0.00	3.75	 7	0.81595		mirror		dx+	1.00	 1	-17	 0	 0
0.00	3.75	 7	0.81595		mirror		dy+	1.00	 1	-17	 0	 0
0.00	3.75	 7	0.81595		mirror		dz+	1.00	 1	-17	 0	 0
0.00	3.75	 7	0.81595		mirror		tx+	0.01	 1	-17	-5	-132
0.00	3.75	 7	0.81595		mirror		ty+	0.01	 1	-17	170	30
0.00	3.75	 7	0.81595		mirror		tz+	0.01	 1	-17	 0	 0
0.00	3.75	 7	0.84617		mirror		dx+	1.00	 4	-46	 0	 0
0.00	3.75	 7	0.84617		mirror		dy+	1.00	 4	-46	 0	 0
0.00	3.75	 7	0.84617		mirror		dz+	1.00	 4	-46	 0	 0
0.00	3.75	 7	0.84617		mirror		tx+	0.01	 4	-46	-10	-135
0.00	3.75	 7	0.84617		mirror		ty+	0.01	 4	-46	171	32
0.00	3.75	 7	0.84617		mirror		tz+	0.01	 4	-46	 0	 0
0.00	3.75	 8	0.64707		mirror		dx+	1.00	-10	56	 0	 0
0.00	3.75	 8	0.64707		mirror		dy+	1.00	-10	56	 0	 0
0.00	3.75	 8	0.64707		mirror		dz+	1.00	-10	56	 0	 0
0.00	3.75	 8	0.64707		mirror		tx+	0.01	-10	56	 5	-129
0.00	3.75	 8	0.64707		mirror		ty+	0.01	-10	56	171	28
0.00	3.75	 8	0.64707		mirror		tz+	0.01	-10	56	 0	 0
0.00	3.75	 8	0.66729		mirror		dx+	1.00	-7	34	 0	 0
0.00	3.75	 8	0.66729		mirror		dy+	1.00	-7	34	 0	 0
0.00	3.75	 8	0.66729		mirror		dz+	1.00	-7	34	 0	 0
0.00	3.75	 8	0.66729		mirror		tx+	0.01	-7	34	 1	-129
0.00	3.75	 8	0.66729		mirror		ty+	0.01	-7	34	170	29
0.00	3.75	 8	0.66729		mirror		tz+	0.01	-7	34	 0	 0
0.00	3.75	 8	0.68751		mirror		dx+	1.00	-4	12	 0	 0
0.00	3.75	 8	0.68751		mirror		dy+	1.00	-4	12	 0	 0
0.00	3.75	 8	0.68751		mirror		dz+	1.00	-4	12	 0	 0
0.00	3.75	 8	0.68751		mirror		tx+	0.01	-4	12	-1	-130
0.00	3.75	 8	0.68751		mirror		ty+	0.01	-4	12	170	29
0.00	3.75	 8	0.68751		mirror		tz+	0.01	-4	12	 0	 0
0.00	3.75	 8	0.71043		mirror		dx+	1.00	-1	-13	 0	 0
0.00	3.75	 8	0.71043		mirror		dy+	1.00	-1	-13	 0	 0
0.00	3.75	 8	0.71043		mirror		dz+	1.00	-1	-13	 0	 0
0.00	3.75	 8	0.71043		mirror		tx+	0.01	-1	-13	-5	-132
0.00	3.75	 8	0.71043		mirror		ty+	0.01	-1	-13	170	30
0.00	3.75	 8	0.71043		mirror		tz+	0.01	-1	-13	 0	 0
0.00	3.75	 8	0.73344		mirror		dx+	1.00	 1	-38	 0	 0
0.00	3.75	 8	0.73344		mirror		dy+	1.00	 1	-38	 0	 0
0.00	3.75	 8	0.73344		mirror		dz+	1.00	 1	-38	 0	 0
0.00	3.75	 8	0.73344		mirror		tx+	0.01	 1	-38	-8	-134
0.00	3.75	 8	0.73344		mirror		ty+	0.01	 1	-38	171	31
0.00	3.75	 8	0.73344		mirror		tz+	0.01	 1	-38	 0	 0
0.00	3.75	 9	0.57896		mirror		dx+	1.00	-12	51	 0	 0
0.00	3.75	 9	0.57896		mirror		dy+	1.00	-12	51	 0	 0
0.00	3.75	 9	0.57896		mirror		dz+	1.00	-12	51	 0	 0
0.00	3.75	 9	0.57896		mirror		tx+	0.01	-12	51	 4	-129
0.00	3.75	 9	0.57896		mirror		ty+	0.01	-12	51	172	28
0.00	3.75	 9	0.57896		mirror		tz+	0.01	-12	51	 0	 0
0.00	3.75	 9	0.59504		mirror		dx+	1.00	-9	32	 0	 0
0.00	3.75	 9	0.59504		mirror		dy+	1.00	-9	32	 0	 0
0.00	3.75	 9	0.59504		mirror		dz+	1.00	-9	32	 0	 0
0.00	3.75	 9	0.59504		mirror		tx+	0.01	-9	32	 1	-129
0.00	3.75	 9	0.59504		mirror		ty+	0.01	-9	32	171	29
0.00	3.75	 9	0.59504		mirror		tz+	0.01	-9	32	 0	 0
0.00	3.75	 9	0.61112		mirror		dx+	1.00	-6	12	 0	 0
0.00	3.75	 9	0.61112		mirror		dy+	1.00	-6	12	 0	 0
0.00	3.75	 9	0.61112		mirror		dz+	1.00	-6	12	 0	 0
0.00	3.75	 9	0.61112		mirror		tx+	0.01	-6	12	-1	-130
0.00	3.75	 9	0.61112		mirror		ty+	0.01	-6	12	171	30
0.00	3.75	 9	0.61112		mirror		tz+	0.01	-6	12	 0	 0
0.00	3.75	 9	0.62909		mirror		dx+	1.00	-3	-10	 0	 0
0.00	3.75	 9	0.62909		mirror		dy+	1.00	-3	-10	 0	 0
0.00	3.75	 9	0.62909		mirror		dz+	1.00	-3	-10	 0	 0
0.00	3.75	 9	0.62909		mirror		tx+	0.01	-3	-10	-4	-132
0.00	3.75	 9	0.62909		mirror		ty+	0.01	-3	-10	171	30
0.00	3.75	 9	0.62909		mirror		tz+	0.01	-3	-10	 0	 0
0.00	3.75	 9	0.64707		mirror		dx+	1.00	-1	-32	 0	 0
0.00	3.75	 9	0.64707		mirror		dy+	1.00	-1	-32	 0	 0
0.00	3.75	 9	0.64707		mirror		dz+	1.00	-1	-32	 0	 0
0.00	3.75	 9	0.64707		mirror		tx+	0.01	-1	-32	-7	-134
0.00	3.75	 9	0.64707		mirror		ty+	0.01	-1	-32	171	31
0.00	3.75	 9	0.64707		mirror		tz+	0.01	-1	-32	 0	 0
-2.08	3.75	 6	0.84617		mirror		dx+	1.00	37	75	 0	 0
-2.08	3.75	 6	0.84617		mirror		dy+	1.00	37	75	 0	 0
-2.08	3.75	 6	0.84617		mirror		dz+	1.00	37	75	-1	 0
-2.08	3.75	 6	0.84617		mirror		tx+	0.01	37	75	 5	-129
-2.08	3.75	 6	0.84617		mirror		ty+	0.01	37	75	164	11
-2.08	3.75	 6	0.84617		mirror		tz+	0.01	37	75	 0	 0
-2.08	3.75	 6	0.88142		mirror		dx+	1.00	41	47	 0	 0
-2.08	3.75	 6	0.88142		mirror		dy+	1.00	41	47	 0	 0
-2.08	3.75	 6	0.88142		mirror		dz+	1.00	41	47	-1	 0
-2.08	3.75	 6	0.88142		mirror		tx+	0.01	41	47	 2	-129
-2.08	3.75	 6	0.88142		mirror		ty+	0.01	41	47	163	11
-2.08	3.75	 6	0.88142		mirror		tz+	0.01	41	47	 0	 0
-2.08	3.75	 6	0.91668		mirror		dx+	1.00	45	19	 0	 0
-2.08	3.75	 6	0.91668		mirror		dy+	1.00	45	19	 0	 0
-2.08	3.75	 6	0.91668		mirror		dz+	1.00	45	19	-1	 0
-2.08	3.75	 6	0.91668		mirror		tx+	0.01	45	19	-1	-130
-2.08	3.75	 6	0.91668		mirror		ty+	0.01	45	19	162	11
-2.08	3.75	 6	0.91668		mirror		tz+	0.01	45	19	 0	 0
-2.08	3.75	 6	0.95835		mirror		dx+	1.00	49	-15	 0	 0
-2.08	3.75	 6	0.95835		mirror		dy+	1.00	49	-15	 0	 0
-2.08	3.75	 6	0.95835		mirror		dz+	1.00	49	-15	-1	 0
-2.08	3.75	 6	0.95835		mirror		tx+	0.01	49	-15	-5	-132
-2.08	3.75	 6	0.95835		mirror		ty+	0.01	49	-15	162	11
-2.08	3.75	 6	0.95835		mirror		tz+	0.01	49	-15	 0	 0
-2.08	3.75	 6	1.00000		mirror		dx+	1.00	51	-50	 0	 0
-2.08	3.75	 6	1.00000		mirror		dy+	1.00	51	-50	 0	 0
-2.08	3.75	 6	1.00000		mirror		dz+	1.00	51	-50	-1	 0
-2.08	3.75	 6	1.00000		mirror		tx+	0.01	51	-50	-9	-136
-2.08	3.75	 6	1.00000		mirror		ty+	0.01	51	-50	163	11
-2.08	3.75	 6	1.00000		mirror		tz+	0.01	51	-50	 0	 0
-2.08	3.75	 7	0.73334		mirror		dx+	1.00	36	68	 0	 0
-2.08	3.75	 7	0.73334		mirror		dy+	1.00	36	68	 0	 0
-2.08	3.75	 7	0.73334		mirror		dz+	1.00	36	68	-1	 0
-2.08	3.75	 7	0.73334		mirror		tx+	0.01	36	68	 5	-129
-2.08	3.75	 7	0.73334		mirror		ty+	0.01	36	68	164	11
-2.08	3.75	 7	0.73334		mirror		tz+	0.01	36	68	 0	 0
-2.08	3.75	 7	0.75953		mirror		dx+	1.00	40	43	 0	 0
-2.08	3.75	 7	0.75953		mirror		dy+	1.00	40	43	 0	 0
-2.08	3.75	 7	0.75953		mirror		dz+	1.00	40	43	-1	 0
-2.08	3.75	 7	0.75953		mirror		tx+	0.01	40	43	 1	-129
-2.08	3.75	 7	0.75953		mirror		ty+	0.01	40	43	163	11
-2.08	3.75	 7	0.75953		mirror		tz+	0.01	40	43	 0	 0
-2.08	3.75	 7	0.78573		mirror		dx+	1.00	44	19	 0	 0
-2.08	3.75	 7	0.78573		mirror		dy+	1.00	44	19	 0	 0
-2.08	3.75	 7	0.78573		mirror		dz+	1.00	44	19	-1	 0
-2.08	3.75	 7	0.78573		mirror		tx+	0.01	44	19	-1	-130
-2.08	3.75	 7	0.78573		mirror		ty+	0.01	44	19	163	11
-2.08	3.75	 7	0.78573		mirror		tz+	0.01	44	19	 0	 0
-2.08	3.75	 7	0.81595		mirror		dx+	1.00	47	-10	 0	 0
-2.08	3.75	 7	0.81595		mirror		dy+	1.00	47	-10	 0	 0
-2.08	3.75	 7	0.81595		mirror		dz+	1.00	47	-10	-1	 0
-2.08	3.75	 7	0.81595		mirror		tx+	0.01	47	-10	-4	-132
-2.08	3.75	 7	0.81595		mirror		ty+	0.01	47	-10	162	11
-2.08	3.75	 7	0.81595		mirror		tz+	0.01	47	-10	 0	 0
-2.08	3.75	 7	0.84617		mirror		dx+	1.00	49	-39	 0	 0
-2.08	3.75	 7	0.84617		mirror		dy+	1.00	49	-39	 0	 0
-2.08	3.75	 7	0.84617		mirror		dz+	1.00	49	-39	-1	 0
-2.08	3.75	 7	0.84617		mirror		tx+	0.01	49	-39	-8	-135
-2.08	3.75	 7	0.84617		mirror		ty+	0.01	49	-39	163	11
-2.08	3.75	 7	0.84617		mirror		tz+	0.01	49	-39	 0	 0
-2.08	3.75	 8	0.64707		mirror		dx+	1.00	35	62	 0	 0
-2.08	3.75	 8	0.64707		mirror		dy+	1.00	35	62	 0	 0
-2.08	3.75	 8	0.64707		mirror		dz+	1.00	35	62	-1	 0
-2.08	3.75	 8	0.64707		mirror		tx+	0.01	35	62	 4	-129
-2.08	3.75	 8	0.64707		mirror		ty+	0.01	35	62	164	11
-2.08	3.75	 8	0.64707		mirror		tz+	0.01	35	62	 0	 0
-2.08	3.75	 8	0.66729		mirror		dx+	1.00	39	41	 0	 0
-2.08	3.75	 8	0.66729		mirror		dy+	1.00	39	41	 0	 0
-2.08	3.75	 8	0.66729		mirror		dz+	1.00	39	41	-1	 0
-2.08	3.75	 8	0.66729		mirror		tx+	0.01	39	41	 1	-129
-2.08	3.75	 8	0.66729		mirror		ty+	0.01	39	41	163	11
-2.08	3.75	 8	0.66729		mirror		tz+	0.01	39	41	 0	 0
-2.08	3.75	 8	0.68751		mirror		dx+	1.00	42	19	 0	 0
-2.08	3.75	 8	0.68751		mirror		dy+	1.00	42	19	 0	 0
-2.08	3.75	 8	0.68751		mirror		dz+	1.00	42	19	-1	 0
-2.08	3.75	 8	0.68751		mirror		tx+	0.01	42	19	-1	-130
-2.08	3.75	 8	0.68751		mirror		ty+	0.01	42	19	163	11
-2.08	3.75	 8	0.68751		mirror		tz+	0.01	42	19	 0	 0
-2.08	3.75	 8	0.71043		mirror		dx+	1.00	45	-6	 0	 0
-2.08	3.75	 8	0.71043		mirror		dy+	1.00	45	-6	 0	 0
-2.08	3.75	 8	0.71043		mirror		dz+	1.00	45	-6	-1	 0
-2.08	3.75	 8	0.71043		mirror		tx+	0.01	45	-6	-4	-132
-2.08	3.75	 8	0.71043		mirror		ty+	0.01	45	-6	163	12
-2.08	3.75	 8	0.71043		mirror		tz+	0.01	45	-6	 0	 0
-2.08	3.75	 8	0.73344		mirror		dx+	1.00	47	-31	 0	 0
-2.08	3.75	 8	0.73344		mirror		dy+	1.00	47	-31	 0	 0
-2.08	3.75	 8	0.73344		mirror		dz+	1.00	47	-31	-1	 0
-2.08	3.75	 8	0.73344		mirror		tx+	0.01	47	-31	-7	-134
-2.08	3.75	 8	0.73344		mirror		ty+	0.01	47	-31	163	12
-2.08	3.75	 8	0.73344		mirror		tz+	0.01	47	-31	 0	 0
-2.08	3.75	 9	0.57896		mirror		dx+	1.00	33	58	 0	 0
-2.08	3.75	 9	0.57896		mirror		dy+	1.00	33	58	 0	 0
-2.08	3.75	 9	0.57896		mirror		dz+	1.00	33	58	-1	 0
-2.08	3.75	 9	0.57896		mirror		tx+	0.01	33	58	 3	-129
-2.08	3.75	 9	0.57896		mirror		ty+	0.01	33	58	164	11
-2.08	3.75	 9	0.57896		mirror		tz+	0.01	33	58	 0	 0
-2.08	3.75	 9	0.59504		mirror		dx+	1.00	37	38	 0	 0
-2.08	3.75	 9	0.59504		mirror		dy+	1.00	37	38	 0	 0
-2.08	3.75	 9	0.59504		mirror		dz+	1.00	37	38	-1	 0
-2.08	3.75	 9	0.59504		mirror		tx+	0.01	37	38	 1	-129
-2.08	3.75	 9	0.59504		mirror		ty+	0.01	37	38	164	11
-2.08	3.75	 9	0.59504		mirror		tz+	0.01	37	38	 0	 0
-2.08	3.75	 9	0.61112		mirror		dx+	1.00	40	19	 0	 0
-2.08	3.75	 9	0.61112		mirror		dy+	1.00	40	19	 0	 0
-2.08	3.75	 9	0.61112		mirror		dz+	1.00	40	19	-1	 0
-2.08	3.75	 9	0.61112		mirror		tx+	0.01	40	19	-1	-130
-2.08	3.75	 9	0.61112		mirror		ty+	0.01	40	19	163	12
-2.08	3.75	 9	0.61112		mirror		tz+	0.01	40	19	 0	 0
-2.08	3.75	 9	0.62909		mirror		dx+	1.00	42	-3	 0	 0
-2.08	3.75	 9	0.62909		mirror		dy+	1.00	42	-3	 0	 0
-2.08	3.75	 9	0.62909		mirror		dz+	1.00	42	-3	-1	 0
-2.08	3.75	 9	0.62909		mirror		tx+	0.01	42	-3	-3	-131
-2.08	3.75	 9	0.62909		mirror		ty+	0.01	42	-3	163	12
-2.08	3.75	 9	0.62909		mirror		tz+	0.01	42	-3	 0	 0
-2.08	3.75	 9	0.64707		mirror		dx+	1.00	44	-25	 0	 0
-2.08	3.75	 9	0.64707		mirror		dy+	1.00	44	-25	 0	 0
-2.08	3.75	 9	0.64707		mirror		dz+	1.00	44	-25	-1	 0
-2.08	3.75	 9	0.64707		mirror		tx+	0.01	44	-25	-6	-133
-2.08	3.75	 9	0.64707		mirror		ty+	0.01	44	-25	163	12
-2.08	3.75	 9	0.64707		mirror		tz+	0.01	44	-25	 0	 0
-4.15	3.75	 6	0.84617		mirror		dx+	1.00	81	79	 0	 0
-4.15	3.75	 6	0.84617		mirror		dy+	1.00	81	79	 0	 0
-4.15	3.75	 6	0.84617		mirror		dz+	1.00	81	79	-2	 0
-4.15	3.75	 6	0.84617		mirror		tx+	0.01	81	79	 4	-130
-4.15	3.75	 6	0.84617		mirror		ty+	0.01	81	79	160	-4
-4.15	3.75	 6	0.84617		mirror		tz+	0.01	81	79	 0	 0
-4.15	3.75	 6	0.88142		mirror		dx+	1.00	85	50	 0	 0
-4.15	3.75	 6	0.88142		mirror		dy+	1.00	85	50	 0	 0
-4.15	3.75	 6	0.88142		mirror		dz+	1.00	85	50	-2	 0
-4.15	3.75	 6	0.88142		mirror		tx+	0.01	85	50	 1	-130
-4.15	3.75	 6	0.88142		mirror		ty+	0.01	85	50	159	-5
-4.15	3.75	 6	0.88142		mirror		tz+	0.01	85	50	 0	 0
-4.15	3.75	 6	0.91668		mirror		dx+	1.00	89	22	 0	 0
-4.15	3.75	 6	0.91668		mirror		dy+	1.00	89	22	 0	 0
-4.15	3.75	 6	0.91668		mirror		dz+	1.00	89	22	-2	 0
-4.15	3.75	 6	0.91668		mirror		tx+	0.01	89	22	-1	-130
-4.15	3.75	 6	0.91668		mirror		ty+	0.01	89	22	158	-5
-4.15	3.75	 6	0.91668		mirror		tz+	0.01	89	22	 0	 0
-4.15	3.75	 6	0.95835		mirror		dx+	1.00	92	-12	 0	 0
-4.15	3.75	 6	0.95835		mirror		dy+	1.00	92	-12	 0	 0
-4.15	3.75	 6	0.95835		mirror		dz+	1.00	92	-12	-2	 0
-4.15	3.75	 6	0.95835		mirror		tx+	0.01	92	-12	-4	-133
-4.15	3.75	 6	0.95835		mirror		ty+	0.01	92	-12	158	-6
-4.15	3.75	 6	0.95835		mirror		tz+	0.01	92	-12	 0	 0
-4.15	3.75	 6	1.00000		mirror		dx+	1.00	95	-47	 0	 0
-4.15	3.75	 6	1.00000		mirror		dy+	1.00	95	-47	 0	 0
-4.15	3.75	 6	1.00000		mirror		dz+	1.00	95	-47	-2	 0
-4.15	3.75	 6	1.00000		mirror		tx+	0.01	95	-47	-8	-136
-4.15	3.75	 6	1.00000		mirror		ty+	0.01	95	-47	158	-7
-4.15	3.75	 6	1.00000		mirror		tz+	0.01	95	-47	 0	 0
-4.15	3.75	 7	0.73334		mirror		dx+	1.00	80	71	 0	 0
-4.15	3.75	 7	0.73334		mirror		dy+	1.00	80	71	 0	 0
-4.15	3.75	 7	0.73334		mirror		dz+	1.00	80	71	-2	 0
-4.15	3.75	 7	0.73334		mirror		tx+	0.01	80	71	 3	-130
-4.15	3.75	 7	0.73334		mirror		ty+	0.01	80	71	160	-4
-4.15	3.75	 7	0.73334		mirror		tz+	0.01	80	71	 0	 0
-4.15	3.75	 7	0.75953		mirror		dx+	1.00	84	47	 0	 0
-4.15	3.75	 7	0.75953		mirror		dy+	1.00	84	47	 0	 0
-4.15	3.75	 7	0.75953		mirror		dz+	1.00	84	47	-2	 0
-4.15	3.75	 7	0.75953		mirror		tx+	0.01	84	47	 1	-130
-4.15	3.75	 7	0.75953		mirror		ty+	0.01	84	47	159	-5
-4.15	3.75	 7	0.75953		mirror		tz+	0.01	84	47	 0	 0
-4.15	3.75	 7	0.78573		mirror		dx+	1.00	87	22	 0	 0
-4.15	3.75	 7	0.78573		mirror		dy+	1.00	87	22	 0	 0
-4.15	3.75	 7	0.78573		mirror		dz+	1.00	87	22	-2	 0
-4.15	3.75	 7	0.78573		mirror		tx+	0.01	87	22	-1	-130
-4.15	3.75	 7	0.78573		mirror		ty+	0.01	87	22	158	-5
-4.15	3.75	 7	0.78573		mirror		tz+	0.01	87	22	 0	 0
-4.15	3.75	 7	0.81595		mirror		dx+	1.00	90	-7	 0	 0
-4.15	3.75	 7	0.81595		mirror		dy+	1.00	90	-7	 0	 0
-4.15	3.75	 7	0.81595		mirror		dz+	1.00	90	-7	-2	 0
-4.15	3.75	 7	0.81595		mirror		tx+	0.01	90	-7	-4	-132
-4.15	3.75	 7	0.81595		mirror		ty+	0.01	90	-7	158	-6
-4.15	3.75	 7	0.81595		mirror		tz+	0.01	90	-7	 0	 0
-4.15	3.75	 7	0.84617		mirror		dx+	1.00	93	-36	 0	 0
-4.15	3.75	 7	0.84617		mirror		dy+	1.00	93	-36	 0	 0
-4.15	3.75	 7	0.84617		mirror		dz+	1.00	93	-36	-2	 0
-4.15	3.75	 7	0.84617		mirror		tx+	0.01	93	-36	-7	-135
-4.15	3.75	 7	0.84617		mirror		ty+	0.01	93	-36	158	-7
-4.15	3.75	 7	0.84617		mirror		tz+	0.01	93	-36	 0	 0
-4.15	3.75	 8	0.64707		mirror		dx+	1.00	79	65	 0	 0
-4.15	3.75	 8	0.64707		mirror		dy+	1.00	79	65	 0	 0
-4.15	3.75	 8	0.64707		mirror		dz+	1.00	79	65	-2	 0
-4.15	3.75	 8	0.64707		mirror		tx+	0.01	79	65	 3	-129
-4.15	3.75	 8	0.64707		mirror		ty+	0.01	79	65	160	-4
-4.15	3.75	 8	0.64707		mirror		tz+	0.01	79	65	 0	 0
-4.15	3.75	 8	0.66729		mirror		dx+	1.00	82	44	 0	 0
-4.15	3.75	 8	0.66729		mirror		dy+	1.00	82	44	 0	 0
-4.15	3.75	 8	0.66729		mirror		dz+	1.00	82	44	-2	 0
-4.15	3.75	 8	0.66729		mirror		tx+	0.01	82	44	 1	-130
-4.15	3.75	 8	0.66729		mirror		ty+	0.01	82	44	159	-5
-4.15	3.75	 8	0.66729		mirror		tz+	0.01	82	44	 0	 0
-4.15	3.75	 8	0.68751		mirror		dx+	1.00	85	22	 0	 0
-4.15	3.75	 8	0.68751		mirror		dy+	1.00	85	22	 0	 0
-4.15	3.75	 8	0.68751		mirror		dz+	1.00	85	22	-2	 0
-4.15	3.75	 8	0.68751		mirror		tx+	0.01	85	22	-1	-130
-4.15	3.75	 8	0.68751		mirror		ty+	0.01	85	22	158	-5
-4.15	3.75	 8	0.68751		mirror		tz+	0.01	85	22	 0	 0
-4.15	3.75	 8	0.71043		mirror		dx+	1.00	88	-3	 0	 0
-4.15	3.75	 8	0.71043		mirror		dy+	1.00	88	-3	 0	 0
-4.15	3.75	 8	0.71043		mirror		dz+	1.00	88	-3	-2	 0
-4.15	3.75	 8	0.71043		mirror		tx+	0.01	88	-3	-3	-132
-4.15	3.75	 8	0.71043		mirror		ty+	0.01	88	-3	158	-6
-4.15	3.75	 8	0.71043		mirror		tz+	0.01	88	-3	 0	 0
-4.15	3.75	 8	0.73344		mirror		dx+	1.00	90	-28	 0	 0
-4.15	3.75	 8	0.73344		mirror		dy+	1.00	90	-28	 0	 0
-4.15	3.75	 8	0.73344		mirror		dz+	1.00	90	-28	-2	 0
-4.15	3.75	 8	0.73344		mirror		tx+	0.01	90	-28	-6	-134
-4.15	3.75	 8	0.73344		mirror		ty+	0.01	90	-28	158	-6
-4.15	3.75	 8	0.73344		mirror		tz+	0.01	90	-28	 0	 0
-4.15	3.75	 9	0.57896		mirror		dx+	1.00	77	61	 0	 0
-4.15	3.75	 9	0.57896		mirror		dy+	1.00	77	61	 0	 0
-4.15	3.75	 9	0.57896		mirror		dz+	1.00	77	61	-2	 0
-4.15	3.75	 9	0.57896		mirror		tx+	0.01	77	61	 3	-129
-4.15	3.75	 9	0.57896		mirror		ty+	0.01	77	61	160	-4
-4.15	3.75	 9	0.57896		mirror		tz+	0.01	77	61	 0	 0
-4.15	3.75	 9	0.59504		mirror		dx+	1.00	80	42	 0	 0
-4.15	3.75	 9	0.59504		mirror		dy+	1.00	80	42	 0	 0
-4.15	3.75	 9	0.59504		mirror		dz+	1.00	80	42	-2	 0
-4.15	3.75	 9	0.59504		mirror		tx+	0.01	80	42	 0	-130
-4.15	3.75	 9	0.59504		mirror		ty+	0.01	80	42	159	-5
-4.15	3.75	 9	0.59504		mirror		tz+	0.01	80	42	 0	 0
-4.15	3.75	 9	0.61112		mirror		dx+	1.00	83	22	 0	 0
-4.15	3.75	 9	0.61112		mirror		dy+	1.00	83	22	 0	 0
-4.15	3.75	 9	0.61112		mirror		dz+	1.00	83	22	-2	 0
-4.15	3.75	 9	0.61112		mirror		tx+	0.01	83	22	-1	-130
-4.15	3.75	 9	0.61112		mirror		ty+	0.01	83	22	158	-5
-4.15	3.75	 9	0.61112		mirror		tz+	0.01	83	22	 0	 0
-4.15	3.75	 9	0.62909		mirror		dx+	1.00	86	 0	 0	 0
-4.15	3.75	 9	0.62909		mirror		dy+	1.00	86	 0	 0	 0
-4.15	3.75	 9	0.62909		mirror		dz+	1.00	86	 0	-2	 0
-4.15	3.75	 9	0.62909		mirror		tx+	0.01	86	 0	-3	-132
-4.15	3.75	 9	0.62909		mirror		ty+	0.01	86	 0	158	-5
-4.15	3.75	 9	0.62909		mirror		tz+	0.01	86	 0	 0	 0
-4.15	3.75	 9	0.64707		mirror		dx+	1.00	88	-22	 0	 0
-4.15	3.75	 9	0.64707		mirror		dy+	1.00	88	-22	 0	 0
-4.15	3.75	 9	0.64707		mirror		dz+	1.00	88	-22	-2	 0
-4.15	3.75	 9	0.64707		mirror		tx+	0.01	88	-22	-5	-133
-4.15	3.75	 9	0.64707		mirror		ty+	0.01	88	-22	158	-6
-4.15	3.75	 9	0.64707		mirror		tz+	0.01	88	-22	 0	 0
4.15	4.50	 6	0.84617		mirror		dx+	1.00	-107	39	 0	 0
4.15	4.50	 6	0.84617		mirror		dy+	1.00	-107	39	 0	 0
4.15	4.50	 6	0.84617		mirror		dz+	1.00	-107	39	 3	 0
4.15	4.50	 6	0.84617		mirror		tx+	0.01	-107	39	 5	-135
4.15	4.50	 6	0.84617		mirror		ty+	0.01	-107	39	192	63
4.15	4.50	 6	0.84617		mirror		tz+	0.01	-107	39	 0	 0
4.15	4.50	 6	0.88142		mirror		dx+	1.00	-102	10	 0	 0
4.15	4.50	 6	0.88142		mirror		dy+	1.00	-102	10	 0	 0
4.15	4.50	 6	0.88142		mirror		dz+	1.00	-102	10	 3	 0
4.15	4.50	 6	0.88142		mirror		tx+	0.01	-102	10	 0	-136
4.15	4.50	 6	0.88142		mirror		ty+	0.01	-102	10	193	66
4.15	4.50	 6	0.88142		mirror		tz+	0.01	-102	10	 0	 0
4.15	4.50	 6	0.91668		mirror		dx+	1.00	-99	-20	 0	 0
4.15	4.50	 6	0.91668		mirror		dy+	1.00	-99	-20	 0	 0
4.15	4.50	 6	0.91668		mirror		dz+	1.00	-99	-20	 3	 0
4.15	4.50	 6	0.91668		mirror		tx+	0.01	-99	-20	-6	-137
4.15	4.50	 6	0.91668		mirror		ty+	0.01	-99	-20	194	69
4.15	4.50	 6	0.91668		mirror		tz+	0.01	-99	-20	 0	 0
4.15	4.50	 6	0.95835		mirror		dx+	1.00	-96	-56	 0	 0
4.15	4.50	 6	0.95835		mirror		dy+	1.00	-96	-56	 0	 0
4.15	4.50	 6	0.95835		mirror		dz+	1.00	-96	-56	 3	 0
4.15	4.50	 6	0.95835		mirror		tx+	0.01	-96	-56	-14	-141
4.15	4.50	 6	0.95835		mirror		ty+	0.01	-96	-56	198	74
4.15	4.50	 6	0.95835		mirror		tz+	0.01	-96	-56	 0	 0
4.15	4.50	 6	1.00000		mirror		dx+	1.00	-96	-93	 0	 0
4.15	4.50	 6	1.00000		mirror		dy+	1.00	-96	-93	 0	 0
4.15	4.50	 6	1.00000		mirror		dz+	1.00	-96	-93	 3	 1
4.15	4.50	 6	1.00000		mirror		tx+	0.01	-96	-93	-23	-148
4.15	4.50	 6	1.00000		mirror		ty+	0.01	-96	-93	204	80
4.15	4.50	 6	1.00000		mirror		tz+	0.01	-96	-93	 0	 0
4.15	4.50	 7	0.73334		mirror		dx+	1.00	-108	31	 0	 0
4.15	4.50	 7	0.73334		mirror		dy+	1.00	-108	31	 0	 0
4.15	4.50	 7	0.73334		mirror		dz+	1.00	-108	31	 3	 0
4.15	4.50	 7	0.73334		mirror		tx+	0.01	-108	31	 4	-135
4.15	4.50	 7	0.73334		mirror		ty+	0.01	-108	31	193	64
4.15	4.50	 7	0.73334		mirror		tz+	0.01	-108	31	 0	 0
4.15	4.50	 7	0.75953		mirror		dx+	1.00	-104	 6	 0	 0
4.15	4.50	 7	0.75953		mirror		dy+	1.00	-104	 6	 0	 0
4.15	4.50	 7	0.75953		mirror		dz+	1.00	-104	 6	 3	 0
4.15	4.50	 7	0.75953		mirror		tx+	0.01	-104	 6	-1	-136
4.15	4.50	 7	0.75953		mirror		ty+	0.01	-104	 6	194	66
4.15	4.50	 7	0.75953		mirror		tz+	0.01	-104	 6	 0	 0
4.15	4.50	 7	0.78573		mirror		dx+	1.00	-101	-20	 0	 0
4.15	4.50	 7	0.78573		mirror		dy+	1.00	-101	-20	 0	 0
4.15	4.50	 7	0.78573		mirror		dz+	1.00	-101	-20	 3	 0
4.15	4.50	 7	0.78573		mirror		tx+	0.01	-101	-20	-6	-138
4.15	4.50	 7	0.78573		mirror		ty+	0.01	-101	-20	195	69
4.15	4.50	 7	0.78573		mirror		tz+	0.01	-101	-20	 0	 0
4.15	4.50	 7	0.81595		mirror		dx+	1.00	-99	-50	 0	 0
4.15	4.50	 7	0.81595		mirror		dy+	1.00	-99	-50	 0	 0
4.15	4.50	 7	0.81595		mirror		dz+	1.00	-99	-50	 3	 0
4.15	4.50	 7	0.81595		mirror		tx+	0.01	-99	-50	-13	-141
4.15	4.50	 7	0.81595		mirror		ty+	0.01	-99	-50	198	73
4.15	4.50	 7	0.81595		mirror		tz+	0.01	-99	-50	 0	 0
4.15	4.50	 7	0.84617		mirror		dx+	1.00	-98	-81	 0	 0
4.15	4.50	 7	0.84617		mirror		dy+	1.00	-98	-81	 0	 0
4.15	4.50	 7	0.84617		mirror		dz+	1.00	-98	-81	 3	 0
4.15	4.50	 7	0.84617		mirror		tx+	0.01	-98	-81	-20	-146
4.15	4.50	 7	0.84617		mirror		ty+	0.01	-98	-81	203	78
4.15	4.50	 7	0.84617		mirror		tz+	0.01	-98	-81	 0	 0
4.15	4.50	 8	0.64707		mirror		dx+	1.00	-110	25	 0	 0
4.15	4.50	 8	0.64707		mirror		dy+	1.00	-110	25	 0	 0
4.15	4.50	 8	0.64707		mirror		dz+	1.00	-110	25	 3	 0
4.15	4.50	 8	0.64707		mirror		tx+	0.01	-110	25	 2	-135
4.15	4.50	 8	0.64707		mirror		ty+	0.01	-110	25	195	64
4.15	4.50	 8	0.64707		mirror		tz+	0.01	-110	25	 0	 0
4.15	4.50	 8	0.66729		mirror		dx+	1.00	-106	 3	 0	 0
4.15	4.50	 8	0.66729		mirror		dy+	1.00	-106	 3	 0	 0
4.15	4.50	 8	0.66729		mirror		dz+	1.00	-106	 3	 3	 0
4.15	4.50	 8	0.66729		mirror		tx+	0.01	-106	 3	-2	-136
4.15	4.50	 8	0.66729		mirror		ty+	0.01	-106	 3	195	67
4.15	4.50	 8	0.66729		mirror		tz+	0.01	-106	 3	 0	 0
4.15	4.50	 8	0.68751		mirror		dx+	1.00	-103	-20	 0	 0
4.15	4.50	 8	0.68751		mirror		dy+	1.00	-103	-20	 0	 0
4.15	4.50	 8	0.68751		mirror		dz+	1.00	-103	-20	 3	 0
4.15	4.50	 8	0.68751		mirror		tx+	0.01	-103	-20	-6	-138
4.15	4.50	 8	0.68751		mirror		ty+	0.01	-103	-20	197	70
4.15	4.50	 8	0.68751		mirror		tz+	0.01	-103	-20	 0	 0
4.15	4.50	 8	0.71043		mirror		dx+	1.00	-101	-46	 0	 0
4.15	4.50	 8	0.71043		mirror		dy+	1.00	-101	-46	 0	 0
4.15	4.50	 8	0.71043		mirror		dz+	1.00	-101	-46	 3	 0
4.15	4.50	 8	0.71043		mirror		tx+	0.01	-101	-46	-12	-140
4.15	4.50	 8	0.71043		mirror		ty+	0.01	-101	-46	199	73
4.15	4.50	 8	0.71043		mirror		tz+	0.01	-101	-46	 0	 0
4.15	4.50	 8	0.73344		mirror		dx+	1.00	-100	-73	 0	 0
4.15	4.50	 8	0.73344		mirror		dy+	1.00	-100	-73	 0	 0
4.15	4.50	 8	0.73344		mirror		dz+	1.00	-100	-73	 3	 0
4.15	4.50	 8	0.73344		mirror		tx+	0.01	-100	-73	-18	-144
4.15	4.50	 8	0.73344		mirror		ty+	0.01	-100	-73	202	77
4.15	4.50	 8	0.73344		mirror		tz+	0.01	-100	-73	 0	 0
4.15	4.50	 9	0.57896		mirror		dx+	1.00	-112	20	 0	 0
4.15	4.50	 9	0.57896		mirror		dy+	1.00	-112	20	 0	 0
4.15	4.50	 9	0.57896		mirror		dz+	1.00	-112	20	 3	 0
4.15	4.50	 9	0.57896		mirror		tx+	0.01	-112	20	 2	-136
4.15	4.50	 9	0.57896		mirror		ty+	0.01	-112	20	196	65
4.15	4.50	 9	0.57896		mirror		tz+	0.01	-112	20	 0	 0
4.15	4.50	 9	0.59504		mirror		dx+	1.00	-108	 0	 0	 0
4.15	4.50	 9	0.59504		mirror		dy+	1.00	-108	 0	 0	 0
4.15	4.50	 9	0.59504		mirror		dz+	1.00	-108	 0	 3	 0
4.15	4.50	 9	0.59504		mirror		tx+	0.01	-108	 0	-2	-136
4.15	4.50	 9	0.59504		mirror		ty+	0.01	-108	 0	197	67
4.15	4.50	 9	0.59504		mirror		tz+	0.01	-108	 0	 0	 0
4.15	4.50	 9	0.61112		mirror		dx+	1.00	-106	-20	 0	 0
4.15	4.50	 9	0.61112		mirror		dy+	1.00	-106	-20	 0	 0
4.15	4.50	 9	0.61112		mirror		dz+	1.00	-106	-20	 3	 0
4.15	4.50	 9	0.61112		mirror		tx+	0.01	-106	-20	-6	-138
4.15	4.50	 9	0.61112		mirror		ty+	0.01	-106	-20	198	70
4.15	4.50	 9	0.61112		mirror		tz+	0.01	-106	-20	 0	 0
4.15	4.50	 9	0.62909		mirror		dx+	1.00	-104	-43	 0	 0
4.15	4.50	 9	0.62909		mirror		dy+	1.00	-104	-43	 0	 0
4.15	4.50	 9	0.62909		mirror		dz+	1.00	-104	-43	 3	 0
4.15	4.50	 9	0.62909		mirror		tx+	0.01	-104	-43	-12	-140
4.15	4.50	 9	0.62909		mirror		ty+	0.01	-104	-43	200	73
4.15	4.50	 9	0.62909		mirror		tz+	0.01	-104	-43	 0	 0
4.15	4.50	 9	0.64707		mirror		dx+	1.00	-103	-67	 0	 0
4.15	4.50	 9	0.64707		mirror		dy+	1.00	-103	-67	 0	 0
4.15	4.50	 9	0.64707		mirror		dz+	1.00	-103	-67	 3	 0
4.15	4.50	 9	0.64707		mirror		tx+	0.01	-103	-67	-17	-143
4.15	4.50	 9	0.64707		mirror		ty+	0.01	-103	-67	203	77
4.15	4.50	 9	0.64707		mirror		tz+	0.01	-103	-67	 0	 0
2.08	4.50	 6	0.84617		mirror		dx+	1.00	-56	52	 0	 0
2.08	4.50	 6	0.84617		mirror		dy+	1.00	-56	52	 0	 0
2.08	4.50	 6	0.84617		mirror		dz+	1.00	-56	52	 1	 0
2.08	4.50	 6	0.84617		mirror		tx+	0.01	-56	52	 6	-134
2.08	4.50	 6	0.84617		mirror		ty+	0.01	-56	52	176	44
2.08	4.50	 6	0.84617		mirror		tz+	0.01	-56	52	 0	 0
2.08	4.50	 6	0.88142		mirror		dx+	1.00	-51	23	 0	 0
2.08	4.50	 6	0.88142		mirror		dy+	1.00	-51	23	 0	 0
2.08	4.50	 6	0.88142		mirror		dz+	1.00	-51	23	 1	 0
2.08	4.50	 6	0.88142		mirror		tx+	0.01	-51	23	 0	-134
2.08	4.50	 6	0.88142		mirror		ty+	0.01	-51	23	176	46
2.08	4.50	 6	0.88142		mirror		tz+	0.01	-51	23	 0	 0
2.08	4.50	 6	0.91668		mirror		dx+	1.00	-47	-6	 0	 0
2.08	4.50	 6	0.91668		mirror		dy+	1.00	-47	-6	 0	 0
2.08	4.50	 6	0.91668		mirror		dz+	1.00	-47	-6	 1	 0
2.08	4.50	 6	0.91668		mirror		tx+	0.01	-47	-6	-4	-136
2.08	4.50	 6	0.91668		mirror		ty+	0.01	-47	-6	176	48
2.08	4.50	 6	0.91668		mirror		tz+	0.01	-47	-6	 0	 0
2.08	4.50	 6	0.95835		mirror		dx+	1.00	-45	-41	 0	 0
2.08	4.50	 6	0.95835		mirror		dy+	1.00	-45	-41	 0	 0
2.08	4.50	 6	0.95835		mirror		dz+	1.00	-45	-41	 1	 0
2.08	4.50	 6	0.95835		mirror		tx+	0.01	-45	-41	-10	-139
2.08	4.50	 6	0.95835		mirror		ty+	0.01	-45	-41	178	51
2.08	4.50	 6	0.95835		mirror		tz+	0.01	-45	-41	 0	 0
2.08	4.50	 6	1.00000		mirror		dx+	1.00	-43	-77	 0	 0
2.08	4.50	 6	1.00000		mirror		dy+	1.00	-43	-77	 0	 0
2.08	4.50	 6	1.00000		mirror		dz+	1.00	-43	-77	 1	 0
2.08	4.50	 6	1.00000		mirror		tx+	0.01	-43	-77	-17	-144
2.08	4.50	 6	1.00000		mirror		ty+	0.01	-43	-77	181	54
2.08	4.50	 6	1.00000		mirror		tz+	0.01	-43	-77	 0	 0
2.08	4.50	 7	0.73334		mirror		dx+	1.00	-57	44	 0	 0
2.08	4.50	 7	0.73334		mirror		dy+	1.00	-57	44	 0	 0
2.08	4.50	 7	0.73334		mirror		dz+	1.00	-57	44	 1	 0
2.08	4.50	 7	0.73334		mirror		tx+	0.01	-57	44	 4	-134
2.08	4.50	 7	0.73334		mirror		ty+	0.01	-57	44	177	45
2.08	4.50	 7	0.73334		mirror		tz+	0.01	-57	44	 0	 0
2.08	4.50	 7	0.75953		mirror		dx+	1.00	-53	19	 0	 0
2.08	4.50	 7	0.75953		mirror		dy+	1.00	-53	19	 0	 0
2.08	4.50	 7	0.75953		mirror		dz+	1.00	-53	19	 1	 0
2.08	4.50	 7	0.75953		mirror		tx+	0.01	-53	19	 0	-135
2.08	4.50	 7	0.75953		mirror		ty+	0.01	-53	19	177	46
2.08	4.50	 7	0.75953		mirror		tz+	0.01	-53	19	 0	 0
2.08	4.50	 7	0.78573		mirror		dx+	1.00	-49	-6	 0	 0
2.08	4.50	 7	0.78573		mirror		dy+	1.00	-49	-6	 0	 0
2.08	4.50	 7	0.78573		mirror		dz+	1.00	-49	-6	 1	 0
2.08	4.50	 7	0.78573		mirror		tx+	0.01	-49	-6	-4	-136
2.08	4.50	 7	0.78573		mirror		ty+	0.01	-49	-6	177	48
2.08	4.50	 7	0.78573		mirror		tz+	0.01	-49	-6	 0	 0
2.08	4.50	 7	0.81595		mirror		dx+	1.00	-47	-36	 0	 0
2.08	4.50	 7	0.81595		mirror		dy+	1.00	-47	-36	 0	 0
2.08	4.50	 7	0.81595		mirror		dz+	1.00	-47	-36	 1	 0
2.08	4.50	 7	0.81595		mirror		tx+	0.01	-47	-36	-9	-139
2.08	4.50	 7	0.81595		mirror		ty+	0.01	-47	-36	178	50
2.08	4.50	 7	0.81595		mirror		tz+	0.01	-47	-36	 0	 0
2.08	4.50	 7	0.84617		mirror		dx+	1.00	-45	-66	 0	 0
2.08	4.50	 7	0.84617		mirror		dy+	1.00	-45	-66	 0	 0
2.08	4.50	 7	0.84617		mirror		dz+	1.00	-45	-66	 1	 0
2.08	4.50	 7	0.84617		mirror		tx+	0.01	-45	-66	-14	-143
2.08	4.50	 7	0.84617		mirror		ty+	0.01	-45	-66	181	53
2.08	4.50	 7	0.84617		mirror		tz+	0.01	-45	-66	 0	 0
2.08	4.50	 8	0.64707		mirror		dx+	1.00	-58	38	 0	 0
2.08	4.50	 8	0.64707		mirror		dy+	1.00	-58	38	 0	 0
2.08	4.50	 8	0.64707		mirror		dz+	1.00	-58	38	 1	 0
2.08	4.50	 8	0.64707		mirror		tx+	0.01	-58	38	 3	-134
2.08	4.50	 8	0.64707		mirror		ty+	0.01	-58	38	177	45
2.08	4.50	 8	0.64707		mirror		tz+	0.01	-58	38	 0	 0
2.08	4.50	 8	0.66729		mirror		dx+	1.00	-54	16	 0	 0
2.08	4.50	 8	0.66729		mirror		dy+	1.00	-54	16	 0	 0
2.08	4.50	 8	0.66729		mirror		dz+	1.00	-54	16	 1	 0
2.08	4.50	 8	0.66729		mirror		tx+	0.01	-54	16	 0	-135
2.08	4.50	 8	0.66729		mirror		ty+	0.01	-54	16	177	47
2.08	4.50	 8	0.66729		mirror		tz+	0.01	-54	16	 0	 0
2.08	4.50	 8	0.68751		mirror		dx+	1.00	-51	-6	 0	 0
2.08	4.50	 8	0.68751		mirror		dy+	1.00	-51	-6	 0	 0
2.08	4.50	 8	0.68751		mirror		dz+	1.00	-51	-6	 1	 0
2.08	4.50	 8	0.68751		mirror		tx+	0.01	-51	-6	-4	-136
2.08	4.50	 8	0.68751		mirror		ty+	0.01	-51	-6	178	48
2.08	4.50	 8	0.68751		mirror		tz+	0.01	-51	-6	 0	 0
2.08	4.50	 8	0.71043		mirror		dx+	1.00	-49	-32	 0	 0
2.08	4.50	 8	0.71043		mirror		dy+	1.00	-49	-32	 0	 0
2.08	4.50	 8	0.71043		mirror		dz+	1.00	-49	-32	 1	 0
2.08	4.50	 8	0.71043		mirror		tx+	0.01	-49	-32	-8	-138
2.08	4.50	 8	0.71043		mirror		ty+	0.01	-49	-32	179	50
2.08	4.50	 8	0.71043		mirror		tz+	0.01	-49	-32	 0	 0
2.08	4.50	 8	0.73344		mirror		dx+	1.00	-48	-58	 0	 0
2.08	4.50	 8	0.73344		mirror		dy+	1.00	-48	-58	 0	 0
2.08	4.50	 8	0.73344		mirror		dz+	1.00	-48	-58	 1	 0
2.08	4.50	 8	0.73344		mirror		tx+	0.01	-48	-58	-13	-142
2.08	4.50	 8	0.73344		mirror		ty+	0.01	-48	-58	181	52
2.08	4.50	 8	0.73344		mirror		tz+	0.01	-48	-58	 0	 0
2.08	4.50	 9	0.57896		mirror		dx+	1.00	-60	33	 0	 0
2.08	4.50	 9	0.57896		mirror		dy+	1.00	-60	33	 0	 0
2.08	4.50	 9	0.57896		mirror		dz+	1.00	-60	33	 1	 0
2.08	4.50	 9	0.57896		mirror		tx+	0.01	-60	33	 3	-135
2.08	4.50	 9	0.57896		mirror		ty+	0.01	-60	33	178	46
2.08	4.50	 9	0.57896		mirror		tz+	0.01	-60	33	 0	 0
2.08	4.50	 9	0.59504		mirror		dx+	1.00	-57	14	 0	 0
2.08	4.50	 9	0.59504		mirror		dy+	1.00	-57	14	 0	 0
2.08	4.50	 9	0.59504		mirror		dz+	1.00	-57	14	 1	 0
2.08	4.50	 9	0.59504		mirror		tx+	0.01	-57	14	 0	-135
2.08	4.50	 9	0.59504		mirror		ty+	0.01	-57	14	178	47
2.08	4.50	 9	0.59504		mirror		tz+	0.01	-57	14	 0	 0
2.08	4.50	 9	0.61112		mirror		dx+	1.00	-54	-6	 0	 0
2.08	4.50	 9	0.61112		mirror		dy+	1.00	-54	-6	 0	 0
2.08	4.50	 9	0.61112		mirror		dz+	1.00	-54	-6	 1	 0
2.08	4.50	 9	0.61112		mirror		tx+	0.01	-54	-6	-4	-136
2.08	4.50	 9	0.61112		mirror		ty+	0.01	-54	-6	179	48
2.08	4.50	 9	0.61112		mirror		tz+	0.01	-54	-6	 0	 0
2.08	4.50	 9	0.62909		mirror		dx+	1.00	-52	-29	 0	 0
2.08	4.50	 9	0.62909		mirror		dy+	1.00	-52	-29	 0	 0
2.08	4.50	 9	0.62909		mirror		dz+	1.00	-52	-29	 1	 0
2.08	4.50	 9	0.62909		mirror		tx+	0.01	-52	-29	-8	-138
2.08	4.50	 9	0.62909		mirror		ty+	0.01	-52	-29	179	50
2.08	4.50	 9	0.62909		mirror		tz+	0.01	-52	-29	 0	 0
2.08	4.50	 9	0.64707		mirror		dx+	1.00	-50	-52	 0	 0
2.08	4.50	 9	0.64707		mirror		dy+	1.00	-50	-52	 0	 0
2.08	4.50	 9	0.64707		mirror		dz+	1.00	-50	-52	 1	 0
2.08	4.50	 9	0.64707		mirror		tx+	0.01	-50	-52	-12	-141
2.08	4.50	 9	0.64707		mirror		ty+	0.01	-50	-52	181	52
2.08	4.50	 9	0.64707		mirror		tz+	0.01	-50	-52	 0	 0
0.00	4.50	 6	0.84617		mirror		dx+	1.00	-8	61	 0	 0
0.00	4.50	 6	0.84617		mirror		dy+	1.00	-8	61	 0	 0
0.00	4.50	 6	0.84617		mirror		dz+	1.00	-8	61	 0	 0
0.00	4.50	 6	0.84617		mirror		tx+	0.01	-8	61	 5	-134
0.00	4.50	 6	0.84617		mirror		ty+	0.01	-8	61	166	27
0.00	4.50	 6	0.84617		mirror		tz+	0.01	-8	61	 0	 0
0.00	4.50	 6	0.88142		mirror		dx+	1.00	-4	32	 0	 0
0.00	4.50	 6	0.88142		mirror		dy+	1.00	-4	32	 0	 0
0.00	4.50	 6	0.88142		mirror		dz+	1.00	-4	32	 0	 0
0.00	4.50	 6	0.88142		mirror		tx+	0.01	-4	32	 1	-134
0.00	4.50	 6	0.88142		mirror		ty+	0.01	-4	32	165	28
0.00	4.50	 6	0.88142		mirror		tz+	0.01	-4	32	 0	 0
0.00	4.50	 6	0.91668		mirror		dx+	1.00	 0	 4	 0	 0
0.00	4.50	 6	0.91668		mirror		dy+	1.00	 0	 4	 0	 0
0.00	4.50	 6	0.91668		mirror		dz+	1.00	 0	 4	 0	 0
0.00	4.50	 6	0.91668		mirror		tx+	0.01	 0	 4	-2	-135
0.00	4.50	 6	0.91668		mirror		ty+	0.01	 0	 4	165	29
0.00	4.50	 6	0.91668		mirror		tz+	0.01	 0	 4	 0	 0
0.00	4.50	 6	0.95835		mirror		dx+	1.00	 3	-31	 0	 0
0.00	4.50	 6	0.95835		mirror		dy+	1.00	 3	-31	 0	 0
0.00	4.50	 6	0.95835		mirror		dz+	1.00	 3	-31	 0	 0
0.00	4.50	 6	0.95835		mirror		tx+	0.01	 3	-31	-7	-138
0.00	4.50	 6	0.95835		mirror		ty+	0.01	 3	-31	166	30
0.00	4.50	 6	0.95835		mirror		tz+	0.01	 3	-31	 0	 0
0.00	4.50	 6	1.00000		mirror		dx+	1.00	 5	-66	 0	 0
0.00	4.50	 6	1.00000		mirror		dy+	1.00	 5	-66	 0	 0
0.00	4.50	 6	1.00000		mirror		dz+	1.00	 5	-66	 0	 0
0.00	4.50	 6	1.00000		mirror		tx+	0.01	 5	-66	-13	-143
0.00	4.50	 6	1.00000		mirror		ty+	0.01	 5	-66	168	31
0.00	4.50	 6	1.00000		mirror		tz+	0.01	 5	-66	 0	 0
0.00	4.50	 7	0.73334		mirror		dx+	1.00	-9	53	 0	 0
0.00	4.50	 7	0.73334		mirror		dy+	1.00	-9	53	 0	 0
0.00	4.50	 7	0.73334		mirror		dz+	1.00	-9	53	 0	 0
0.00	4.50	 7	0.73334		mirror		tx+	0.01	-9	53	 4	-134
0.00	4.50	 7	0.73334		mirror		ty+	0.01	-9	53	166	27
0.00	4.50	 7	0.73334		mirror		tz+	0.01	-9	53	 0	 0
0.00	4.50	 7	0.75953		mirror		dx+	1.00	-5	28	 0	 0
0.00	4.50	 7	0.75953		mirror		dy+	1.00	-5	28	 0	 0
0.00	4.50	 7	0.75953		mirror		dz+	1.00	-5	28	 0	 0
0.00	4.50	 7	0.75953		mirror		tx+	0.01	-5	28	 1	-134
0.00	4.50	 7	0.75953		mirror		ty+	0.01	-5	28	166	28
0.00	4.50	 7	0.75953		mirror		tz+	0.01	-5	28	 0	 0
0.00	4.50	 7	0.78573		mirror		dx+	1.00	-2	 4	 0	 0
0.00	4.50	 7	0.78573		mirror		dy+	1.00	-2	 4	 0	 0
0.00	4.50	 7	0.78573		mirror		dz+	1.00	-2	 4	 0	 0
0.00	4.50	 7	0.78573		mirror		tx+	0.01	-2	 4	-2	-135
0.00	4.50	 7	0.78573		mirror		ty+	0.01	-2	 4	166	29
0.00	4.50	 7	0.78573		mirror		tz+	0.01	-2	 4	 0	 0
0.00	4.50	 7	0.81595		mirror		dx+	1.00	 1	-25	 0	 0
0.00	4.50	 7	0.81595		mirror		dy+	1.00	 1	-25	 0	 0
0.00	4.50	 7	0.81595		mirror		dz+	1.00	 1	-25	 0	 0
0.00	4.50	 7	0.81595		mirror		tx+	0.01	 1	-25	-7	-138
0.00	4.50	 7	0.81595		mirror		ty+	0.01	 1	-25	166	30
0.00	4.50	 7	0.81595		mirror		tz+	0.01	 1	-25	 0	 0
0.00	4.50	 7	0.84617		mirror		dx+	1.00	 3	-55	 0	 0
0.00	4.50	 7	0.84617		mirror		dy+	1.00	 3	-55	 0	 0
0.00	4.50	 7	0.84617		mirror		dz+	1.00	 3	-55	 0	 0
0.00	4.50	 7	0.84617		mirror		tx+	0.01	 3	-55	-11	-141
0.00	4.50	 7	0.84617		mirror		ty+	0.01	 3	-55	167	31
0.00	4.50	 7	0.84617		mirror		tz+	0.01	 3	-55	 0	 0
0.00	4.50	 8	0.64707		mirror		dx+	1.00	-10	47	 0	 0
0.00	4.50	 8	0.64707		mirror		dy+	1.00	-10	47	 0	 0
0.00	4.50	 8	0.64707		mirror		dz+	1.00	-10	47	 0	 0
0.00	4.50	 8	0.64707		mirror		tx+	0.01	-10	47	 4	-134
0.00	4.50	 8	0.64707		mirror		ty+	0.01	-10	47	167	27
0.00	4.50	 8	0.64707		mirror		tz+	0.01	-10	47	 0	 0
0.00	4.50	 8	0.66729		mirror		dx+	1.00	-7	26	 0	 0
0.00	4.50	 8	0.66729		mirror		dy+	1.00	-7	26	 0	 0
0.00	4.50	 8	0.66729		mirror		dz+	1.00	-7	26	 0	 0
0.00	4.50	 8	0.66729		mirror		tx+	0.01	-7	26	 0	-134
0.00	4.50	 8	0.66729		mirror		ty+	0.01	-7	26	166	28
0.00	4.50	 8	0.66729		mirror		tz+	0.01	-7	26	 0	 0
0.00	4.50	 8	0.68751		mirror		dx+	1.00	-4	 4	 0	 0
0.00	4.50	 8	0.68751		mirror		dy+	1.00	-4	 4	 0	 0
0.00	4.50	 8	0.68751		mirror		dz+	1.00	-4	 4	 0	 0
0.00	4.50	 8	0.68751		mirror		tx+	0.01	-4	 4	-2	-135
0.00	4.50	 8	0.68751		mirror		ty+	0.01	-4	 4	166	29
0.00	4.50	 8	0.68751		mirror		tz+	0.01	-4	 4	 0	 0
0.00	4.50	 8	0.71043		mirror		dx+	1.00	-1	-22	 0	 0
0.00	4.50	 8	0.71043		mirror		dy+	1.00	-1	-22	 0	 0
0.00	4.50	 8	0.71043		mirror		dz+	1.00	-1	-22	 0	 0
0.00	4.50	 8	0.71043		mirror		tx+	0.01	-1	-22	-6	-137
0.00	4.50	 8	0.71043		mirror		ty+	0.01	-1	-22	166	30
0.00	4.50	 8	0.71043		mirror		tz+	0.01	-1	-22	 0	 0
0.00	4.50	 8	0.73344		mirror		dx+	1.00	 1	-47	 0	 0
0.00	4.50	 8	0.73344		mirror		dy+	1.00	 1	-47	 0	 0
0.00	4.50	 8	0.73344		mirror		dz+	1.00	 1	-47	 0	 0
0.00	4.50	 8	0.73344		mirror		tx+	0.01	 1	-47	-10	-140
0.00	4.50	 8	0.73344		mirror		ty+	0.01	 1	-47	167	31
0.00	4.50	 8	0.73344		mirror		tz+	0.01	 1	-47	 0	 0
0.00	4.50	 9	0.57896		mirror		dx+	1.00	-12	43	 0	 0
0.00	4.50	 9	0.57896		mirror		dy+	1.00	-12	43	 0	 0
0.00	4.50	 9	0.57896		mirror		dz+	1.00	-12	43	 0	 0
0.00	4.50	 9	0.57896		mirror		tx+	0.01	-12	43	 3	-134
0.00	4.50	 9	0.57896		mirror		ty+	0.01	-12	43	167	28
0.00	4.50	 9	0.57896		mirror		tz+	0.01	-12	43	 0	 0
0.00	4.50	 9	0.59504		mirror		dx+	1.00	-9	23	 0	 0
0.00	4.50	 9	0.59504		mirror		dy+	1.00	-9	23	 0	 0
0.00	4.50	 9	0.59504		mirror		dz+	1.00	-9	23	 0	 0
0.00	4.50	 9	0.59504		mirror		tx+	0.01	-9	23	 0	-134
0.00	4.50	 9	0.59504		mirror		ty+	0.01	-9	23	167	28
0.00	4.50	 9	0.59504		mirror		tz+	0.01	-9	23	 0	 0
0.00	4.50	 9	0.61112		mirror		dx+	1.00	-6	 4	 0	 0
0.00	4.50	 9	0.61112		mirror		dy+	1.00	-6	 4	 0	 0
0.00	4.50	 9	0.61112		mirror		dz+	1.00	-6	 4	 0	 0
0.00	4.50	 9	0.61112		mirror		tx+	0.01	-6	 4	-2	-135
0.00	4.50	 9	0.61112		mirror		ty+	0.01	-6	 4	167	29
0.00	4.50	 9	0.61112		mirror		tz+	0.01	-6	 4	 0	 0
0.00	4.50	 9	0.62909		mirror		dx+	1.00	-3	-19	 0	 0
0.00	4.50	 9	0.62909		mirror		dy+	1.00	-3	-19	 0	 0
0.00	4.50	 9	0.62909		mirror		dz+	1.00	-3	-19	 0	 0
0.00	4.50	 9	0.62909		mirror		tx+	0.01	-3	-19	-5	-137
0.00	4.50	 9	0.62909		mirror		ty+	0.01	-3	-19	167	30
0.00	4.50	 9	0.62909		mirror		tz+	0.01	-3	-19	 0	 0
0.00	4.50	 9	0.64707		mirror		dx+	1.00	-2	-41	 0	 0
0.00	4.50	 9	0.64707		mirror		dy+	1.00	-2	-41	 0	 0
0.00	4.50	 9	0.64707		mirror		dz+	1.00	-2	-41	 0	 0
0.00	4.50	 9	0.64707		mirror		tx+	0.01	-2	-41	-9	-139
0.00	4.50	 9	0.64707		mirror		ty+	0.01	-2	-41	167	31
0.00	4.50	 9	0.64707		mirror		tz+	0.01	-2	-41	 0	 0
-2.08	4.50	 6	0.84617		mirror		dx+	1.00	37	67	 0	 0
-2.08	4.50	 6	0.84617		mirror		dy+	1.00	37	67	 0	 0
-2.08	4.50	 6	0.84617		mirror		dz+	1.00	37	67	-1	 0
-2.08	4.50	 6	0.84617		mirror		tx+	0.01	37	67	 5	-134
-2.08	4.50	 6	0.84617		mirror		ty+	0.01	37	67	160	10
-2.08	4.50	 6	0.84617		mirror		tz+	0.01	37	67	 0	 0
-2.08	4.50	 6	0.88142		mirror		dx+	1.00	42	38	 0	 0
-2.08	4.50	 6	0.88142		mirror		dy+	1.00	42	38	 0	 0
-2.08	4.50	 6	0.88142		mirror		dz+	1.00	42	38	-1	 0
-2.08	4.50	 6	0.88142		mirror		tx+	0.01	42	38	 1	-134
-2.08	4.50	 6	0.88142		mirror		ty+	0.01	42	38	159	10
-2.08	4.50	 6	0.88142		mirror		tz+	0.01	42	38	 0	 0
-2.08	4.50	 6	0.91668		mirror		dx+	1.00	45	10	 0	 0
-2.08	4.50	 6	0.91668		mirror		dy+	1.00	45	10	 0	 0
-2.08	4.50	 6	0.91668		mirror		dz+	1.00	45	10	-1	 0
-2.08	4.50	 6	0.91668		mirror		tx+	0.01	45	10	-2	-135
-2.08	4.50	 6	0.91668		mirror		ty+	0.01	45	10	158	10
-2.08	4.50	 6	0.91668		mirror		tz+	0.01	45	10	 0	 0
-2.08	4.50	 6	0.95835		mirror		dx+	1.00	48	-24	 0	 0
-2.08	4.50	 6	0.95835		mirror		dy+	1.00	48	-24	 0	 0
-2.08	4.50	 6	0.95835		mirror		dz+	1.00	48	-24	-1	 0
-2.08	4.50	 6	0.95835		mirror		tx+	0.01	48	-24	-6	-138
-2.08	4.50	 6	0.95835		mirror		ty+	0.01	48	-24	158	10
-2.08	4.50	 6	0.95835		mirror		tz+	0.01	48	-24	 0	 0
-2.08	4.50	 6	1.00000		mirror		dx+	1.00	50	-59	 0	 0
-2.08	4.50	 6	1.00000		mirror		dy+	1.00	50	-59	 0	 0
-2.08	4.50	 6	1.00000		mirror		dz+	1.00	50	-59	-1	 0
-2.08	4.50	 6	1.00000		mirror		tx+	0.01	50	-59	-11	-142
-2.08	4.50	 6	1.00000		mirror		ty+	0.01	50	-59	159	11
-2.08	4.50	 6	1.00000		mirror		tz+	0.01	50	-59	 0	 0
-2.08	4.50	 7	0.73334		mirror		dx+	1.00	36	59	 0	 0
-2.08	4.50	 7	0.73334		mirror		dy+	1.00	36	59	 0	 0
-2.08	4.50	 7	0.73334		mirror		dz+	1.00	36	59	-1	 0
-2.08	4.50	 7	0.73334		mirror		tx+	0.01	36	59	 4	-134
-2.08	4.50	 7	0.73334		mirror		ty+	0.01	36	59	160	10
-2.08	4.50	 7	0.73334		mirror		tz+	0.01	36	59	 0	 0
-2.08	4.50	 7	0.75953		mirror		dx+	1.00	40	35	 0	 0
-2.08	4.50	 7	0.75953		mirror		dy+	1.00	40	35	 0	 0
-2.08	4.50	 7	0.75953		mirror		dz+	1.00	40	35	-1	 0
-2.08	4.50	 7	0.75953		mirror		tx+	0.01	40	35	 0	-134
-2.08	4.50	 7	0.75953		mirror		ty+	0.01	40	35	159	10
-2.08	4.50	 7	0.75953		mirror		tz+	0.01	40	35	 0	 0
-2.08	4.50	 7	0.78573		mirror		dx+	1.00	43	10	 0	 0
-2.08	4.50	 7	0.78573		mirror		dy+	1.00	43	10	 0	 0
-2.08	4.50	 7	0.78573		mirror		dz+	1.00	43	10	-1	 0
-2.08	4.50	 7	0.78573		mirror		tx+	0.01	43	10	-2	-135
-2.08	4.50	 7	0.78573		mirror		ty+	0.01	43	10	158	11
-2.08	4.50	 7	0.78573		mirror		tz+	0.01	43	10	 0	 0
-2.08	4.50	 7	0.81595		mirror		dx+	1.00	46	-19	 0	 0
-2.08	4.50	 7	0.81595		mirror		dy+	1.00	46	-19	 0	 0
-2.08	4.50	 7	0.81595		mirror		dz+	1.00	46	-19	-1	 0
-2.08	4.50	 7	0.81595		mirror		tx+	0.01	46	-19	-5	-137
-2.08	4.50	 7	0.81595		mirror		ty+	0.01	46	-19	158	11
-2.08	4.50	 7	0.81595		mirror		tz+	0.01	46	-19	 0	 0
-2.08	4.50	 7	0.84617		mirror		dx+	1.00	48	-48	 0	 0
-2.08	4.50	 7	0.84617		mirror		dy+	1.00	48	-48	 0	 0
-2.08	4.50	 7	0.84617		mirror		dz+	1.00	48	-48	-1	 0
-2.08	4.50	 7	0.84617		mirror		tx+	0.01	48	-48	-9	-141
-2.08	4.50	 7	0.84617		mirror		ty+	0.01	48	-48	159	11
-2.08	4.50	 7	0.84617		mirror		tz+	0.01	48	-48	 0	 0
-2.08	4.50	 8	0.64707		mirror		dx+	1.00	35	54	 0	 0
-2.08	4.50	 8	0.64707		mirror		dy+	1.00	35	54	 0	 0
-2.08	4.50	 8	0.64707		mirror		dz+	1.00	35	54	-1	 0
-2.08	4.50	 8	0.64707		mirror		tx+	0.01	35	54	 3	-134
-2.08	4.50	 8	0.64707		mirror		ty+	0.01	35	54	160	10
-2.08	4.50	 8	0.64707		mirror		tz+	0.01	35	54	 0	 0
-2.08	4.50	 8	0.66729		mirror		dx+	1.00	39	32	 0	 0
-2.08	4.50	 8	0.66729		mirror		dy+	1.00	39	32	 0	 0
-2.08	4.50	 8	0.66729		mirror		dz+	1.00	39	32	-1	 0
-2.08	4.50	 8	0.66729		mirror		tx+	0.01	39	32	 0	-134
-2.08	4.50	 8	0.66729		mirror		ty+	0.01	39	32	159	11
-2.08	4.50	 8	0.66729		mirror		tz+	0.01	39	32	 0	 0
-2.08	4.50	 8	0.68751		mirror		dx+	1.00	41	10	 0	 0
-2.08	4.50	 8	0.68751		mirror		dy+	1.00	41	10	 0	 0
-2.08	4.50	 8	0.68751		mirror		dz+	1.00	41	10	-1	 0
-2.08	4.50	 8	0.68751		mirror		tx+	0.01	41	10	-2	-135
-2.08	4.50	 8	0.68751		mirror		ty+	0.01	41	10	159	11
-2.08	4.50	 8	0.68751		mirror		tz+	0.01	41	10	 0	 0
-2.08	4.50	 8	0.71043		mirror		dx+	1.00	44	-15	 0	 0
-2.08	4.50	 8	0.71043		mirror		dy+	1.00	44	-15	 0	 0
-2.08	4.50	 8	0.71043		mirror		dz+	1.00	44	-15	-1	 0
-2.08	4.50	 8	0.71043		mirror		tx+	0.01	44	-15	-5	-137
-2.08	4.50	 8	0.71043		mirror		ty+	0.01	44	-15	159	11
-2.08	4.50	 8	0.71043		mirror		tz+	0.01	44	-15	 0	 0
-2.08	4.50	 8	0.73344		mirror		dx+	1.00	46	-40	 0	 0
-2.08	4.50	 8	0.73344		mirror		dy+	1.00	46	-40	 0	 0
-2.08	4.50	 8	0.73344		mirror		dz+	1.00	46	-40	-1	 0
-2.08	4.50	 8	0.73344		mirror		tx+	0.01	46	-40	-8	-140
-2.08	4.50	 8	0.73344		mirror		ty+	0.01	46	-40	159	11
-2.08	4.50	 8	0.73344		mirror		tz+	0.01	46	-40	 0	 0
-2.08	4.50	 9	0.57896		mirror		dx+	1.00	34	49	 0	 0
-2.08	4.50	 9	0.57896		mirror		dy+	1.00	34	49	 0	 0
-2.08	4.50	 9	0.57896		mirror		dz+	1.00	34	49	-1	 0
-2.08	4.50	 9	0.57896		mirror		tx+	0.01	34	49	 3	-134
-2.08	4.50	 9	0.57896		mirror		ty+	0.01	34	49	160	11
-2.08	4.50	 9	0.57896		mirror		tz+	0.01	34	49	 0	 0
-2.08	4.50	 9	0.59504		mirror		dx+	1.00	37	30	 0	 0
-2.08	4.50	 9	0.59504		mirror		dy+	1.00	37	30	 0	 0
-2.08	4.50	 9	0.59504		mirror		dz+	1.00	37	30	-1	 0
-2.08	4.50	 9	0.59504		mirror		tx+	0.01	37	30	 0	-134
-2.08	4.50	 9	0.59504		mirror		ty+	0.01	37	30	159	11
-2.08	4.50	 9	0.59504		mirror		tz+	0.01	37	30	 0	 0
-2.08	4.50	 9	0.61112		mirror		dx+	1.00	39	10	 0	 0
-2.08	4.50	 9	0.61112		mirror		dy+	1.00	39	10	 0	 0
-2.08	4.50	 9	0.61112		mirror		dz+	1.00	39	10	-1	 0
-2.08	4.50	 9	0.61112		mirror		tx+	0.01	39	10	-2	-135
-2.08	4.50	 9	0.61112		mirror		ty+	0.01	39	10	159	11
-2.08	4.50	 9	0.61112		mirror		tz+	0.01	39	10	 0	 0
-2.08	4.50	 9	0.62909		mirror		dx+	1.00	42	-12	 0	 0
-2.08	4.50	 9	0.62909		mirror		dy+	1.00	42	-12	 0	 0
-2.08	4.50	 9	0.62909		mirror		dz+	1.00	42	-12	-1	 0
-2.08	4.50	 9	0.62909		mirror		tx+	0.01	42	-12	-4	-137
-2.08	4.50	 9	0.62909		mirror		ty+	0.01	42	-12	159	11
-2.08	4.50	 9	0.62909		mirror		tz+	0.01	42	-12	 0	 0
-2.08	4.50	 9	0.64707		mirror		dx+	1.00	44	-34	 0	 0
-2.08	4.50	 9	0.64707		mirror		dy+	1.00	44	-34	 0	 0
-2.08	4.50	 9	0.64707		mirror		dz+	1.00	44	-34	-1	 0
-2.08	4.50	 9	0.64707		mirror		tx+	0.01	44	-34	-7	-139
-2.08	4.50	 9	0.64707		mirror		ty+	0.01	44	-34	159	11
-2.08	4.50	 9	0.64707		mirror		tz+	0.01	44	-34	 0	 0
-4.15	4.50	 6	0.84617		mirror		dx+	1.00	81	70	 0	 0
-4.15	4.50	 6	0.84617		mirror		dy+	1.00	81	70	 0	 0
-4.15	4.50	 6	0.84617		mirror		dz+	1.00	81	70	-2	 0
-4.15	4.50	 6	0.84617		mirror		tx+	0.01	81	70	 3	-134
-4.15	4.50	 6	0.84617		mirror		ty+	0.01	81	70	156	-5
-4.15	4.50	 6	0.84617		mirror		tz+	0.01	81	70	 0	 0
-4.15	4.50	 6	0.88142		mirror		dx+	1.00	85	42	 0	 0
-4.15	4.50	 6	0.88142		mirror		dy+	1.00	85	42	 0	 0
-4.15	4.50	 6	0.88142		mirror		dz+	1.00	85	42	-2	 0
-4.15	4.50	 6	0.88142		mirror		tx+	0.01	85	42	 0	-134
-4.15	4.50	 6	0.88142		mirror		ty+	0.01	85	42	154	-5
-4.15	4.50	 6	0.88142		mirror		tz+	0.01	85	42	 0	 0
-4.15	4.50	 6	0.91668		mirror		dx+	1.00	88	13	 0	 0
-4.15	4.50	 6	0.91668		mirror		dy+	1.00	88	13	 0	 0
-4.15	4.50	 6	0.91668		mirror		dz+	1.00	88	13	-2	 0
-4.15	4.50	 6	0.91668		mirror		tx+	0.01	88	13	-2	-135
-4.15	4.50	 6	0.91668		mirror		ty+	0.01	88	13	154	-6
-4.15	4.50	 6	0.91668		mirror		tz+	0.01	88	13	 0	 0
-4.15	4.50	 6	0.95835		mirror		dx+	1.00	92	-21	 0	 0
-4.15	4.50	 6	0.95835		mirror		dy+	1.00	92	-21	 0	 0
-4.15	4.50	 6	0.95835		mirror		dz+	1.00	92	-21	-2	 0
-4.15	4.50	 6	0.95835		mirror		tx+	0.01	92	-21	-5	-138
-4.15	4.50	 6	0.95835		mirror		ty+	0.01	92	-21	153	-7
-4.15	4.50	 6	0.95835		mirror		tz+	0.01	92	-21	 0	 0
-4.15	4.50	 6	1.00000		mirror		dx+	1.00	94	-56	 0	 0
-4.15	4.50	 6	1.00000		mirror		dy+	1.00	94	-56	 0	 0
-4.15	4.50	 6	1.00000		mirror		dz+	1.00	94	-56	-2	 0
-4.15	4.50	 6	1.00000		mirror		tx+	0.01	94	-56	-9	-142
-4.15	4.50	 6	1.00000		mirror		ty+	0.01	94	-56	154	-8
-4.15	4.50	 6	1.00000		mirror		tz+	0.01	94	-56	 0	 0
-4.15	4.50	 7	0.73334		mirror		dx+	1.00	80	63	 0	 0
-4.15	4.50	 7	0.73334		mirror		dy+	1.00	80	63	 0	 0
-4.15	4.50	 7	0.73334		mirror		dz+	1.00	80	63	-2	 0
-4.15	4.50	 7	0.73334		mirror		tx+	0.01	80	63	 3	-134
-4.15	4.50	 7	0.73334		mirror		ty+	0.01	80	63	155	-5
-4.15	4.50	 7	0.73334		mirror		tz+	0.01	80	63	 0	 0
-4.15	4.50	 7	0.75953		mirror		dx+	1.00	84	38	 0	 0
-4.15	4.50	 7	0.75953		mirror		dy+	1.00	84	38	 0	 0
-4.15	4.50	 7	0.75953		mirror		dz+	1.00	84	38	-2	 0
-4.15	4.50	 7	0.75953		mirror		tx+	0.01	84	38	 0	-134
-4.15	4.50	 7	0.75953		mirror		ty+	0.01	84	38	154	-5
-4.15	4.50	 7	0.75953		mirror		tz+	0.01	84	38	 0	 0
-4.15	4.50	 7	0.78573		mirror		dx+	1.00	87	13	 0	 0
-4.15	4.50	 7	0.78573		mirror		dy+	1.00	87	13	 0	 0
-4.15	4.50	 7	0.78573		mirror		dz+	1.00	87	13	-2	 0
-4.15	4.50	 7	0.78573		mirror		tx+	0.01	87	13	-2	-135
-4.15	4.50	 7	0.78573		mirror		ty+	0.01	87	13	154	-6
-4.15	4.50	 7	0.78573		mirror		tz+	0.01	87	13	 0	 0
-4.15	4.50	 7	0.81595		mirror		dx+	1.00	90	-16	 0	 0
-4.15	4.50	 7	0.81595		mirror		dy+	1.00	90	-16	 0	 0
-4.15	4.50	 7	0.81595		mirror		dz+	1.00	90	-16	-2	 0
-4.15	4.50	 7	0.81595		mirror		tx+	0.01	90	-16	-5	-137
-4.15	4.50	 7	0.81595		mirror		ty+	0.01	90	-16	154	-7
-4.15	4.50	 7	0.81595		mirror		tz+	0.01	90	-16	 0	 0
-4.15	4.50	 7	0.84617		mirror		dx+	1.00	92	-45	 0	 0
-4.15	4.50	 7	0.84617		mirror		dy+	1.00	92	-45	 0	 0
-4.15	4.50	 7	0.84617		mirror		dz+	1.00	92	-45	-2	 0
-4.15	4.50	 7	0.84617		mirror		tx+	0.01	92	-45	-8	-141
-4.15	4.50	 7	0.84617		mirror		ty+	0.01	92	-45	154	-8
-4.15	4.50	 7	0.84617		mirror		tz+	0.01	92	-45	 0	 0
-4.15	4.50	 8	0.64707		mirror		dx+	1.00	79	57	 0	 0
-4.15	4.50	 8	0.64707		mirror		dy+	1.00	79	57	 0	 0
-4.15	4.50	 8	0.64707		mirror		dz+	1.00	79	57	-2	 0
-4.15	4.50	 8	0.64707		mirror		tx+	0.01	79	57	 2	-134
-4.15	4.50	 8	0.64707		mirror		ty+	0.01	79	57	155	-5
-4.15	4.50	 8	0.64707		mirror		tz+	0.01	79	57	 0	 0
-4.15	4.50	 8	0.66729		mirror		dx+	1.00	82	35	 0	 0
-4.15	4.50	 8	0.66729		mirror		dy+	1.00	82	35	 0	 0
-4.15	4.50	 8	0.66729		mirror		dz+	1.00	82	35	-2	 0
-4.15	4.50	 8	0.66729		mirror		tx+	0.01	82	35	 0	-134
-4.15	4.50	 8	0.66729		mirror		ty+	0.01	82	35	154	-5
-4.15	4.50	 8	0.66729		mirror		tz+	0.01	82	35	 0	 0
-4.15	4.50	 8	0.68751		mirror		dx+	1.00	85	13	 0	 0
-4.15	4.50	 8	0.68751		mirror		dy+	1.00	85	13	 0	 0
-4.15	4.50	 8	0.68751		mirror		dz+	1.00	85	13	-2	 0
-4.15	4.50	 8	0.68751		mirror		tx+	0.01	85	13	-2	-135
-4.15	4.50	 8	0.68751		mirror		ty+	0.01	85	13	154	-6
-4.15	4.50	 8	0.68751		mirror		tz+	0.01	85	13	 0	 0
-4.15	4.50	 8	0.71043		mirror		dx+	1.00	88	-12	 0	 0
-4.15	4.50	 8	0.71043		mirror		dy+	1.00	88	-12	 0	 0
-4.15	4.50	 8	0.71043		mirror		dz+	1.00	88	-12	-2	 0
-4.15	4.50	 8	0.71043		mirror		tx+	0.01	88	-12	-4	-137
-4.15	4.50	 8	0.71043		mirror		ty+	0.01	88	-12	154	-7
-4.15	4.50	 8	0.71043		mirror		tz+	0.01	88	-12	 0	 0
-4.15	4.50	 8	0.73344		mirror		dx+	1.00	90	-37	 0	 0
-4.15	4.50	 8	0.73344		mirror		dy+	1.00	90	-37	 0	 0
-4.15	4.50	 8	0.73344		mirror		dz+	1.00	90	-37	-2	 0
-4.15	4.50	 8	0.73344		mirror		tx+	0.01	90	-37	-7	-140
-4.15	4.50	 8	0.73344		mirror		ty+	0.01	90	-37	154	-7
-4.15	4.50	 8	0.73344		mirror		tz+	0.01	90	-37	 0	 0
-4.15	4.50	 9	0.57896		mirror		dx+	1.00	77	52	 0	 0
-4.15	4.50	 9	0.57896		mirror		dy+	1.00	77	52	 0	 0
-4.15	4.50	 9	0.57896		mirror		dz+	1.00	77	52	-2	 0
-4.15	4.50	 9	0.57896		mirror		tx+	0.01	77	52	 2	-134
-4.15	4.50	 9	0.57896		mirror		ty+	0.01	77	52	155	-5
-4.15	4.50	 9	0.57896		mirror		tz+	0.01	77	52	 0	 0
-4.15	4.50	 9	0.59504		mirror		dx+	1.00	80	33	 0	 0
-4.15	4.50	 9	0.59504		mirror		dy+	1.00	80	33	 0	 0
-4.15	4.50	 9	0.59504		mirror		dz+	1.00	80	33	-2	 0
-4.15	4.50	 9	0.59504		mirror		tx+	0.01	80	33	 0	-134
-4.15	4.50	 9	0.59504		mirror		ty+	0.01	80	33	155	-5
-4.15	4.50	 9	0.59504		mirror		tz+	0.01	80	33	 0	 0
-4.15	4.50	 9	0.61112		mirror		dx+	1.00	83	13	 0	 0
-4.15	4.50	 9	0.61112		mirror		dy+	1.00	83	13	 0	 0
-4.15	4.50	 9	0.61112		mirror		dz+	1.00	83	13	-2	 0
-4.15	4.50	 9	0.61112		mirror		tx+	0.01	83	13	-2	-135
-4.15	4.50	 9	0.61112		mirror		ty+	0.01	83	13	154	-6
-4.15	4.50	 9	0.61112		mirror		tz+	0.01	83	13	 0	 0
-4.15	4.50	 9	0.62909		mirror		dx+	1.00	85	-9	 0	 0
-4.15	4.50	 9	0.62909		mirror		dy+	1.00	85	-9	 0	 0
-4.15	4.50	 9	0.62909		mirror		dz+	1.00	85	-9	-2	 0
-4.15	4.50	 9	0.62909		mirror		tx+	0.01	85	-9	-4	-137
-4.15	4.50	 9	0.62909		mirror		ty+	0.01	85	-9	154	-6
-4.15	4.50	 9	0.62909		mirror		tz+	0.01	85	-9	 0	 0
-4.15	4.50	 9	0.64707		mirror		dx+	1.00	87	-31	 0	 0
-4.15	4.50	 9	0.64707		mirror		dy+	1.00	87	-31	 0	 0
-4.15	4.50	 9	0.64707		mirror		dz+	1.00	87	-31	-2	 0
-4.15	4.50	 9	0.64707		mirror		tx+	0.01	87	-31	-6	-139
-4.15	4.50	 9	0.64707		mirror		ty+	0.01	87	-31	154	-7
-4.15	4.50	 9	0.64707		mirror		tz+	0.01	87	-31	 0	 0
4.15	5.25	 6	0.84617		mirror		dx+	1.00	-106	30	 0	 0
4.15	5.25	 6	0.84617		mirror		dy+	1.00	-106	30	 0	 0
4.15	5.25	 6	0.84617		mirror		dz+	1.00	-106	30	 3	 1
4.15	5.25	 6	0.84617		mirror		tx+	0.01	-106	30	 4	-140
4.15	5.25	 6	0.84617		mirror		ty+	0.01	-106	30	187	62
4.15	5.25	 6	0.84617		mirror		tz+	0.01	-106	30	 0	 0
4.15	5.25	 6	0.88142		mirror		dx+	1.00	-102	 1	 0	 0
4.15	5.25	 6	0.88142		mirror		dy+	1.00	-102	 1	 0	 0
4.15	5.25	 6	0.88142		mirror		dz+	1.00	-102	 1	 3	 1
4.15	5.25	 6	0.88142		mirror		tx+	0.01	-102	 1	-2	-141
4.15	5.25	 6	0.88142		mirror		ty+	0.01	-102	 1	188	65
4.15	5.25	 6	0.88142		mirror		tz+	0.01	-102	 1	 0	 0
4.15	5.25	 6	0.91668		mirror		dx+	1.00	-99	-29	 0	 0
4.15	5.25	 6	0.91668		mirror		dy+	1.00	-99	-29	 0	 0
4.15	5.25	 6	0.91668		mirror		dz+	1.00	-99	-29	 3	 1
4.15	5.25	 6	0.91668		mirror		tx+	0.01	-99	-29	-9	-143
4.15	5.25	 6	0.91668		mirror		ty+	0.01	-99	-29	190	69
4.15	5.25	 6	0.91668		mirror		tz+	0.01	-99	-29	 0	 0
4.15	5.25	 6	0.95835		mirror		dx+	1.00	-97	-65	 0	 0
4.15	5.25	 6	0.95835		mirror		dy+	1.00	-97	-65	 0	 0
4.15	5.25	 6	0.95835		mirror		dz+	1.00	-97	-65	 3	 1
4.15	5.25	 6	0.95835		mirror		tx+	0.01	-97	-65	-17	-148
4.15	5.25	 6	0.95835		mirror		ty+	0.01	-97	-65	194	74
4.15	5.25	 6	0.95835		mirror		tz+	0.01	-97	-65	 0	 0
4.15	5.25	 6	1.00000		mirror		dx+	1.00	-98	-103	 0	 0
4.15	5.25	 6	1.00000		mirror		dy+	1.00	-98	-103	 0	 0
4.15	5.25	 6	1.00000		mirror		dz+	1.00	-98	-103	 3	 1
4.15	5.25	 6	1.00000		mirror		tx+	0.01	-98	-103	-26	-155
4.15	5.25	 6	1.00000		mirror		ty+	0.01	-98	-103	200	80
4.15	5.25	 6	1.00000		mirror		tz+	0.01	-98	-103	 0	 0
4.15	5.25	 7	0.73334		mirror		dx+	1.00	-108	22	 0	 0
4.15	5.25	 7	0.73334		mirror		dy+	1.00	-108	22	 0	 0
4.15	5.25	 7	0.73334		mirror		dz+	1.00	-108	22	 3	 1
4.15	5.25	 7	0.73334		mirror		tx+	0.01	-108	22	 2	-140
4.15	5.25	 7	0.73334		mirror		ty+	0.01	-108	22	189	63
4.15	5.25	 7	0.73334		mirror		tz+	0.01	-108	22	 0	 0
4.15	5.25	 7	0.75953		mirror		dx+	1.00	-104	-3	 0	 0
4.15	5.25	 7	0.75953		mirror		dy+	1.00	-104	-3	 0	 0
4.15	5.25	 7	0.75953		mirror		dz+	1.00	-104	-3	 3	 1
4.15	5.25	 7	0.75953		mirror		tx+	0.01	-104	-3	-3	-141
4.15	5.25	 7	0.75953		mirror		ty+	0.01	-104	-3	189	66
4.15	5.25	 7	0.75953		mirror		tz+	0.01	-104	-3	 0	 0
4.15	5.25	 7	0.78573		mirror		dx+	1.00	-101	-29	 0	 0
4.15	5.25	 7	0.78573		mirror		dy+	1.00	-101	-29	 0	 0
4.15	5.25	 7	0.78573		mirror		dz+	1.00	-101	-29	 3	 1
4.15	5.25	 7	0.78573		mirror		tx+	0.01	-101	-29	-9	-143
4.15	5.25	 7	0.78573		mirror		ty+	0.01	-101	-29	191	69
4.15	5.25	 7	0.78573		mirror		tz+	0.01	-101	-29	 0	 0
4.15	5.25	 7	0.81595		mirror		dx+	1.00	-99	-60	 0	 0
4.15	5.25	 7	0.81595		mirror		dy+	1.00	-99	-60	 0	 0
4.15	5.25	 7	0.81595		mirror		dz+	1.00	-99	-60	 3	 1
4.15	5.25	 7	0.81595		mirror		tx+	0.01	-99	-60	-16	-147
4.15	5.25	 7	0.81595		mirror		ty+	0.01	-99	-60	194	73
4.15	5.25	 7	0.81595		mirror		tz+	0.01	-99	-60	 0	 0
4.15	5.25	 7	0.84617		mirror		dx+	1.00	-99	-91	 0	 0
4.15	5.25	 7	0.84617		mirror		dy+	1.00	-99	-91	 0	 0
4.15	5.25	 7	0.84617		mirror		dz+	1.00	-99	-91	 3	 1
4.15	5.25	 7	0.84617		mirror		tx+	0.01	-99	-91	-23	-153
4.15	5.25	 7	0.84617		mirror		ty+	0.01	-99	-91	199	78
4.15	5.25	 7	0.84617		mirror		tz+	0.01	-99	-91	 0	 0
4.15	5.25	 8	0.64707		mirror		dx+	1.00	-109	16	 0	 0
4.15	5.25	 8	0.64707		mirror		dy+	1.00	-109	16	 0	 0
4.15	5.25	 8	0.64707		mirror		dz+	1.00	-109	16	 3	 1
4.15	5.25	 8	0.64707		mirror		tx+	0.01	-109	16	 1	-141
4.15	5.25	 8	0.64707		mirror		ty+	0.01	-109	16	190	64
4.15	5.25	 8	0.64707		mirror		tz+	0.01	-109	16	 0	 0
4.15	5.25	 8	0.66729		mirror		dx+	1.00	-106	-6	 0	 0
4.15	5.25	 8	0.66729		mirror		dy+	1.00	-106	-6	 0	 0
4.15	5.25	 8	0.66729		mirror		dz+	1.00	-106	-6	 3	 1
4.15	5.25	 8	0.66729		mirror		tx+	0.01	-106	-6	-3	-142
4.15	5.25	 8	0.66729		mirror		ty+	0.01	-106	-6	191	67
4.15	5.25	 8	0.66729		mirror		tz+	0.01	-106	-6	 0	 0
4.15	5.25	 8	0.68751		mirror		dx+	1.00	-103	-29	 0	 0
4.15	5.25	 8	0.68751		mirror		dy+	1.00	-103	-29	 0	 0
4.15	5.25	 8	0.68751		mirror		dz+	1.00	-103	-29	 3	 1
4.15	5.25	 8	0.68751		mirror		tx+	0.01	-103	-29	-9	-144
4.15	5.25	 8	0.68751		mirror		ty+	0.01	-103	-29	192	69
4.15	5.25	 8	0.68751		mirror		tz+	0.01	-103	-29	 0	 0
4.15	5.25	 8	0.71043		mirror		dx+	1.00	-102	-56	 0	 0
4.15	5.25	 8	0.71043		mirror		dy+	1.00	-102	-56	 0	 0
4.15	5.25	 8	0.71043		mirror		dz+	1.00	-102	-56	 3	 1
4.15	5.25	 8	0.71043		mirror		tx+	0.01	-102	-56	-15	-147
4.15	5.25	 8	0.71043		mirror		ty+	0.01	-102	-56	195	73
4.15	5.25	 8	0.71043		mirror		tz+	0.01	-102	-56	 0	 0
4.15	5.25	 8	0.73344		mirror		dx+	1.00	-101	-83	 0	 0
4.15	5.25	 8	0.73344		mirror		dy+	1.00	-101	-83	 0	 0
4.15	5.25	 8	0.73344		mirror		dz+	1.00	-101	-83	 3	 1
4.15	5.25	 8	0.73344		mirror		tx+	0.01	-101	-83	-21	-151
4.15	5.25	 8	0.73344		mirror		ty+	0.01	-101	-83	199	77
4.15	5.25	 8	0.73344		mirror		tz+	0.01	-101	-83	 0	 0
4.15	5.25	 9	0.57896		mirror		dx+	1.00	-112	11	 0	 0
4.15	5.25	 9	0.57896		mirror		dy+	1.00	-112	11	 0	 0
4.15	5.25	 9	0.57896		mirror		dz+	1.00	-112	11	 3	 1
4.15	5.25	 9	0.57896		mirror		tx+	0.01	-112	11	 0	-141
4.15	5.25	 9	0.57896		mirror		ty+	0.01	-112	11	191	65
4.15	5.25	 9	0.57896		mirror		tz+	0.01	-112	11	 0	 0
4.15	5.25	 9	0.59504		mirror		dx+	1.00	-108	-9	 0	 0
4.15	5.25	 9	0.59504		mirror		dy+	1.00	-108	-9	 0	 0
4.15	5.25	 9	0.59504		mirror		dz+	1.00	-108	-9	 3	 1
4.15	5.25	 9	0.59504		mirror		tx+	0.01	-108	-9	-4	-142
4.15	5.25	 9	0.59504		mirror		ty+	0.01	-108	-9	192	67
4.15	5.25	 9	0.59504		mirror		tz+	0.01	-108	-9	 0	 0
4.15	5.25	 9	0.61112		mirror		dx+	1.00	-106	-29	 0	 0
4.15	5.25	 9	0.61112		mirror		dy+	1.00	-106	-29	 0	 0
4.15	5.25	 9	0.61112		mirror		dz+	1.00	-106	-29	 3	 1
4.15	5.25	 9	0.61112		mirror		tx+	0.01	-106	-29	-9	-144
4.15	5.25	 9	0.61112		mirror		ty+	0.01	-106	-29	194	70
4.15	5.25	 9	0.61112		mirror		tz+	0.01	-106	-29	 0	 0
4.15	5.25	 9	0.62909		mirror		dx+	1.00	-104	-53	 0	 0
4.15	5.25	 9	0.62909		mirror		dy+	1.00	-104	-53	 0	 0
4.15	5.25	 9	0.62909		mirror		dz+	1.00	-104	-53	 3	 1
4.15	5.25	 9	0.62909		mirror		tx+	0.01	-104	-53	-14	-147
4.15	5.25	 9	0.62909		mirror		ty+	0.01	-104	-53	196	73
4.15	5.25	 9	0.62909		mirror		tz+	0.01	-104	-53	 0	 0
4.15	5.25	 9	0.64707		mirror		dx+	1.00	-104	-77	 0	 0
4.15	5.25	 9	0.64707		mirror		dy+	1.00	-104	-77	 0	 0
4.15	5.25	 9	0.64707		mirror		dz+	1.00	-104	-77	 3	 1
4.15	5.25	 9	0.64707		mirror		tx+	0.01	-104	-77	-20	-150
4.15	5.25	 9	0.64707		mirror		ty+	0.01	-104	-77	199	77
4.15	5.25	 9	0.64707		mirror		tz+	0.01	-104	-77	 0	 0
2.08	5.25	 6	0.84617		mirror		dx+	1.00	-55	43	 0	 0
2.08	5.25	 6	0.84617		mirror		dy+	1.00	-55	43	 0	 0
2.08	5.25	 6	0.84617		mirror		dz+	1.00	-55	43	 1	 0
2.08	5.25	 6	0.84617		mirror		tx+	0.01	-55	43	 4	-139
2.08	5.25	 6	0.84617		mirror		ty+	0.01	-55	43	172	44
2.08	5.25	 6	0.84617		mirror		tz+	0.01	-55	43	 0	 0
2.08	5.25	 6	0.88142		mirror		dx+	1.00	-51	14	 0	 0
2.08	5.25	 6	0.88142		mirror		dy+	1.00	-51	14	 0	 0
2.08	5.25	 6	0.88142		mirror		dz+	1.00	-51	14	 1	 0
2.08	5.25	 6	0.88142		mirror		tx+	0.01	-51	14	 0	-140
2.08	5.25	 6	0.88142		mirror		ty+	0.01	-51	14	171	45
2.08	5.25	 6	0.88142		mirror		tz+	0.01	-51	14	 0	 0
2.08	5.25	 6	0.91668		mirror		dx+	1.00	-48	-15	 0	 0
2.08	5.25	 6	0.91668		mirror		dy+	1.00	-48	-15	 0	 0
2.08	5.25	 6	0.91668		mirror		dz+	1.00	-48	-15	 1	 0
2.08	5.25	 6	0.91668		mirror		tx+	0.01	-48	-15	-5	-141
2.08	5.25	 6	0.91668		mirror		ty+	0.01	-48	-15	172	47
2.08	5.25	 6	0.91668		mirror		tz+	0.01	-48	-15	 0	 0
2.08	5.25	 6	0.95835		mirror		dx+	1.00	-45	-50	 0	 0
2.08	5.25	 6	0.95835		mirror		dy+	1.00	-45	-50	 0	 0
2.08	5.25	 6	0.95835		mirror		dz+	1.00	-45	-50	 1	 0
2.08	5.25	 6	0.95835		mirror		tx+	0.01	-45	-50	-12	-145
2.08	5.25	 6	0.95835		mirror		ty+	0.01	-45	-50	174	50
2.08	5.25	 6	0.95835		mirror		tz+	0.01	-45	-50	 0	 0
2.08	5.25	 6	1.00000		mirror		dx+	1.00	-45	-87	 0	 0
2.08	5.25	 6	1.00000		mirror		dy+	1.00	-45	-87	 0	 0
2.08	5.25	 6	1.00000		mirror		dz+	1.00	-45	-87	 1	 0
2.08	5.25	 6	1.00000		mirror		tx+	0.01	-45	-87	-19	-151
2.08	5.25	 6	1.00000		mirror		ty+	0.01	-45	-87	178	54
2.08	5.25	 6	1.00000		mirror		tz+	0.01	-45	-87	 0	 0
2.08	5.25	 7	0.73334		mirror		dx+	1.00	-56	35	 0	 0
2.08	5.25	 7	0.73334		mirror		dy+	1.00	-56	35	 0	 0
2.08	5.25	 7	0.73334		mirror		dz+	1.00	-56	35	 1	 0
2.08	5.25	 7	0.73334		mirror		tx+	0.01	-56	35	 3	-139
2.08	5.25	 7	0.73334		mirror		ty+	0.01	-56	35	172	44
2.08	5.25	 7	0.73334		mirror		tz+	0.01	-56	35	 0	 0
2.08	5.25	 7	0.75953		mirror		dx+	1.00	-52	10	 0	 0
2.08	5.25	 7	0.75953		mirror		dy+	1.00	-52	10	 0	 0
2.08	5.25	 7	0.75953		mirror		dz+	1.00	-52	10	 1	 0
2.08	5.25	 7	0.75953		mirror		tx+	0.01	-52	10	-1	-140
2.08	5.25	 7	0.75953		mirror		ty+	0.01	-52	10	172	46
2.08	5.25	 7	0.75953		mirror		tz+	0.01	-52	10	 0	 0
2.08	5.25	 7	0.78573		mirror		dx+	1.00	-50	-15	 0	 0
2.08	5.25	 7	0.78573		mirror		dy+	1.00	-50	-15	 0	 0
2.08	5.25	 7	0.78573		mirror		dz+	1.00	-50	-15	 1	 0
2.08	5.25	 7	0.78573		mirror		tx+	0.01	-50	-15	-5	-141
2.08	5.25	 7	0.78573		mirror		ty+	0.01	-50	-15	173	47
2.08	5.25	 7	0.78573		mirror		tz+	0.01	-50	-15	 0	 0
2.08	5.25	 7	0.81595		mirror		dx+	1.00	-47	-45	 0	 0
2.08	5.25	 7	0.81595		mirror		dy+	1.00	-47	-45	 0	 0
2.08	5.25	 7	0.81595		mirror		dz+	1.00	-47	-45	 1	 0
2.08	5.25	 7	0.81595		mirror		tx+	0.01	-47	-45	-11	-145
2.08	5.25	 7	0.81595		mirror		ty+	0.01	-47	-45	174	50
2.08	5.25	 7	0.81595		mirror		tz+	0.01	-47	-45	 0	 0
2.08	5.25	 7	0.84617		mirror		dx+	1.00	-46	-75	 0	 0
2.08	5.25	 7	0.84617		mirror		dy+	1.00	-46	-75	 0	 0
2.08	5.25	 7	0.84617		mirror		dz+	1.00	-46	-75	 1	 0
2.08	5.25	 7	0.84617		mirror		tx+	0.01	-46	-75	-17	-149
2.08	5.25	 7	0.84617		mirror		ty+	0.01	-46	-75	177	53
2.08	5.25	 7	0.84617		mirror		tz+	0.01	-46	-75	 0	 0
2.08	5.25	 8	0.64707		mirror		dx+	1.00	-58	29	 0	 0
2.08	5.25	 8	0.64707		mirror		dy+	1.00	-58	29	 0	 0
2.08	5.25	 8	0.64707		mirror		dz+	1.00	-58	29	 1	 0
2.08	5.25	 8	0.64707		mirror		tx+	0.01	-58	29	 2	-139
2.08	5.25	 8	0.64707		mirror		ty+	0.01	-58	29	173	45
2.08	5.25	 8	0.64707		mirror		tz+	0.01	-58	29	 0	 0
2.08	5.25	 8	0.66729		mirror		dx+	1.00	-54	 7	 0	 0
2.08	5.25	 8	0.66729		mirror		dy+	1.00	-54	 7	 0	 0
2.08	5.25	 8	0.66729		mirror		dz+	1.00	-54	 7	 1	 0
2.08	5.25	 8	0.66729		mirror		tx+	0.01	-54	 7	-1	-140
2.08	5.25	 8	0.66729		mirror		ty+	0.01	-54	 7	173	46
2.08	5.25	 8	0.66729		mirror		tz+	0.01	-54	 7	 0	 0
2.08	5.25	 8	0.68751		mirror		dx+	1.00	-52	-15	 0	 0
2.08	5.25	 8	0.68751		mirror		dy+	1.00	-52	-15	 0	 0
2.08	5.25	 8	0.68751		mirror		dz+	1.00	-52	-15	 1	 0
2.08	5.25	 8	0.68751		mirror		tx+	0.01	-52	-15	-5	-142
2.08	5.25	 8	0.68751		mirror		ty+	0.01	-52	-15	174	48
2.08	5.25	 8	0.68751		mirror		tz+	0.01	-52	-15	 0	 0
2.08	5.25	 8	0.71043		mirror		dx+	1.00	-50	-41	 0	 0
2.08	5.25	 8	0.71043		mirror		dy+	1.00	-50	-41	 0	 0
2.08	5.25	 8	0.71043		mirror		dz+	1.00	-50	-41	 1	 0
2.08	5.25	 8	0.71043		mirror		tx+	0.01	-50	-41	-10	-144
2.08	5.25	 8	0.71043		mirror		ty+	0.01	-50	-41	175	50
2.08	5.25	 8	0.71043		mirror		tz+	0.01	-50	-41	 0	 0
2.08	5.25	 8	0.73344		mirror		dx+	1.00	-48	-67	 0	 0
2.08	5.25	 8	0.73344		mirror		dy+	1.00	-48	-67	 0	 0
2.08	5.25	 8	0.73344		mirror		dz+	1.00	-48	-67	 1	 0
2.08	5.25	 8	0.73344		mirror		tx+	0.01	-48	-67	-15	-148
2.08	5.25	 8	0.73344		mirror		ty+	0.01	-48	-67	177	52
2.08	5.25	 8	0.73344		mirror		tz+	0.01	-48	-67	 0	 0
2.08	5.25	 9	0.57896		mirror		dx+	1.00	-60	24	 0	 0
2.08	5.25	 9	0.57896		mirror		dy+	1.00	-60	24	 0	 0
2.08	5.25	 9	0.57896		mirror		dz+	1.00	-60	24	 1	 0
2.08	5.25	 9	0.57896		mirror		tx+	0.01	-60	24	 1	-139
2.08	5.25	 9	0.57896		mirror		ty+	0.01	-60	24	174	45
2.08	5.25	 9	0.57896		mirror		tz+	0.01	-60	24	 0	 0
2.08	5.25	 9	0.59504		mirror		dx+	1.00	-57	 5	 0	 0
2.08	5.25	 9	0.59504		mirror		dy+	1.00	-57	 5	 0	 0
2.08	5.25	 9	0.59504		mirror		dz+	1.00	-57	 5	 1	 0
2.08	5.25	 9	0.59504		mirror		tx+	0.01	-57	 5	-1	-140
2.08	5.25	 9	0.59504		mirror		ty+	0.01	-57	 5	174	46
2.08	5.25	 9	0.59504		mirror		tz+	0.01	-57	 5	 0	 0
2.08	5.25	 9	0.61112		mirror		dx+	1.00	-54	-15	 0	 0
2.08	5.25	 9	0.61112		mirror		dy+	1.00	-54	-15	 0	 0
2.08	5.25	 9	0.61112		mirror		dz+	1.00	-54	-15	 1	 0
2.08	5.25	 9	0.61112		mirror		tx+	0.01	-54	-15	-5	-142
2.08	5.25	 9	0.61112		mirror		ty+	0.01	-54	-15	174	48
2.08	5.25	 9	0.61112		mirror		tz+	0.01	-54	-15	 0	 0
2.08	5.25	 9	0.62909		mirror		dx+	1.00	-52	-38	 0	 0
2.08	5.25	 9	0.62909		mirror		dy+	1.00	-52	-38	 0	 0
2.08	5.25	 9	0.62909		mirror		dz+	1.00	-52	-38	 1	 0
2.08	5.25	 9	0.62909		mirror		tx+	0.01	-52	-38	-10	-144
2.08	5.25	 9	0.62909		mirror		ty+	0.01	-52	-38	175	50
2.08	5.25	 9	0.62909		mirror		tz+	0.01	-52	-38	 0	 0
2.08	5.25	 9	0.64707		mirror		dx+	1.00	-51	-61	 0	 0
2.08	5.25	 9	0.64707		mirror		dy+	1.00	-51	-61	 0	 0
2.08	5.25	 9	0.64707		mirror		dz+	1.00	-51	-61	 1	 0
2.08	5.25	 9	0.64707		mirror		tx+	0.01	-51	-61	-14	-147
2.08	5.25	 9	0.64707		mirror		ty+	0.01	-51	-61	177	52
2.08	5.25	 9	0.64707		mirror		tz+	0.01	-51	-61	 0	 0
0.00	5.25	 6	0.84617		mirror		dx+	1.00	-8	52	 0	 0
0.00	5.25	 6	0.84617		mirror		dy+	1.00	-8	52	 0	 0
0.00	5.25	 6	0.84617		mirror		dz+	1.00	-8	52	 0	 0
0.00	5.25	 6	0.84617		mirror		tx+	0.01	-8	52	 4	-138
0.00	5.25	 6	0.84617		mirror		ty+	0.01	-8	52	161	26
0.00	5.25	 6	0.84617		mirror		tz+	0.01	-8	52	 0	 0
0.00	5.25	 6	0.88142		mirror		dx+	1.00	-4	23	 0	 0
0.00	5.25	 6	0.88142		mirror		dy+	1.00	-4	23	 0	 0
0.00	5.25	 6	0.88142		mirror		dz+	1.00	-4	23	 0	 0
0.00	5.25	 6	0.88142		mirror		tx+	0.01	-4	23	 0	-139
0.00	5.25	 6	0.88142		mirror		ty+	0.01	-4	23	161	27
0.00	5.25	 6	0.88142		mirror		tz+	0.01	-4	23	 0	 0
0.00	5.25	 6	0.91668		mirror		dx+	1.00	-0	-5	 0	 0
0.00	5.25	 6	0.91668		mirror		dy+	1.00	-0	-5	 0	 0
0.00	5.25	 6	0.91668		mirror		dz+	1.00	-0	-5	 0	 0
0.00	5.25	 6	0.91668		mirror		tx+	0.01	-0	-5	-4	-140
0.00	5.25	 6	0.91668		mirror		ty+	0.01	-0	-5	161	28
0.00	5.25	 6	0.91668		mirror		tz+	0.01	-0	-5	 0	 0
0.00	5.25	 6	0.95835		mirror		dx+	1.00	 3	-40	 0	 0
0.00	5.25	 6	0.95835		mirror		dy+	1.00	 3	-40	 0	 0
0.00	5.25	 6	0.95835		mirror		dz+	1.00	 3	-40	 0	 0
0.00	5.25	 6	0.95835		mirror		tx+	0.01	 3	-40	-9	-144
0.00	5.25	 6	0.95835		mirror		ty+	0.01	 3	-40	162	29
0.00	5.25	 6	0.95835		mirror		tz+	0.01	 3	-40	 0	 0
0.00	5.25	 6	1.00000		mirror		dx+	1.00	 4	-76	 0	 0
0.00	5.25	 6	1.00000		mirror		dy+	1.00	 4	-76	 0	 0
0.00	5.25	 6	1.00000		mirror		dz+	1.00	 4	-76	 0	 0
0.00	5.25	 6	1.00000		mirror		tx+	0.01	 4	-76	-15	-149
0.00	5.25	 6	1.00000		mirror		ty+	0.01	 4	-76	164	31
0.00	5.25	 6	1.00000		mirror		tz+	0.01	 4	-76	 0	 0
0.00	5.25	 7	0.73334		mirror		dx+	1.00	-9	44	 0	 0
0.00	5.25	 7	0.73334		mirror		dy+	1.00	-9	44	 0	 0
0.00	5.25	 7	0.73334		mirror		dz+	1.00	-9	44	 0	 0
0.00	5.25	 7	0.73334		mirror		tx+	0.01	-9	44	 3	-138
0.00	5.25	 7	0.73334		mirror		ty+	0.01	-9	44	162	26
0.00	5.25	 7	0.73334		mirror		tz+	0.01	-9	44	 0	 0
0.00	5.25	 7	0.75953		mirror		dx+	1.00	-5	19	 0	 0
0.00	5.25	 7	0.75953		mirror		dy+	1.00	-5	19	 0	 0
0.00	5.25	 7	0.75953		mirror		dz+	1.00	-5	19	 0	 0
0.00	5.25	 7	0.75953		mirror		tx+	0.01	-5	19	 0	-139
0.00	5.25	 7	0.75953		mirror		ty+	0.01	-5	19	161	27
0.00	5.25	 7	0.75953		mirror		tz+	0.01	-5	19	 0	 0
0.00	5.25	 7	0.78573		mirror		dx+	1.00	-2	-5	 0	 0
0.00	5.25	 7	0.78573		mirror		dy+	1.00	-2	-5	 0	 0
0.00	5.25	 7	0.78573		mirror		dz+	1.00	-2	-5	 0	 0
0.00	5.25	 7	0.78573		mirror		tx+	0.01	-2	-5	-4	-140
0.00	5.25	 7	0.78573		mirror		ty+	0.01	-2	-5	161	28
0.00	5.25	 7	0.78573		mirror		tz+	0.01	-2	-5	 0	 0
0.00	5.25	 7	0.81595		mirror		dx+	1.00	 1	-35	 0	 0
0.00	5.25	 7	0.81595		mirror		dy+	1.00	 1	-35	 0	 0
0.00	5.25	 7	0.81595		mirror		dz+	1.00	 1	-35	 0	 0
0.00	5.25	 7	0.81595		mirror		tx+	0.01	 1	-35	-8	-143
0.00	5.25	 7	0.81595		mirror		ty+	0.01	 1	-35	162	29
0.00	5.25	 7	0.81595		mirror		tz+	0.01	 1	-35	 0	 0
0.00	5.25	 7	0.84617		mirror		dx+	1.00	 2	-64	 0	 0
0.00	5.25	 7	0.84617		mirror		dy+	1.00	 2	-64	 0	 0
0.00	5.25	 7	0.84617		mirror		dz+	1.00	 2	-64	 0	 0
0.00	5.25	 7	0.84617		mirror		tx+	0.01	 2	-64	-13	-147
0.00	5.25	 7	0.84617		mirror		ty+	0.01	 2	-64	163	30
0.00	5.25	 7	0.84617		mirror		tz+	0.01	 2	-64	 0	 0
0.00	5.25	 8	0.64707		mirror		dx+	1.00	-10	38	 0	 0
0.00	5.25	 8	0.64707		mirror		dy+	1.00	-10	38	 0	 0
0.00	5.25	 8	0.64707		mirror		dz+	1.00	-10	38	 0	 0
0.00	5.25	 8	0.64707		mirror		tx+	0.01	-10	38	 2	-139
0.00	5.25	 8	0.64707		mirror		ty+	0.01	-10	38	162	27
0.00	5.25	 8	0.64707		mirror		tz+	0.01	-10	38	 0	 0
0.00	5.25	 8	0.66729		mirror		dx+	1.00	-7	17	 0	 0
0.00	5.25	 8	0.66729		mirror		dy+	1.00	-7	17	 0	 0
0.00	5.25	 8	0.66729		mirror		dz+	1.00	-7	17	 0	 0
0.00	5.25	 8	0.66729		mirror		tx+	0.01	-7	17	 0	-139
0.00	5.25	 8	0.66729		mirror		ty+	0.01	-7	17	162	27
0.00	5.25	 8	0.66729		mirror		tz+	0.01	-7	17	 0	 0
0.00	5.25	 8	0.68751		mirror		dx+	1.00	-4	-5	 0	 0
0.00	5.25	 8	0.68751		mirror		dy+	1.00	-4	-5	 0	 0
0.00	5.25	 8	0.68751		mirror		dz+	1.00	-4	-5	 0	 0
0.00	5.25	 8	0.68751		mirror		tx+	0.01	-4	-5	-4	-140
0.00	5.25	 8	0.68751		mirror		ty+	0.01	-4	-5	162	28
0.00	5.25	 8	0.68751		mirror		tz+	0.01	-4	-5	 0	 0
0.00	5.25	 8	0.71043		mirror		dx+	1.00	-2	-31	 0	 0
0.00	5.25	 8	0.71043		mirror		dy+	1.00	-2	-31	 0	 0
0.00	5.25	 8	0.71043		mirror		dz+	1.00	-2	-31	 0	 0
0.00	5.25	 8	0.71043		mirror		tx+	0.01	-2	-31	-8	-143
0.00	5.25	 8	0.71043		mirror		ty+	0.01	-2	-31	162	29
0.00	5.25	 8	0.71043		mirror		tz+	0.01	-2	-31	 0	 0
0.00	5.25	 8	0.73344		mirror		dx+	1.00	 0	-57	 0	 0
0.00	5.25	 8	0.73344		mirror		dy+	1.00	 0	-57	 0	 0
0.00	5.25	 8	0.73344		mirror		dz+	1.00	 0	-57	 0	 0
0.00	5.25	 8	0.73344		mirror		tx+	0.01	 0	-57	-12	-146
0.00	5.25	 8	0.73344		mirror		ty+	0.01	 0	-57	163	30
0.00	5.25	 8	0.73344		mirror		tz+	0.01	 0	-57	 0	 0
0.00	5.25	 9	0.57896		mirror		dx+	1.00	-12	34	 0	 0
0.00	5.25	 9	0.57896		mirror		dy+	1.00	-12	34	 0	 0
0.00	5.25	 9	0.57896		mirror		dz+	1.00	-12	34	 0	 0
0.00	5.25	 9	0.57896		mirror		tx+	0.01	-12	34	 2	-139
0.00	5.25	 9	0.57896		mirror		ty+	0.01	-12	34	163	27
0.00	5.25	 9	0.57896		mirror		tz+	0.01	-12	34	 0	 0
0.00	5.25	 9	0.59504		mirror		dx+	1.00	-9	14	 0	 0
0.00	5.25	 9	0.59504		mirror		dy+	1.00	-9	14	 0	 0
0.00	5.25	 9	0.59504		mirror		dz+	1.00	-9	14	 0	 0
0.00	5.25	 9	0.59504		mirror		tx+	0.01	-9	14	 0	-139
0.00	5.25	 9	0.59504		mirror		ty+	0.01	-9	14	162	28
0.00	5.25	 9	0.59504		mirror		tz+	0.01	-9	14	 0	 0
0.00	5.25	 9	0.61112		mirror		dx+	1.00	-6	-5	 0	 0
0.00	5.25	 9	0.61112		mirror		dy+	1.00	-6	-5	 0	 0
0.00	5.25	 9	0.61112		mirror		dz+	1.00	-6	-5	 0	 0
0.00	5.25	 9	0.61112		mirror		tx+	0.01	-6	-5	-3	-141
0.00	5.25	 9	0.61112		mirror		ty+	0.01	-6	-5	162	28
0.00	5.25	 9	0.61112		mirror		tz+	0.01	-6	-5	 0	 0
0.00	5.25	 9	0.62909		mirror		dx+	1.00	-4	-28	 0	 0
0.00	5.25	 9	0.62909		mirror		dy+	1.00	-4	-28	 0	 0
0.00	5.25	 9	0.62909		mirror		dz+	1.00	-4	-28	 0	 0
0.00	5.25	 9	0.62909		mirror		tx+	0.01	-4	-28	-7	-143
0.00	5.25	 9	0.62909		mirror		ty+	0.01	-4	-28	163	29
0.00	5.25	 9	0.62909		mirror		tz+	0.01	-4	-28	 0	 0
0.00	5.25	 9	0.64707		mirror		dx+	1.00	-2	-50	 0	 0
0.00	5.25	 9	0.64707		mirror		dy+	1.00	-2	-50	 0	 0
0.00	5.25	 9	0.64707		mirror		dz+	1.00	-2	-50	 0	 0
0.00	5.25	 9	0.64707		mirror		tx+	0.01	-2	-50	-11	-145
0.00	5.25	 9	0.64707		mirror		ty+	0.01	-2	-50	164	30
0.00	5.25	 9	0.64707		mirror		tz+	0.01	-2	-50	 0	 0
-2.08	5.25	 6	0.84617		mirror		dx+	1.00	37	58	 0	 0
-2.08	5.25	 6	0.84617		mirror		dy+	1.00	37	58	 0	 0
-2.08	5.25	 6	0.84617		mirror		dz+	1.00	37	58	-1	 0
-2.08	5.25	 6	0.84617		mirror		tx+	0.01	37	58	 4	-138
-2.08	5.25	 6	0.84617		mirror		ty+	0.01	37	58	155	 9
-2.08	5.25	 6	0.84617		mirror		tz+	0.01	37	58	 0	 0
-2.08	5.25	 6	0.88142		mirror		dx+	1.00	41	30	 0	 0
-2.08	5.25	 6	0.88142		mirror		dy+	1.00	41	30	 0	 0
-2.08	5.25	 6	0.88142		mirror		dz+	1.00	41	30	-1	 0
-2.08	5.25	 6	0.88142		mirror		tx+	0.01	41	30	 0	-139
-2.08	5.25	 6	0.88142		mirror		ty+	0.01	41	30	154	10
-2.08	5.25	 6	0.88142		mirror		tz+	0.01	41	30	 0	 0
-2.08	5.25	 6	0.91668		mirror		dx+	1.00	45	 1	 0	 0
-2.08	5.25	 6	0.91668		mirror		dy+	1.00	45	 1	 0	 0
-2.08	5.25	 6	0.91668		mirror		dz+	1.00	45	 1	-1	 0
-2.08	5.25	 6	0.91668		mirror		tx+	0.01	45	 1	-3	-140
-2.08	5.25	 6	0.91668		mirror		ty+	0.01	45	 1	154	10
-2.08	5.25	 6	0.91668		mirror		tz+	0.01	45	 1	 0	 0
-2.08	5.25	 6	0.95835		mirror		dx+	1.00	48	-33	 0	 0
-2.08	5.25	 6	0.95835		mirror		dy+	1.00	48	-33	 0	 0
-2.08	5.25	 6	0.95835		mirror		dz+	1.00	48	-33	-1	 0
-2.08	5.25	 6	0.95835		mirror		tx+	0.01	48	-33	-7	-143
-2.08	5.25	 6	0.95835		mirror		ty+	0.01	48	-33	154	10
-2.08	5.25	 6	0.95835		mirror		tz+	0.01	48	-33	 0	 0
-2.08	5.25	 6	1.00000		mirror		dx+	1.00	49	-69	 0	 0
-2.08	5.25	 6	1.00000		mirror		dy+	1.00	49	-69	 0	 0
-2.08	5.25	 6	1.00000		mirror		dz+	1.00	49	-69	-1	 0
-2.08	5.25	 6	1.00000		mirror		tx+	0.01	49	-69	-12	-148
-2.08	5.25	 6	1.00000		mirror		ty+	0.01	49	-69	155	10
-2.08	5.25	 6	1.00000		mirror		tz+	0.01	49	-69	 0	 0
-2.08	5.25	 7	0.73334		mirror		dx+	1.00	37	50	 0	 0
-2.08	5.25	 7	0.73334		mirror		dy+	1.00	37	50	 0	 0
-2.08	5.25	 7	0.73334		mirror		dz+	1.00	37	50	-1	 0
-2.08	5.25	 7	0.73334		mirror		tx+	0.01	37	50	 3	-138
-2.08	5.25	 7	0.73334		mirror		ty+	0.01	37	50	155	10
-2.08	5.25	 7	0.73334		mirror		tz+	0.01	37	50	 0	 0
-2.08	5.25	 7	0.75953		mirror		dx+	1.00	40	26	 0	 0
-2.08	5.25	 7	0.75953		mirror		dy+	1.00	40	26	 0	 0
-2.08	5.25	 7	0.75953		mirror		dz+	1.00	40	26	-1	 0
-2.08	5.25	 7	0.75953		mirror		tx+	0.01	40	26	 0	-139
-2.08	5.25	 7	0.75953		mirror		ty+	0.01	40	26	154	10
-2.08	5.25	 7	0.75953		mirror		tz+	0.01	40	26	 0	 0
-2.08	5.25	 7	0.78573		mirror		dx+	1.00	43	 1	 0	 0
-2.08	5.25	 7	0.78573		mirror		dy+	1.00	43	 1	 0	 0
-2.08	5.25	 7	0.78573		mirror		dz+	1.00	43	 1	-1	 0
-2.08	5.25	 7	0.78573		mirror		tx+	0.01	43	 1	-3	-140
-2.08	5.25	 7	0.78573		mirror		ty+	0.01	43	 1	154	10
-2.08	5.25	 7	0.78573		mirror		tz+	0.01	43	 1	 0	 0
-2.08	5.25	 7	0.81595		mirror		dx+	1.00	46	-28	 0	 0
-2.08	5.25	 7	0.81595		mirror		dy+	1.00	46	-28	 0	 0
-2.08	5.25	 7	0.81595		mirror		dz+	1.00	46	-28	-1	 0
-2.08	5.25	 7	0.81595		mirror		tx+	0.01	46	-28	-7	-143
-2.08	5.25	 7	0.81595		mirror		ty+	0.01	46	-28	154	10
-2.08	5.25	 7	0.81595		mirror		tz+	0.01	46	-28	 0	 0
-2.08	5.25	 7	0.84617		mirror		dx+	1.00	48	-58	 0	 0
-2.08	5.25	 7	0.84617		mirror		dy+	1.00	48	-58	 0	 0
-2.08	5.25	 7	0.84617		mirror		dz+	1.00	48	-58	-1	 0
-2.08	5.25	 7	0.84617		mirror		tx+	0.01	48	-58	-11	-146
-2.08	5.25	 7	0.84617		mirror		ty+	0.01	48	-58	155	10
-2.08	5.25	 7	0.84617		mirror		tz+	0.01	48	-58	 0	 0
-2.08	5.25	 8	0.64707		mirror		dx+	1.00	35	45	 0	 0
-2.08	5.25	 8	0.64707		mirror		dy+	1.00	35	45	 0	 0
-2.08	5.25	 8	0.64707		mirror		dz+	1.00	35	45	-1	 0
-2.08	5.25	 8	0.64707		mirror		tx+	0.01	35	45	 2	-138
-2.08	5.25	 8	0.64707		mirror		ty+	0.01	35	45	155	10
-2.08	5.25	 8	0.64707		mirror		tz+	0.01	35	45	 0	 0
-2.08	5.25	 8	0.66729		mirror		dx+	1.00	39	23	 0	 0
-2.08	5.25	 8	0.66729		mirror		dy+	1.00	39	23	 0	 0
-2.08	5.25	 8	0.66729		mirror		dz+	1.00	39	23	-1	 0
-2.08	5.25	 8	0.66729		mirror		tx+	0.01	39	23	 0	-139
-2.08	5.25	 8	0.66729		mirror		ty+	0.01	39	23	155	10
-2.08	5.25	 8	0.66729		mirror		tz+	0.01	39	23	 0	 0
-2.08	5.25	 8	0.68751		mirror		dx+	1.00	41	 1	 0	 0
-2.08	5.25	 8	0.68751		mirror		dy+	1.00	41	 1	 0	 0
-2.08	5.25	 8	0.68751		mirror		dz+	1.00	41	 1	-1	 0
-2.08	5.25	 8	0.68751		mirror		tx+	0.01	41	 1	-3	-140
-2.08	5.25	 8	0.68751		mirror		ty+	0.01	41	 1	154	10
-2.08	5.25	 8	0.68751		mirror		tz+	0.01	41	 1	 0	 0
-2.08	5.25	 8	0.71043		mirror		dx+	1.00	44	-24	 0	 0
-2.08	5.25	 8	0.71043		mirror		dy+	1.00	44	-24	 0	 0
-2.08	5.25	 8	0.71043		mirror		dz+	1.00	44	-24	-1	 0
-2.08	5.25	 8	0.71043		mirror		tx+	0.01	44	-24	-6	-142
-2.08	5.25	 8	0.71043		mirror		ty+	0.01	44	-24	154	10
-2.08	5.25	 8	0.71043		mirror		tz+	0.01	44	-24	 0	 0
-2.08	5.25	 8	0.73344		mirror		dx+	1.00	45	-50	 0	 0
-2.08	5.25	 8	0.73344		mirror		dy+	1.00	45	-50	 0	 0
-2.08	5.25	 8	0.73344		mirror		dz+	1.00	45	-50	-1	 0
-2.08	5.25	 8	0.73344		mirror		tx+	0.01	45	-50	-10	-145
-2.08	5.25	 8	0.73344		mirror		ty+	0.01	45	-50	155	10
-2.08	5.25	 8	0.73344		mirror		tz+	0.01	45	-50	 0	 0
-2.08	5.25	 9	0.57896		mirror		dx+	1.00	34	40	 0	 0
-2.08	5.25	 9	0.57896		mirror		dy+	1.00	34	40	 0	 0
-2.08	5.25	 9	0.57896		mirror		dz+	1.00	34	40	-1	 0
-2.08	5.25	 9	0.57896		mirror		tx+	0.01	34	40	 2	-138
-2.08	5.25	 9	0.57896		mirror		ty+	0.01	34	40	155	10
-2.08	5.25	 9	0.57896		mirror		tz+	0.01	34	40	 0	 0
-2.08	5.25	 9	0.59504		mirror		dx+	1.00	37	21	 0	 0
-2.08	5.25	 9	0.59504		mirror		dy+	1.00	37	21	 0	 0
-2.08	5.25	 9	0.59504		mirror		dz+	1.00	37	21	-1	 0
-2.08	5.25	 9	0.59504		mirror		tx+	0.01	37	21	 0	-139
-2.08	5.25	 9	0.59504		mirror		ty+	0.01	37	21	155	10
-2.08	5.25	 9	0.59504		mirror		tz+	0.01	37	21	 0	 0
-2.08	5.25	 9	0.61112		mirror		dx+	1.00	39	 1	 0	 0
-2.08	5.25	 9	0.61112		mirror		dy+	1.00	39	 1	 0	 0
-2.08	5.25	 9	0.61112		mirror		dz+	1.00	39	 1	-1	 0
-2.08	5.25	 9	0.61112		mirror		tx+	0.01	39	 1	-3	-140
-2.08	5.25	 9	0.61112		mirror		ty+	0.01	39	 1	155	10
-2.08	5.25	 9	0.61112		mirror		tz+	0.01	39	 1	 0	 0
-2.08	5.25	 9	0.62909		mirror		dx+	1.00	41	-21	 0	 0
-2.08	5.25	 9	0.62909		mirror		dy+	1.00	41	-21	 0	 0
-2.08	5.25	 9	0.62909		mirror		dz+	1.00	41	-21	-1	 0
-2.08	5.25	 9	0.62909		mirror		tx+	0.01	41	-21	-6	-142
-2.08	5.25	 9	0.62909		mirror		ty+	0.01	41	-21	155	10
-2.08	5.25	 9	0.62909		mirror		tz+	0.01	41	-21	 0	 0
-2.08	5.25	 9	0.64707		mirror		dx+	1.00	43	-44	 0	 0
-2.08	5.25	 9	0.64707		mirror		dy+	1.00	43	-44	 0	 0
-2.08	5.25	 9	0.64707		mirror		dz+	1.00	43	-44	-1	 0
-2.08	5.25	 9	0.64707		mirror		tx+	0.01	43	-44	-9	-145
-2.08	5.25	 9	0.64707		mirror		ty+	0.01	43	-44	155	10
-2.08	5.25	 9	0.64707		mirror		tz+	0.01	43	-44	 0	 0
-4.15	5.25	 6	0.84617		mirror		dx+	1.00	81	61	 0	 0
-4.15	5.25	 6	0.84617		mirror		dy+	1.00	81	61	 0	 0
-4.15	5.25	 6	0.84617		mirror		dz+	1.00	81	61	-2	 0
-4.15	5.25	 6	0.84617		mirror		tx+	0.01	81	61	 3	-138
-4.15	5.25	 6	0.84617		mirror		ty+	0.01	81	61	151	-6
-4.15	5.25	 6	0.84617		mirror		tz+	0.01	81	61	 0	 0
-4.15	5.25	 6	0.88142		mirror		dx+	1.00	85	33	 0	 0
-4.15	5.25	 6	0.88142		mirror		dy+	1.00	85	33	 0	 0
-4.15	5.25	 6	0.88142		mirror		dz+	1.00	85	33	-2	 0
-4.15	5.25	 6	0.88142		mirror		tx+	0.01	85	33	 0	-139
-4.15	5.25	 6	0.88142		mirror		ty+	0.01	85	33	150	-6
-4.15	5.25	 6	0.88142		mirror		tz+	0.01	85	33	 0	 0
-4.15	5.25	 6	0.91668		mirror		dx+	1.00	88	 4	 0	 0
-4.15	5.25	 6	0.91668		mirror		dy+	1.00	88	 4	 0	 0
-4.15	5.25	 6	0.91668		mirror		dz+	1.00	88	 4	-2	 0
-4.15	5.25	 6	0.91668		mirror		tx+	0.01	88	 4	-3	-140
-4.15	5.25	 6	0.91668		mirror		ty+	0.01	88	 4	149	-7
-4.15	5.25	 6	0.91668		mirror		tz+	0.01	88	 4	 0	 0
-4.15	5.25	 6	0.95835		mirror		dx+	1.00	91	-30	 0	 0
-4.15	5.25	 6	0.95835		mirror		dy+	1.00	91	-30	 0	 0
-4.15	5.25	 6	0.95835		mirror		dz+	1.00	91	-30	-2	 0
-4.15	5.25	 6	0.95835		mirror		tx+	0.01	91	-30	-6	-143
-4.15	5.25	 6	0.95835		mirror		ty+	0.01	91	-30	149	-8
-4.15	5.25	 6	0.95835		mirror		tz+	0.01	91	-30	 0	 0
-4.15	5.25	 6	1.00000		mirror		dx+	1.00	93	-66	 0	 0
-4.15	5.25	 6	1.00000		mirror		dy+	1.00	93	-66	 0	 0
-4.15	5.25	 6	1.00000		mirror		dz+	1.00	93	-66	-2	 0
-4.15	5.25	 6	1.00000		mirror		tx+	0.01	93	-66	-10	-148
-4.15	5.25	 6	1.00000		mirror		ty+	0.01	93	-66	150	-9
-4.15	5.25	 6	1.00000		mirror		tz+	0.01	93	-66	 0	 0
-4.15	5.25	 7	0.73334		mirror		dx+	1.00	80	54	 0	 0
-4.15	5.25	 7	0.73334		mirror		dy+	1.00	80	54	 0	 0
-4.15	5.25	 7	0.73334		mirror		dz+	1.00	80	54	-2	 0
-4.15	5.25	 7	0.73334		mirror		tx+	0.01	80	54	 2	-138
-4.15	5.25	 7	0.73334		mirror		ty+	0.01	80	54	151	-6
-4.15	5.25	 7	0.73334		mirror		tz+	0.01	80	54	 0	 0
-4.15	5.25	 7	0.75953		mirror		dx+	1.00	84	29	 0	 0
-4.15	5.25	 7	0.75953		mirror		dy+	1.00	84	29	 0	 0
-4.15	5.25	 7	0.75953		mirror		dz+	1.00	84	29	-2	 0
-4.15	5.25	 7	0.75953		mirror		tx+	0.01	84	29	 0	-139
-4.15	5.25	 7	0.75953		mirror		ty+	0.01	84	29	150	-6
-4.15	5.25	 7	0.75953		mirror		tz+	0.01	84	29	 0	 0
-4.15	5.25	 7	0.78573		mirror		dx+	1.00	86	 4	 0	 0
-4.15	5.25	 7	0.78573		mirror		dy+	1.00	86	 4	 0	 0
-4.15	5.25	 7	0.78573		mirror		dz+	1.00	86	 4	-2	 0
-4.15	5.25	 7	0.78573		mirror		tx+	0.01	86	 4	-3	-140
-4.15	5.25	 7	0.78573		mirror		ty+	0.01	86	 4	150	-7
-4.15	5.25	 7	0.78573		mirror		tz+	0.01	86	 4	 0	 0
-4.15	5.25	 7	0.81595		mirror		dx+	1.00	89	-25	 0	 0
-4.15	5.25	 7	0.81595		mirror		dy+	1.00	89	-25	 0	 0
-4.15	5.25	 7	0.81595		mirror		dz+	1.00	89	-25	-2	 0
-4.15	5.25	 7	0.81595		mirror		tx+	0.01	89	-25	-6	-143
-4.15	5.25	 7	0.81595		mirror		ty+	0.01	89	-25	149	-8
-4.15	5.25	 7	0.81595		mirror		tz+	0.01	89	-25	 0	 0
-4.15	5.25	 7	0.84617		mirror		dx+	1.00	91	-55	 0	 0
-4.15	5.25	 7	0.84617		mirror		dy+	1.00	91	-55	 0	 0
-4.15	5.25	 7	0.84617		mirror		dz+	1.00	91	-55	-2	 0
-4.15	5.25	 7	0.84617		mirror		tx+	0.01	91	-55	-9	-146
-4.15	5.25	 7	0.84617		mirror		ty+	0.01	91	-55	150	-9
-4.15	5.25	 7	0.84617		mirror		tz+	0.01	91	-55	 0	 0
-4.15	5.25	 8	0.64707		mirror		dx+	1.00	79	48	 0	 0
-4.15	5.25	 8	0.64707		mirror		dy+	1.00	79	48	 0	 0
-4.15	5.25	 8	0.64707		mirror		dz+	1.00	79	48	-2	 0
-4.15	5.25	 8	0.64707		mirror		tx+	0.01	79	48	 1	-138
-4.15	5.25	 8	0.64707		mirror		ty+	0.01	79	48	151	-6
-4.15	5.25	 8	0.64707		mirror		tz+	0.01	79	48	 0	 0
-4.15	5.25	 8	0.66729		mirror		dx+	1.00	82	26	 0	 0
-4.15	5.25	 8	0.66729		mirror		dy+	1.00	82	26	 0	 0
-4.15	5.25	 8	0.66729		mirror		dz+	1.00	82	26	-2	 0
-4.15	5.25	 8	0.66729		mirror		tx+	0.01	82	26	 0	-139
-4.15	5.25	 8	0.66729		mirror		ty+	0.01	82	26	150	-6
-4.15	5.25	 8	0.66729		mirror		tz+	0.01	82	26	 0	 0
-4.15	5.25	 8	0.68751		mirror		dx+	1.00	85	 4	 0	 0
-4.15	5.25	 8	0.68751		mirror		dy+	1.00	85	 4	 0	 0
-4.15	5.25	 8	0.68751		mirror		dz+	1.00	85	 4	-2	 0
-4.15	5.25	 8	0.68751		mirror		tx+	0.01	85	 4	-3	-140
-4.15	5.25	 8	0.68751		mirror		ty+	0.01	85	 4	150	-7
-4.15	5.25	 8	0.68751		mirror		tz+	0.01	85	 4	 0	 0
-4.15	5.25	 8	0.71043		mirror		dx+	1.00	87	-21	 0	 0
-4.15	5.25	 8	0.71043		mirror		dy+	1.00	87	-21	 0	 0
-4.15	5.25	 8	0.71043		mirror		dz+	1.00	87	-21	-2	 0
-4.15	5.25	 8	0.71043		mirror		tx+	0.01	87	-21	-5	-142
-4.15	5.25	 8	0.71043		mirror		ty+	0.01	87	-21	149	-7
-4.15	5.25	 8	0.71043		mirror		tz+	0.01	87	-21	 0	 0
-4.15	5.25	 8	0.73344		mirror		dx+	1.00	89	-47	 0	 0
-4.15	5.25	 8	0.73344		mirror		dy+	1.00	89	-47	 0	 0
-4.15	5.25	 8	0.73344		mirror		dz+	1.00	89	-47	-2	 0
-4.15	5.25	 8	0.73344		mirror		tx+	0.01	89	-47	-8	-145
-4.15	5.25	 8	0.73344		mirror		ty+	0.01	89	-47	150	-8
-4.15	5.25	 8	0.73344		mirror		tz+	0.01	89	-47	 0	 0
-4.15	5.25	 9	0.57896		mirror		dx+	1.00	77	43	 0	 0
-4.15	5.25	 9	0.57896		mirror		dy+	1.00	77	43	 0	 0
-4.15	5.25	 9	0.57896		mirror		dz+	1.00	77	43	-2	 0
-4.15	5.25	 9	0.57896		mirror		tx+	0.01	77	43	 1	-138
-4.15	5.25	 9	0.57896		mirror		ty+	0.01	77	43	151	-6
-4.15	5.25	 9	0.57896		mirror		tz+	0.01	77	43	 0	 0
-4.15	5.25	 9	0.59504		mirror		dx+	1.00	80	24	 0	 0
-4.15	5.25	 9	0.59504		mirror		dy+	1.00	80	24	 0	 0
-4.15	5.25	 9	0.59504		mirror		dz+	1.00	80	24	-2	 0
-4.15	5.25	 9	0.59504		mirror		tx+	0.01	80	24	 0	-139
-4.15	5.25	 9	0.59504		mirror		ty+	0.01	80	24	150	-6
-4.15	5.25	 9	0.59504		mirror		tz+	0.01	80	24	 0	 0
-4.15	5.25	 9	0.61112		mirror		dx+	1.00	83	 4	 0	 0
-4.15	5.25	 9	0.61112		mirror		dy+	1.00	83	 4	 0	 0
-4.15	5.25	 9	0.61112		mirror		dz+	1.00	83	 4	-2	 0
-4.15	5.25	 9	0.61112		mirror		tx+	0.01	83	 4	-2	-140
-4.15	5.25	 9	0.61112		mirror		ty+	0.01	83	 4	150	-7
-4.15	5.25	 9	0.61112		mirror		tz+	0.01	83	 4	 0	 0
-4.15	5.25	 9	0.62909		mirror		dx+	1.00	85	-18	 0	 0
-4.15	5.25	 9	0.62909		mirror		dy+	1.00	85	-18	 0	 0
-4.15	5.25	 9	0.62909		mirror		dz+	1.00	85	-18	-2	 0
-4.15	5.25	 9	0.62909		mirror		tx+	0.01	85	-18	-5	-142
-4.15	5.25	 9	0.62909		mirror		ty+	0.01	85	-18	150	-7
-4.15	5.25	 9	0.62909		mirror		tz+	0.01	85	-18	 0	 0
-4.15	5.25	 9	0.64707		mirror		dx+	1.00	87	-40	 0	 0
-4.15	5.25	 9	0.64707		mirror		dy+	1.00	87	-40	 0	 0
-4.15	5.25	 9	0.64707		mirror		dz+	1.00	87	-40	-2	 0
-4.15	5.25	 9	0.64707		mirror		tx+	0.01	87	-40	-8	-144
-4.15	5.25	 9	0.64707		mirror		ty+	0.01	87	-40	150	-8
-4.15	5.25	 9	0.64707		mirror		tz+	0.01	87	-40	 0	 0
