XField 	 YField 	 Order 	 Wavelength 	 Element 	      Peturbation 	 Value	 X 	 Y	 DelX 	 DelY
4.15	3.75	 9	0.57896		grating		dx+	3.00	-112	29	 0	 0
4.15	3.75	 9	0.57896		grating		dy+	3.00	-112	29	 0	 0
4.15	3.75	 9	0.57896		grating		dz+	3.00	-112	29	 0	 0
4.15	3.75	 9	0.57896		grating		tx+	0.03	-112	29	-15	473
4.15	3.75	 9	0.57896		grating		ty+	0.03	-112	29	589	23
4.15	3.75	 9	0.57896		grating		tz+	0.03	-112	29	475	18
4.15	3.75	 9	0.59504		grating		dx+	3.00	-109	 9	 0	 0
4.15	3.75	 9	0.59504		grating		dy+	3.00	-109	 9	 0	 0
4.15	3.75	 9	0.59504		grating		dz+	3.00	-109	 9	 0	 0
4.15	3.75	 9	0.59504		grating		tx+	0.03	-109	 9	 1	472
4.15	3.75	 9	0.59504		grating		ty+	0.03	-109	 9	581	28
4.15	3.75	 9	0.59504		grating		tz+	0.03	-109	 9	485	24
4.15	3.75	 9	0.61112		grating		dx+	3.00	-106	-12	 0	 0
4.15	3.75	 9	0.61112		grating		dy+	3.00	-106	-12	 0	 0
4.15	3.75	 9	0.61112		grating		dz+	3.00	-106	-12	 0	 0
4.15	3.75	 9	0.61112		grating		tx+	0.03	-106	-12	18	471
4.15	3.75	 9	0.61112		grating		ty+	0.03	-106	-12	573	34
4.15	3.75	 9	0.61112		grating		tz+	0.03	-106	-12	496	29
4.15	3.75	 9	0.62909		grating		dx+	3.00	-104	-35	 0	 0
4.15	3.75	 9	0.62909		grating		dy+	3.00	-104	-35	 0	 0
4.15	3.75	 9	0.62909		grating		dz+	3.00	-104	-35	 0	 0
4.15	3.75	 9	0.62909		grating		tx+	0.03	-104	-35	37	473
4.15	3.75	 9	0.62909		grating		ty+	0.03	-104	-35	565	39
4.15	3.75	 9	0.62909		grating		tz+	0.03	-104	-35	509	35
4.15	3.75	 9	0.64707		grating		dx+	3.00	-102	-58	 0	 0
4.15	3.75	 9	0.64707		grating		dy+	3.00	-102	-58	 0	 0
4.15	3.75	 9	0.64707		grating		dz+	3.00	-102	-58	 0	 0
4.15	3.75	 9	0.64707		grating		tx+	0.03	-102	-58	56	476
4.15	3.75	 9	0.64707		grating		ty+	0.03	-102	-58	559	44
4.15	3.75	 9	0.64707		grating		tz+	0.03	-102	-58	524	41
4.15	3.75	 8	0.64707		grating		dx+	3.00	-110	34	 0	 0
4.15	3.75	 8	0.64707		grating		dy+	3.00	-110	34	 0	 0
4.15	3.75	 8	0.64707		grating		dz+	3.00	-110	34	 0	 0
4.15	3.75	 8	0.64707		grating		tx+	0.03	-110	34	-19	474
4.15	3.75	 8	0.64707		grating		ty+	0.03	-110	34	588	22
4.15	3.75	 8	0.64707		grating		tz+	0.03	-110	34	470	18
4.15	3.75	 8	0.66729		grating		dx+	3.00	-106	11	 0	 0
4.15	3.75	 8	0.66729		grating		dy+	3.00	-106	11	 0	 0
4.15	3.75	 8	0.66729		grating		dz+	3.00	-106	11	 0	 0
4.15	3.75	 8	0.66729		grating		tx+	0.03	-106	11	 0	472
4.15	3.75	 8	0.66729		grating		ty+	0.03	-106	11	579	28
4.15	3.75	 8	0.66729		grating		tz+	0.03	-106	11	481	23
4.15	3.75	 8	0.68751		grating		dx+	3.00	-103	-11	 0	 0
4.15	3.75	 8	0.68751		grating		dy+	3.00	-103	-11	 0	 0
4.15	3.75	 8	0.68751		grating		dz+	3.00	-103	-11	 0	 0
4.15	3.75	 8	0.68751		grating		tx+	0.03	-103	-11	18	471
4.15	3.75	 8	0.68751		grating		ty+	0.03	-103	-11	571	34
4.15	3.75	 8	0.68751		grating		tz+	0.03	-103	-11	493	29
4.15	3.75	 8	0.71043		grating		dx+	3.00	-101	-38	 0	 0
4.15	3.75	 8	0.71043		grating		dy+	3.00	-101	-38	 0	 0
4.15	3.75	 8	0.71043		grating		dz+	3.00	-101	-38	 0	 0
4.15	3.75	 8	0.71043		grating		tx+	0.03	-101	-38	39	473
4.15	3.75	 8	0.71043		grating		ty+	0.03	-101	-38	562	40
4.15	3.75	 8	0.71043		grating		tz+	0.03	-101	-38	509	36
4.15	3.75	 8	0.73344		grating		dx+	3.00	-100	-64	 0	 0
4.15	3.75	 8	0.73344		grating		dy+	3.00	-100	-64	 0	 0
4.15	3.75	 8	0.73344		grating		dz+	3.00	-100	-64	 0	 0
4.15	3.75	 8	0.73344		grating		tx+	0.03	-100	-64	60	478
4.15	3.75	 8	0.73344		grating		ty+	0.03	-100	-64	555	46
4.15	3.75	 8	0.73344		grating		tz+	0.03	-100	-64	526	43
4.15	3.75	 7	0.73334		grating		dx+	3.00	-109	40	 0	 0
4.15	3.75	 7	0.73334		grating		dy+	3.00	-109	40	 0	 0
4.15	3.75	 7	0.73334		grating		dz+	3.00	-109	40	 0	 0
4.15	3.75	 7	0.73334		grating		tx+	0.03	-109	40	-24	475
4.15	3.75	 7	0.73334		grating		ty+	0.03	-109	40	588	21
4.15	3.75	 7	0.73334		grating		tz+	0.03	-109	40	464	17
4.15	3.75	 7	0.75953		grating		dx+	3.00	-104	14	 0	 0
4.15	3.75	 7	0.75953		grating		dy+	3.00	-104	14	 0	 0
4.15	3.75	 7	0.75953		grating		dz+	3.00	-104	14	 0	 0
4.15	3.75	 7	0.75953		grating		tx+	0.03	-104	14	-2	472
4.15	3.75	 7	0.75953		grating		ty+	0.03	-104	14	578	28
4.15	3.75	 7	0.75953		grating		tz+	0.03	-104	14	477	23
4.15	3.75	 7	0.78573		grating		dx+	3.00	-101	-11	 0	 0
4.15	3.75	 7	0.78573		grating		dy+	3.00	-101	-11	 0	 0
4.15	3.75	 7	0.78573		grating		dz+	3.00	-101	-11	 0	 0
4.15	3.75	 7	0.78573		grating		tx+	0.03	-101	-11	18	471
4.15	3.75	 7	0.78573		grating		ty+	0.03	-101	-11	569	34
4.15	3.75	 7	0.78573		grating		tz+	0.03	-101	-11	491	30
4.15	3.75	 7	0.81595		grating		dx+	3.00	-98	-42	 0	 0
4.15	3.75	 7	0.81595		grating		dy+	3.00	-98	-42	 0	 0
4.15	3.75	 7	0.81595		grating		dz+	3.00	-98	-42	 0	 0
4.15	3.75	 7	0.81595		grating		tx+	0.03	-98	-42	42	474
4.15	3.75	 7	0.81595		grating		ty+	0.03	-98	-42	560	41
4.15	3.75	 7	0.81595		grating		tz+	0.03	-98	-42	509	37
4.15	3.75	 7	0.84617		grating		dx+	3.00	-97	-72	 0	 0
4.15	3.75	 7	0.84617		grating		dy+	3.00	-97	-72	 0	 0
4.15	3.75	 7	0.84617		grating		dz+	3.00	-97	-72	 0	 0
4.15	3.75	 7	0.84617		grating		tx+	0.03	-97	-72	66	479
4.15	3.75	 7	0.84617		grating		ty+	0.03	-97	-72	551	47
4.15	3.75	 7	0.84617		grating		tz+	0.03	-97	-72	530	45
4.15	3.75	 6	0.84617		grating		dx+	3.00	-108	48	 0	 0
4.15	3.75	 6	0.84617		grating		dy+	3.00	-108	48	 0	 0
4.15	3.75	 6	0.84617		grating		dz+	3.00	-108	48	 0	 0
4.15	3.75	 6	0.84617		grating		tx+	0.03	-108	48	-30	476
4.15	3.75	 6	0.84617		grating		ty+	0.03	-108	48	590	20
4.15	3.75	 6	0.84617		grating		tz+	0.03	-108	48	458	15
4.15	3.75	 6	0.88142		grating		dx+	3.00	-103	18	 0	 0
4.15	3.75	 6	0.88142		grating		dy+	3.00	-103	18	 0	 0
4.15	3.75	 6	0.88142		grating		dz+	3.00	-103	18	 0	 0
4.15	3.75	 6	0.88142		grating		tx+	0.03	-103	18	-6	472
4.15	3.75	 6	0.88142		grating		ty+	0.03	-103	18	578	28
4.15	3.75	 6	0.88142		grating		tz+	0.03	-103	18	473	22
4.15	3.75	 6	0.91668		grating		dx+	3.00	-99	-11	 0	 0
4.15	3.75	 6	0.91668		grating		dy+	3.00	-99	-11	 0	 0
4.15	3.75	 6	0.91668		grating		dz+	3.00	-99	-11	 0	 0
4.15	3.75	 6	0.91668		grating		tx+	0.03	-99	-11	18	471
4.15	3.75	 6	0.91668		grating		ty+	0.03	-99	-11	567	35
4.15	3.75	 6	0.91668		grating		tz+	0.03	-99	-11	489	30
4.15	3.75	 6	0.95835		grating		dx+	3.00	-96	-47	 0	 0
4.15	3.75	 6	0.95835		grating		dy+	3.00	-96	-47	 0	 0
4.15	3.75	 6	0.95835		grating		dz+	3.00	-96	-47	 0	 0
4.15	3.75	 6	0.95835		grating		tx+	0.03	-96	-47	46	475
4.15	3.75	 6	0.95835		grating		ty+	0.03	-96	-47	556	43
4.15	3.75	 6	0.95835		grating		tz+	0.03	-96	-47	511	39
4.15	3.75	 6	1.00000		grating		dx+	3.00	-95	-84	 0	 0
4.15	3.75	 6	1.00000		grating		dy+	3.00	-95	-84	 0	 0
4.15	3.75	 6	1.00000		grating		dz+	3.00	-95	-84	 0	 0
4.15	3.75	 6	1.00000		grating		tx+	0.03	-95	-84	74	482
4.15	3.75	 6	1.00000		grating		ty+	0.03	-95	-84	547	49
4.15	3.75	 6	1.00000		grating		tz+	0.03	-95	-84	536	48
2.08	3.75	 9	0.57896		grating		dx+	3.00	-60	42	 0	 0
2.08	3.75	 9	0.57896		grating		dy+	3.00	-60	42	 0	 0
2.08	3.75	 9	0.57896		grating		dz+	3.00	-60	42	 0	 0
2.08	3.75	 9	0.57896		grating		tx+	0.03	-60	42	-23	483
2.08	3.75	 9	0.57896		grating		ty+	0.03	-60	42	560	20
2.08	3.75	 9	0.57896		grating		tz+	0.03	-60	42	432	15
2.08	3.75	 9	0.59504		grating		dx+	3.00	-57	22	 0	 0
2.08	3.75	 9	0.59504		grating		dy+	3.00	-57	22	 0	 0
2.08	3.75	 9	0.59504		grating		dz+	3.00	-57	22	 0	 0
2.08	3.75	 9	0.59504		grating		tx+	0.03	-57	22	-8	481
2.08	3.75	 9	0.59504		grating		ty+	0.03	-57	22	552	24
2.08	3.75	 9	0.59504		grating		tz+	0.03	-57	22	441	19
2.08	3.75	 9	0.61112		grating		dx+	3.00	-54	 2	 0	 0
2.08	3.75	 9	0.61112		grating		dy+	3.00	-54	 2	 0	 0
2.08	3.75	 9	0.61112		grating		dz+	3.00	-54	 2	 0	 0
2.08	3.75	 9	0.61112		grating		tx+	0.03	-54	 2	 6	480
2.08	3.75	 9	0.61112		grating		ty+	0.03	-54	 2	545	27
2.08	3.75	 9	0.61112		grating		tz+	0.03	-54	 2	451	22
2.08	3.75	 9	0.62909		grating		dx+	3.00	-51	-20	 0	 0
2.08	3.75	 9	0.62909		grating		dy+	3.00	-51	-20	 0	 0
2.08	3.75	 9	0.62909		grating		dz+	3.00	-51	-20	 0	 0
2.08	3.75	 9	0.62909		grating		tx+	0.03	-51	-20	22	481
2.08	3.75	 9	0.62909		grating		ty+	0.03	-51	-20	539	31
2.08	3.75	 9	0.62909		grating		tz+	0.03	-51	-20	463	27
2.08	3.75	 9	0.64707		grating		dx+	3.00	-49	-43	 0	 0
2.08	3.75	 9	0.64707		grating		dy+	3.00	-49	-43	 0	 0
2.08	3.75	 9	0.64707		grating		dz+	3.00	-49	-43	 0	 0
2.08	3.75	 9	0.64707		grating		tx+	0.03	-49	-43	38	484
2.08	3.75	 9	0.64707		grating		ty+	0.03	-49	-43	533	35
2.08	3.75	 9	0.64707		grating		tz+	0.03	-49	-43	477	31
2.08	3.75	 8	0.64707		grating		dx+	3.00	-59	47	 0	 0
2.08	3.75	 8	0.64707		grating		dy+	3.00	-59	47	 0	 0
2.08	3.75	 8	0.64707		grating		dz+	3.00	-59	47	 0	 0
2.08	3.75	 8	0.64707		grating		tx+	0.03	-59	47	-26	484
2.08	3.75	 8	0.64707		grating		ty+	0.03	-59	47	560	20
2.08	3.75	 8	0.64707		grating		tz+	0.03	-59	47	428	15
2.08	3.75	 8	0.66729		grating		dx+	3.00	-55	25	 0	 0
2.08	3.75	 8	0.66729		grating		dy+	3.00	-55	25	 0	 0
2.08	3.75	 8	0.66729		grating		dz+	3.00	-55	25	 0	 0
2.08	3.75	 8	0.66729		grating		tx+	0.03	-55	25	-10	481
2.08	3.75	 8	0.66729		grating		ty+	0.03	-55	25	551	24
2.08	3.75	 8	0.66729		grating		tz+	0.03	-55	25	438	19
2.08	3.75	 8	0.68751		grating		dx+	3.00	-51	 2	 0	 0
2.08	3.75	 8	0.68751		grating		dy+	3.00	-51	 2	 0	 0
2.08	3.75	 8	0.68751		grating		dz+	3.00	-51	 2	 0	 0
2.08	3.75	 8	0.68751		grating		tx+	0.03	-51	 2	 6	480
2.08	3.75	 8	0.68751		grating		ty+	0.03	-51	 2	544	28
2.08	3.75	 8	0.68751		grating		tz+	0.03	-51	 2	449	23
2.08	3.75	 8	0.71043		grating		dx+	3.00	-49	-23	 0	 0
2.08	3.75	 8	0.71043		grating		dy+	3.00	-49	-23	 0	 0
2.08	3.75	 8	0.71043		grating		dz+	3.00	-49	-23	 0	 0
2.08	3.75	 8	0.71043		grating		tx+	0.03	-49	-23	24	481
2.08	3.75	 8	0.71043		grating		ty+	0.03	-49	-23	536	32
2.08	3.75	 8	0.71043		grating		tz+	0.03	-49	-23	463	27
2.08	3.75	 8	0.73344		grating		dx+	3.00	-47	-49	 0	 0
2.08	3.75	 8	0.73344		grating		dy+	3.00	-47	-49	 0	 0
2.08	3.75	 8	0.73344		grating		dz+	3.00	-47	-49	 0	 0
2.08	3.75	 8	0.73344		grating		tx+	0.03	-47	-49	43	485
2.08	3.75	 8	0.73344		grating		ty+	0.03	-47	-49	530	36
2.08	3.75	 8	0.73344		grating		tz+	0.03	-47	-49	479	32
2.08	3.75	 7	0.73334		grating		dx+	3.00	-57	53	 0	 0
2.08	3.75	 7	0.73334		grating		dy+	3.00	-57	53	 0	 0
2.08	3.75	 7	0.73334		grating		dz+	3.00	-57	53	 0	 0
2.08	3.75	 7	0.73334		grating		tx+	0.03	-57	53	-31	484
2.08	3.75	 7	0.73334		grating		ty+	0.03	-57	53	560	19
2.08	3.75	 7	0.73334		grating		tz+	0.03	-57	53	424	14
2.08	3.75	 7	0.75953		grating		dx+	3.00	-53	28	 0	 0
2.08	3.75	 7	0.75953		grating		dy+	3.00	-53	28	 0	 0
2.08	3.75	 7	0.75953		grating		dz+	3.00	-53	28	 0	 0
2.08	3.75	 7	0.75953		grating		tx+	0.03	-53	28	-12	481
2.08	3.75	 7	0.75953		grating		ty+	0.03	-53	28	551	24
2.08	3.75	 7	0.75953		grating		tz+	0.03	-53	28	435	19
2.08	3.75	 7	0.78573		grating		dx+	3.00	-49	 2	 0	 0
2.08	3.75	 7	0.78573		grating		dy+	3.00	-49	 2	 0	 0
2.08	3.75	 7	0.78573		grating		dz+	3.00	-49	 2	 0	 0
2.08	3.75	 7	0.78573		grating		tx+	0.03	-49	 2	 6	480
2.08	3.75	 7	0.78573		grating		ty+	0.03	-49	 2	542	28
2.08	3.75	 7	0.78573		grating		tz+	0.03	-49	 2	448	23
2.08	3.75	 7	0.81595		grating		dx+	3.00	-46	-27	 0	 0
2.08	3.75	 7	0.81595		grating		dy+	3.00	-46	-27	 0	 0
2.08	3.75	 7	0.81595		grating		dz+	3.00	-46	-27	 0	 0
2.08	3.75	 7	0.81595		grating		tx+	0.03	-46	-27	27	482
2.08	3.75	 7	0.81595		grating		ty+	0.03	-46	-27	534	33
2.08	3.75	 7	0.81595		grating		tz+	0.03	-46	-27	464	28
2.08	3.75	 7	0.84617		grating		dx+	3.00	-45	-57	 0	 0
2.08	3.75	 7	0.84617		grating		dy+	3.00	-45	-57	 0	 0
2.08	3.75	 7	0.84617		grating		dz+	3.00	-45	-57	 0	 0
2.08	3.75	 7	0.84617		grating		tx+	0.03	-45	-57	48	487
2.08	3.75	 7	0.84617		grating		ty+	0.03	-45	-57	527	37
2.08	3.75	 7	0.84617		grating		tz+	0.03	-45	-57	482	33
2.08	3.75	 6	0.84617		grating		dx+	3.00	-57	60	 0	 0
2.08	3.75	 6	0.84617		grating		dy+	3.00	-57	60	 0	 0
2.08	3.75	 6	0.84617		grating		dz+	3.00	-57	60	 0	 0
2.08	3.75	 6	0.84617		grating		tx+	0.03	-57	60	-36	486
2.08	3.75	 6	0.84617		grating		ty+	0.03	-57	60	562	18
2.08	3.75	 6	0.84617		grating		tz+	0.03	-57	60	419	13
2.08	3.75	 6	0.88142		grating		dx+	3.00	-51	31	 0	 0
2.08	3.75	 6	0.88142		grating		dy+	3.00	-51	31	 0	 0
2.08	3.75	 6	0.88142		grating		dz+	3.00	-51	31	 0	 0
2.08	3.75	 6	0.88142		grating		tx+	0.03	-51	31	-14	481
2.08	3.75	 6	0.88142		grating		ty+	0.03	-51	31	550	24
2.08	3.75	 6	0.88142		grating		tz+	0.03	-51	31	432	18
2.08	3.75	 6	0.91668		grating		dx+	3.00	-47	 2	 0	 0
2.08	3.75	 6	0.91668		grating		dy+	3.00	-47	 2	 0	 0
2.08	3.75	 6	0.91668		grating		dz+	3.00	-47	 2	 0	 0
2.08	3.75	 6	0.91668		grating		tx+	0.03	-47	 2	 6	480
2.08	3.75	 6	0.91668		grating		ty+	0.03	-47	 2	541	28
2.08	3.75	 6	0.91668		grating		tz+	0.03	-47	 2	446	23
2.08	3.75	 6	0.95835		grating		dx+	3.00	-44	-32	 0	 0
2.08	3.75	 6	0.95835		grating		dy+	3.00	-44	-32	 0	 0
2.08	3.75	 6	0.95835		grating		dz+	3.00	-44	-32	 0	 0
2.08	3.75	 6	0.95835		grating		tx+	0.03	-44	-32	30	483
2.08	3.75	 6	0.95835		grating		ty+	0.03	-44	-32	532	33
2.08	3.75	 6	0.95835		grating		tz+	0.03	-44	-32	466	29
2.08	3.75	 6	1.00000		grating		dx+	3.00	-43	-68	 0	 0
2.08	3.75	 6	1.00000		grating		dy+	3.00	-43	-68	 0	 0
2.08	3.75	 6	1.00000		grating		dz+	3.00	-43	-68	 0	 0
2.08	3.75	 6	1.00000		grating		tx+	0.03	-43	-68	55	490
2.08	3.75	 6	1.00000		grating		ty+	0.03	-43	-68	524	38
2.08	3.75	 6	1.00000		grating		tz+	0.03	-43	-68	488	35
0.00	3.75	 9	0.57896		grating		dx+	3.00	-12	52	 0	 0
0.00	3.75	 9	0.57896		grating		dy+	3.00	-12	52	 0	 0
0.00	3.75	 9	0.57896		grating		dz+	3.00	-12	52	 0	 0
0.00	3.75	 9	0.57896		grating		tx+	0.03	-12	52	-26	492
0.00	3.75	 9	0.57896		grating		ty+	0.03	-12	52	541	18
0.00	3.75	 9	0.57896		grating		tz+	0.03	-12	52	404	13
0.00	3.75	 9	0.59504		grating		dx+	3.00	-9	32	 0	 0
0.00	3.75	 9	0.59504		grating		dy+	3.00	-9	32	 0	 0
0.00	3.75	 9	0.59504		grating		dz+	3.00	-9	32	 0	 0
0.00	3.75	 9	0.59504		grating		tx+	0.03	-9	32	-13	490
0.00	3.75	 9	0.59504		grating		ty+	0.03	-9	32	534	20
0.00	3.75	 9	0.59504		grating		tz+	0.03	-9	32	412	15
0.00	3.75	 9	0.61112		grating		dx+	3.00	-6	12	 0	 0
0.00	3.75	 9	0.61112		grating		dy+	3.00	-6	12	 0	 0
0.00	3.75	 9	0.61112		grating		dz+	3.00	-6	12	 0	 0
0.00	3.75	 9	0.61112		grating		tx+	0.03	-6	12	 0	489
0.00	3.75	 9	0.61112		grating		ty+	0.03	-6	12	528	22
0.00	3.75	 9	0.61112		grating		tz+	0.03	-6	12	422	17
0.00	3.75	 9	0.62909		grating		dx+	3.00	-3	-10	 0	 0
0.00	3.75	 9	0.62909		grating		dy+	3.00	-3	-10	 0	 0
0.00	3.75	 9	0.62909		grating		dz+	3.00	-3	-10	 0	 0
0.00	3.75	 9	0.62909		grating		tx+	0.03	-3	-10	13	490
0.00	3.75	 9	0.62909		grating		ty+	0.03	-3	-10	522	23
0.00	3.75	 9	0.62909		grating		tz+	0.03	-3	-10	433	19
0.00	3.75	 9	0.64707		grating		dx+	3.00	-1	-32	 0	 0
0.00	3.75	 9	0.64707		grating		dy+	3.00	-1	-32	 0	 0
0.00	3.75	 9	0.64707		grating		dz+	3.00	-1	-32	 0	 0
0.00	3.75	 9	0.64707		grating		tx+	0.03	-1	-32	27	492
0.00	3.75	 9	0.64707		grating		ty+	0.03	-1	-32	517	25
0.00	3.75	 9	0.64707		grating		tz+	0.03	-1	-32	445	21
0.00	3.75	 8	0.64707		grating		dx+	3.00	-10	56	 0	 0
0.00	3.75	 8	0.64707		grating		dy+	3.00	-10	56	 0	 0
0.00	3.75	 8	0.64707		grating		dz+	3.00	-10	56	 0	 0
0.00	3.75	 8	0.64707		grating		tx+	0.03	-10	56	-29	493
0.00	3.75	 8	0.64707		grating		ty+	0.03	-10	56	541	18
0.00	3.75	 8	0.64707		grating		tz+	0.03	-10	56	400	13
0.00	3.75	 8	0.66729		grating		dx+	3.00	-7	34	 0	 0
0.00	3.75	 8	0.66729		grating		dy+	3.00	-7	34	 0	 0
0.00	3.75	 8	0.66729		grating		dz+	3.00	-7	34	 0	 0
0.00	3.75	 8	0.66729		grating		tx+	0.03	-7	34	-14	490
0.00	3.75	 8	0.66729		grating		ty+	0.03	-7	34	533	20
0.00	3.75	 8	0.66729		grating		tz+	0.03	-7	34	410	15
0.00	3.75	 8	0.68751		grating		dx+	3.00	-4	12	 0	 0
0.00	3.75	 8	0.68751		grating		dy+	3.00	-4	12	 0	 0
0.00	3.75	 8	0.68751		grating		dz+	3.00	-4	12	 0	 0
0.00	3.75	 8	0.68751		grating		tx+	0.03	-4	12	 0	489
0.00	3.75	 8	0.68751		grating		ty+	0.03	-4	12	527	22
0.00	3.75	 8	0.68751		grating		tz+	0.03	-4	12	420	17
0.00	3.75	 8	0.71043		grating		dx+	3.00	-1	-13	 0	 0
0.00	3.75	 8	0.71043		grating		dy+	3.00	-1	-13	 0	 0
0.00	3.75	 8	0.71043		grating		dz+	3.00	-1	-13	 0	 0
0.00	3.75	 8	0.71043		grating		tx+	0.03	-1	-13	15	490
0.00	3.75	 8	0.71043		grating		ty+	0.03	-1	-13	520	24
0.00	3.75	 8	0.71043		grating		tz+	0.03	-1	-13	433	20
0.00	3.75	 8	0.73344		grating		dx+	3.00	 1	-38	 0	 0
0.00	3.75	 8	0.73344		grating		dy+	3.00	 1	-38	 0	 0
0.00	3.75	 8	0.73344		grating		dz+	3.00	 1	-38	 0	 0
0.00	3.75	 8	0.73344		grating		tx+	0.03	 1	-38	30	494
0.00	3.75	 8	0.73344		grating		ty+	0.03	 1	-38	515	25
0.00	3.75	 8	0.73344		grating		tz+	0.03	 1	-38	448	22
0.00	3.75	 7	0.73334		grating		dx+	3.00	-9	62	 0	 0
0.00	3.75	 7	0.73334		grating		dy+	3.00	-9	62	 0	 0
0.00	3.75	 7	0.73334		grating		dz+	3.00	-9	62	 0	 0
0.00	3.75	 7	0.73334		grating		tx+	0.03	-9	62	-32	494
0.00	3.75	 7	0.73334		grating		ty+	0.03	-9	62	542	18
0.00	3.75	 7	0.73334		grating		tz+	0.03	-9	62	397	13
0.00	3.75	 7	0.75953		grating		dx+	3.00	-5	37	 0	 0
0.00	3.75	 7	0.75953		grating		dy+	3.00	-5	37	 0	 0
0.00	3.75	 7	0.75953		grating		dz+	3.00	-5	37	 0	 0
0.00	3.75	 7	0.75953		grating		tx+	0.03	-5	37	-16	490
0.00	3.75	 7	0.75953		grating		ty+	0.03	-5	37	533	20
0.00	3.75	 7	0.75953		grating		tz+	0.03	-5	37	408	15
0.00	3.75	 7	0.78573		grating		dx+	3.00	-2	12	 0	 0
0.00	3.75	 7	0.78573		grating		dy+	3.00	-2	12	 0	 0
0.00	3.75	 7	0.78573		grating		dz+	3.00	-2	12	 0	 0
0.00	3.75	 7	0.78573		grating		tx+	0.03	-2	12	 0	489
0.00	3.75	 7	0.78573		grating		ty+	0.03	-2	12	526	22
0.00	3.75	 7	0.78573		grating		tz+	0.03	-2	12	420	17
0.00	3.75	 7	0.81595		grating		dx+	3.00	 1	-17	 0	 0
0.00	3.75	 7	0.81595		grating		dy+	3.00	 1	-17	 0	 0
0.00	3.75	 7	0.81595		grating		dz+	3.00	 1	-17	 0	 0
0.00	3.75	 7	0.81595		grating		tx+	0.03	 1	-17	17	491
0.00	3.75	 7	0.81595		grating		ty+	0.03	 1	-17	519	24
0.00	3.75	 7	0.81595		grating		tz+	0.03	 1	-17	435	20
0.00	3.75	 7	0.84617		grating		dx+	3.00	 4	-46	 0	 0
0.00	3.75	 7	0.84617		grating		dy+	3.00	 4	-46	 0	 0
0.00	3.75	 7	0.84617		grating		dz+	3.00	 4	-46	 0	 0
0.00	3.75	 7	0.84617		grating		tx+	0.03	 4	-46	35	495
0.00	3.75	 7	0.84617		grating		ty+	0.03	 4	-46	512	26
0.00	3.75	 7	0.84617		grating		tz+	0.03	 4	-46	452	23
0.00	3.75	 6	0.84617		grating		dx+	3.00	-9	70	 0	 0
0.00	3.75	 6	0.84617		grating		dy+	3.00	-9	70	 0	 0
0.00	3.75	 6	0.84617		grating		dz+	3.00	-9	70	 0	 0
0.00	3.75	 6	0.84617		grating		tx+	0.03	-9	70	-37	496
0.00	3.75	 6	0.84617		grating		ty+	0.03	-9	70	544	17
0.00	3.75	 6	0.84617		grating		tz+	0.03	-9	70	393	12
0.00	3.75	 6	0.88142		grating		dx+	3.00	-4	41	 0	 0
0.00	3.75	 6	0.88142		grating		dy+	3.00	-4	41	 0	 0
0.00	3.75	 6	0.88142		grating		dz+	3.00	-4	41	 0	 0
0.00	3.75	 6	0.88142		grating		tx+	0.03	-4	41	-18	491
0.00	3.75	 6	0.88142		grating		ty+	0.03	-4	41	534	20
0.00	3.75	 6	0.88142		grating		tz+	0.03	-4	41	405	15
0.00	3.75	 6	0.91668		grating		dx+	3.00	 0	12	 0	 0
0.00	3.75	 6	0.91668		grating		dy+	3.00	 0	12	 0	 0
0.00	3.75	 6	0.91668		grating		dz+	3.00	 0	12	 0	 0
0.00	3.75	 6	0.91668		grating		tx+	0.03	 0	12	 0	489
0.00	3.75	 6	0.91668		grating		ty+	0.03	 0	12	525	22
0.00	3.75	 6	0.91668		grating		tz+	0.03	 0	12	419	18
0.00	3.75	 6	0.95835		grating		dx+	3.00	 4	-22	 0	 0
0.00	3.75	 6	0.95835		grating		dy+	3.00	 4	-22	 0	 0
0.00	3.75	 6	0.95835		grating		dz+	3.00	 4	-22	 0	 0
0.00	3.75	 6	0.95835		grating		tx+	0.03	 4	-22	20	491
0.00	3.75	 6	0.95835		grating		ty+	0.03	 4	-22	517	24
0.00	3.75	 6	0.95835		grating		tz+	0.03	 4	-22	437	20
0.00	3.75	 6	1.00000		grating		dx+	3.00	 6	-57	 0	 0
0.00	3.75	 6	1.00000		grating		dy+	3.00	 6	-57	 0	 0
0.00	3.75	 6	1.00000		grating		dz+	3.00	 6	-57	 0	 0
0.00	3.75	 6	1.00000		grating		tx+	0.03	 6	-57	42	498
0.00	3.75	 6	1.00000		grating		ty+	0.03	 6	-57	510	26
0.00	3.75	 6	1.00000		grating		tz+	0.03	 6	-57	457	23
-2.08	3.75	 9	0.57896		grating		dx+	3.00	34	58	 0	 0
-2.08	3.75	 9	0.57896		grating		dy+	3.00	34	58	 0	 0
-2.08	3.75	 9	0.57896		grating		dz+	3.00	34	58	 0	 0
-2.08	3.75	 9	0.57896		grating		tx+	0.03	34	58	-26	502
-2.08	3.75	 9	0.57896		grating		ty+	0.03	34	58	531	15
-2.08	3.75	 9	0.57896		grating		tz+	0.03	34	58	386	11
-2.08	3.75	 9	0.59504		grating		dx+	3.00	37	38	 0	 0
-2.08	3.75	 9	0.59504		grating		dy+	3.00	37	38	 0	 0
-2.08	3.75	 9	0.59504		grating		dz+	3.00	37	38	 0	 0
-2.08	3.75	 9	0.59504		grating		tx+	0.03	37	38	-15	499
-2.08	3.75	 9	0.59504		grating		ty+	0.03	37	38	525	15
-2.08	3.75	 9	0.59504		grating		tz+	0.03	37	38	395	11
-2.08	3.75	 9	0.61112		grating		dx+	3.00	40	19	 0	 0
-2.08	3.75	 9	0.61112		grating		dy+	3.00	40	19	 0	 0
-2.08	3.75	 9	0.61112		grating		dz+	3.00	40	19	 0	 0
-2.08	3.75	 9	0.61112		grating		tx+	0.03	40	19	-4	498
-2.08	3.75	 9	0.61112		grating		ty+	0.03	40	19	520	16
-2.08	3.75	 9	0.61112		grating		tz+	0.03	40	19	404	12
-2.08	3.75	 9	0.62909		grating		dx+	3.00	42	-3	 0	 0
-2.08	3.75	 9	0.62909		grating		dy+	3.00	42	-3	 0	 0
-2.08	3.75	 9	0.62909		grating		dz+	3.00	42	-3	 0	 0
-2.08	3.75	 9	0.62909		grating		tx+	0.03	42	-3	 8	499
-2.08	3.75	 9	0.62909		grating		ty+	0.03	42	-3	515	16
-2.08	3.75	 9	0.62909		grating		tz+	0.03	42	-3	415	12
-2.08	3.75	 9	0.64707		grating		dx+	3.00	45	-25	 0	 0
-2.08	3.75	 9	0.64707		grating		dy+	3.00	45	-25	 0	 0
-2.08	3.75	 9	0.64707		grating		dz+	3.00	45	-25	 0	 0
-2.08	3.75	 9	0.64707		grating		tx+	0.03	45	-25	20	502
-2.08	3.75	 9	0.64707		grating		ty+	0.03	45	-25	510	16
-2.08	3.75	 9	0.64707		grating		tz+	0.03	45	-25	427	13
-2.08	3.75	 8	0.64707		grating		dx+	3.00	35	62	 0	 0
-2.08	3.75	 8	0.64707		grating		dy+	3.00	35	62	 0	 0
-2.08	3.75	 8	0.64707		grating		dz+	3.00	35	62	 0	 0
-2.08	3.75	 8	0.64707		grating		tx+	0.03	35	62	-28	502
-2.08	3.75	 8	0.64707		grating		ty+	0.03	35	62	531	15
-2.08	3.75	 8	0.64707		grating		tz+	0.03	35	62	383	11
-2.08	3.75	 8	0.66729		grating		dx+	3.00	39	41	 0	 0
-2.08	3.75	 8	0.66729		grating		dy+	3.00	39	41	 0	 0
-2.08	3.75	 8	0.66729		grating		dz+	3.00	39	41	 0	 0
-2.08	3.75	 8	0.66729		grating		tx+	0.03	39	41	-16	500
-2.08	3.75	 8	0.66729		grating		ty+	0.03	39	41	525	16
-2.08	3.75	 8	0.66729		grating		tz+	0.03	39	41	393	12
-2.08	3.75	 8	0.68751		grating		dx+	3.00	42	19	 0	 0
-2.08	3.75	 8	0.68751		grating		dy+	3.00	42	19	 0	 0
-2.08	3.75	 8	0.68751		grating		dz+	3.00	42	19	 0	 0
-2.08	3.75	 8	0.68751		grating		tx+	0.03	42	19	-3	499
-2.08	3.75	 8	0.68751		grating		ty+	0.03	42	19	519	16
-2.08	3.75	 8	0.68751		grating		tz+	0.03	42	19	404	12
-2.08	3.75	 8	0.71043		grating		dx+	3.00	45	-6	 0	 0
-2.08	3.75	 8	0.71043		grating		dy+	3.00	45	-6	 0	 0
-2.08	3.75	 8	0.71043		grating		dz+	3.00	45	-6	 0	 0
-2.08	3.75	 8	0.71043		grating		tx+	0.03	45	-6	 9	500
-2.08	3.75	 8	0.71043		grating		ty+	0.03	45	-6	513	16
-2.08	3.75	 8	0.71043		grating		tz+	0.03	45	-6	416	13
-2.08	3.75	 8	0.73344		grating		dx+	3.00	47	-32	 0	 0
-2.08	3.75	 8	0.73344		grating		dy+	3.00	47	-32	 0	 0
-2.08	3.75	 8	0.73344		grating		dz+	3.00	47	-32	 0	 0
-2.08	3.75	 8	0.73344		grating		tx+	0.03	47	-32	23	503
-2.08	3.75	 8	0.73344		grating		ty+	0.03	47	-32	508	15
-2.08	3.75	 8	0.73344		grating		tz+	0.03	47	-32	430	13
-2.08	3.75	 7	0.73334		grating		dx+	3.00	36	68	 0	 0
-2.08	3.75	 7	0.73334		grating		dy+	3.00	36	68	 0	 0
-2.08	3.75	 7	0.73334		grating		dz+	3.00	36	68	 0	 0
-2.08	3.75	 7	0.73334		grating		tx+	0.03	36	68	-32	503
-2.08	3.75	 7	0.73334		grating		ty+	0.03	36	68	533	15
-2.08	3.75	 7	0.73334		grating		tz+	0.03	36	68	380	11
-2.08	3.75	 7	0.75953		grating		dx+	3.00	40	43	 0	 0
-2.08	3.75	 7	0.75953		grating		dy+	3.00	40	43	 0	 0
-2.08	3.75	 7	0.75953		grating		dz+	3.00	40	43	 0	 0
-2.08	3.75	 7	0.75953		grating		tx+	0.03	40	43	-17	500
-2.08	3.75	 7	0.75953		grating		ty+	0.03	40	43	525	16
-2.08	3.75	 7	0.75953		grating		tz+	0.03	40	43	391	12
-2.08	3.75	 7	0.78573		grating		dx+	3.00	44	19	 0	 0
-2.08	3.75	 7	0.78573		grating		dy+	3.00	44	19	 0	 0
-2.08	3.75	 7	0.78573		grating		dz+	3.00	44	19	 0	 0
-2.08	3.75	 7	0.78573		grating		tx+	0.03	44	19	-3	499
-2.08	3.75	 7	0.78573		grating		ty+	0.03	44	19	519	16
-2.08	3.75	 7	0.78573		grating		tz+	0.03	44	19	403	12
-2.08	3.75	 7	0.81595		grating		dx+	3.00	47	-10	 0	 0
-2.08	3.75	 7	0.81595		grating		dy+	3.00	47	-10	 0	 0
-2.08	3.75	 7	0.81595		grating		dz+	3.00	47	-10	 0	 0
-2.08	3.75	 7	0.81595		grating		tx+	0.03	47	-10	11	500
-2.08	3.75	 7	0.81595		grating		ty+	0.03	47	-10	512	16
-2.08	3.75	 7	0.81595		grating		tz+	0.03	47	-10	418	13
-2.08	3.75	 7	0.84617		grating		dx+	3.00	49	-39	 0	 0
-2.08	3.75	 7	0.84617		grating		dy+	3.00	49	-39	 0	 0
-2.08	3.75	 7	0.84617		grating		dz+	3.00	49	-39	 0	 0
-2.08	3.75	 7	0.84617		grating		tx+	0.03	49	-39	27	505
-2.08	3.75	 7	0.84617		grating		ty+	0.03	49	-39	506	15
-2.08	3.75	 7	0.84617		grating		tz+	0.03	49	-39	434	13
-2.08	3.75	 6	0.84617		grating		dx+	3.00	37	76	 0	 0
-2.08	3.75	 6	0.84617		grating		dy+	3.00	37	76	 0	 0
-2.08	3.75	 6	0.84617		grating		dz+	3.00	37	76	 0	 0
-2.08	3.75	 6	0.84617		grating		tx+	0.03	37	76	-36	505
-2.08	3.75	 6	0.84617		grating		ty+	0.03	37	76	534	15
-2.08	3.75	 6	0.84617		grating		tz+	0.03	37	76	376	11
-2.08	3.75	 6	0.88142		grating		dx+	3.00	42	47	 0	 0
-2.08	3.75	 6	0.88142		grating		dy+	3.00	42	47	 0	 0
-2.08	3.75	 6	0.88142		grating		dz+	3.00	42	47	 0	 0
-2.08	3.75	 6	0.88142		grating		tx+	0.03	42	47	-19	501
-2.08	3.75	 6	0.88142		grating		ty+	0.03	42	47	526	16
-2.08	3.75	 6	0.88142		grating		tz+	0.03	42	47	389	12
-2.08	3.75	 6	0.91668		grating		dx+	3.00	45	19	 0	 0
-2.08	3.75	 6	0.91668		grating		dy+	3.00	45	19	 0	 0
-2.08	3.75	 6	0.91668		grating		dz+	3.00	45	19	 0	 0
-2.08	3.75	 6	0.91668		grating		tx+	0.03	45	19	-3	499
-2.08	3.75	 6	0.91668		grating		ty+	0.03	45	19	519	16
-2.08	3.75	 6	0.91668		grating		tz+	0.03	45	19	403	12
-2.08	3.75	 6	0.95835		grating		dx+	3.00	49	-15	 0	 0
-2.08	3.75	 6	0.95835		grating		dy+	3.00	49	-15	 0	 0
-2.08	3.75	 6	0.95835		grating		dz+	3.00	49	-15	 0	 0
-2.08	3.75	 6	0.95835		grating		tx+	0.03	49	-15	14	501
-2.08	3.75	 6	0.95835		grating		ty+	0.03	49	-15	511	16
-2.08	3.75	 6	0.95835		grating		tz+	0.03	49	-15	420	13
-2.08	3.75	 6	1.00000		grating		dx+	3.00	51	-50	 0	 0
-2.08	3.75	 6	1.00000		grating		dy+	3.00	51	-50	 0	 0
-2.08	3.75	 6	1.00000		grating		dz+	3.00	51	-50	 0	 0
-2.08	3.75	 6	1.00000		grating		tx+	0.03	51	-50	33	507
-2.08	3.75	 6	1.00000		grating		ty+	0.03	51	-50	504	15
-2.08	3.75	 6	1.00000		grating		tz+	0.03	51	-50	439	13
-4.15	3.75	 9	0.57896		grating		dx+	3.00	78	61	 0	 0
-4.15	3.75	 9	0.57896		grating		dy+	3.00	78	61	 0	 0
-4.15	3.75	 9	0.57896		grating		dz+	3.00	78	61	 0	 0
-4.15	3.75	 9	0.57896		grating		tx+	0.03	78	61	-25	510
-4.15	3.75	 9	0.57896		grating		ty+	0.03	78	61	527	10
-4.15	3.75	 9	0.57896		grating		tz+	0.03	78	61	376	 7
-4.15	3.75	 9	0.59504		grating		dx+	3.00	81	42	 0	 0
-4.15	3.75	 9	0.59504		grating		dy+	3.00	81	42	 0	 0
-4.15	3.75	 9	0.59504		grating		dz+	3.00	81	42	 0	 0
-4.15	3.75	 9	0.59504		grating		tx+	0.03	81	42	-14	509
-4.15	3.75	 9	0.59504		grating		ty+	0.03	81	42	523	10
-4.15	3.75	 9	0.59504		grating		tz+	0.03	81	42	385	 7
-4.15	3.75	 9	0.61112		grating		dx+	3.00	83	22	 0	 0
-4.15	3.75	 9	0.61112		grating		dy+	3.00	83	22	 0	 0
-4.15	3.75	 9	0.61112		grating		dz+	3.00	83	22	 0	 0
-4.15	3.75	 9	0.61112		grating		tx+	0.03	83	22	-5	508
-4.15	3.75	 9	0.61112		grating		ty+	0.03	83	22	518	 9
-4.15	3.75	 9	0.61112		grating		tz+	0.03	83	22	395	 7
-4.15	3.75	 9	0.62909		grating		dx+	3.00	86	 0	 0	 0
-4.15	3.75	 9	0.62909		grating		dy+	3.00	86	 0	 0	 0
-4.15	3.75	 9	0.62909		grating		dz+	3.00	86	 0	 0	 0
-4.15	3.75	 9	0.62909		grating		tx+	0.03	86	 0	 5	509
-4.15	3.75	 9	0.62909		grating		ty+	0.03	86	 0	513	 8
-4.15	3.75	 9	0.62909		grating		tz+	0.03	86	 0	406	 6
-4.15	3.75	 9	0.64707		grating		dx+	3.00	88	-22	 0	 0
-4.15	3.75	 9	0.64707		grating		dy+	3.00	88	-22	 0	 0
-4.15	3.75	 9	0.64707		grating		dz+	3.00	88	-22	 0	 0
-4.15	3.75	 9	0.64707		grating		tx+	0.03	88	-22	16	512
-4.15	3.75	 9	0.64707		grating		ty+	0.03	88	-22	509	 6
-4.15	3.75	 9	0.64707		grating		tz+	0.03	88	-22	418	 5
-4.15	3.75	 8	0.64707		grating		dx+	3.00	79	66	 0	 0
-4.15	3.75	 8	0.64707		grating		dy+	3.00	79	66	 0	 0
-4.15	3.75	 8	0.64707		grating		dz+	3.00	79	66	 0	 0
-4.15	3.75	 8	0.64707		grating		tx+	0.03	79	66	-27	511
-4.15	3.75	 8	0.64707		grating		ty+	0.03	79	66	528	11
-4.15	3.75	 8	0.64707		grating		tz+	0.03	79	66	374	 7
-4.15	3.75	 8	0.66729		grating		dx+	3.00	83	44	 0	 0
-4.15	3.75	 8	0.66729		grating		dy+	3.00	83	44	 0	 0
-4.15	3.75	 8	0.66729		grating		dz+	3.00	83	44	 0	 0
-4.15	3.75	 8	0.66729		grating		tx+	0.03	83	44	-15	509
-4.15	3.75	 8	0.66729		grating		ty+	0.03	83	44	523	10
-4.15	3.75	 8	0.66729		grating		tz+	0.03	83	44	384	 7
-4.15	3.75	 8	0.68751		grating		dx+	3.00	85	22	 0	 0
-4.15	3.75	 8	0.68751		grating		dy+	3.00	85	22	 0	 0
-4.15	3.75	 8	0.68751		grating		dz+	3.00	85	22	 0	 0
-4.15	3.75	 8	0.68751		grating		tx+	0.03	85	22	-4	509
-4.15	3.75	 8	0.68751		grating		ty+	0.03	85	22	518	 9
-4.15	3.75	 8	0.68751		grating		tz+	0.03	85	22	395	 7
-4.15	3.75	 8	0.71043		grating		dx+	3.00	88	-3	 0	 0
-4.15	3.75	 8	0.71043		grating		dy+	3.00	88	-3	 0	 0
-4.15	3.75	 8	0.71043		grating		dz+	3.00	88	-3	 0	 0
-4.15	3.75	 8	0.71043		grating		tx+	0.03	88	-3	 7	510
-4.15	3.75	 8	0.71043		grating		ty+	0.03	88	-3	512	 8
-4.15	3.75	 8	0.71043		grating		tz+	0.03	88	-3	407	 6
-4.15	3.75	 8	0.73344		grating		dx+	3.00	91	-28	 0	 0
-4.15	3.75	 8	0.73344		grating		dy+	3.00	91	-28	 0	 0
-4.15	3.75	 8	0.73344		grating		dz+	3.00	91	-28	 0	 0
-4.15	3.75	 8	0.73344		grating		tx+	0.03	91	-28	19	513
-4.15	3.75	 8	0.73344		grating		ty+	0.03	91	-28	507	 6
-4.15	3.75	 8	0.73344		grating		tz+	0.03	91	-28	420	 5
-4.15	3.75	 7	0.73334		grating		dx+	3.00	80	71	 0	 0
-4.15	3.75	 7	0.73334		grating		dy+	3.00	80	71	 0	 0
-4.15	3.75	 7	0.73334		grating		dz+	3.00	80	71	 0	 0
-4.15	3.75	 7	0.73334		grating		tx+	0.03	80	71	-30	512
-4.15	3.75	 7	0.73334		grating		ty+	0.03	80	71	529	11
-4.15	3.75	 7	0.73334		grating		tz+	0.03	80	71	371	 7
-4.15	3.75	 7	0.75953		grating		dx+	3.00	84	47	 0	 0
-4.15	3.75	 7	0.75953		grating		dy+	3.00	84	47	 0	 0
-4.15	3.75	 7	0.75953		grating		dz+	3.00	84	47	 0	 0
-4.15	3.75	 7	0.75953		grating		tx+	0.03	84	47	-17	509
-4.15	3.75	 7	0.75953		grating		ty+	0.03	84	47	523	11
-4.15	3.75	 7	0.75953		grating		tz+	0.03	84	47	382	 7
-4.15	3.75	 7	0.78573		grating		dx+	3.00	87	22	 0	 0
-4.15	3.75	 7	0.78573		grating		dy+	3.00	87	22	 0	 0
-4.15	3.75	 7	0.78573		grating		dz+	3.00	87	22	 0	 0
-4.15	3.75	 7	0.78573		grating		tx+	0.03	87	22	-4	509
-4.15	3.75	 7	0.78573		grating		ty+	0.03	87	22	518	 9
-4.15	3.75	 7	0.78573		grating		tz+	0.03	87	22	394	 7
-4.15	3.75	 7	0.81595		grating		dx+	3.00	90	-7	 0	 0
-4.15	3.75	 7	0.81595		grating		dy+	3.00	90	-7	 0	 0
-4.15	3.75	 7	0.81595		grating		dz+	3.00	90	-7	 0	 0
-4.15	3.75	 7	0.81595		grating		tx+	0.03	90	-7	 9	510
-4.15	3.75	 7	0.81595		grating		ty+	0.03	90	-7	511	 7
-4.15	3.75	 7	0.81595		grating		tz+	0.03	90	-7	409	 6
-4.15	3.75	 7	0.84617		grating		dx+	3.00	93	-36	 0	 0
-4.15	3.75	 7	0.84617		grating		dy+	3.00	93	-36	 0	 0
-4.15	3.75	 7	0.84617		grating		dz+	3.00	93	-36	 0	 0
-4.15	3.75	 7	0.84617		grating		tx+	0.03	93	-36	23	515
-4.15	3.75	 7	0.84617		grating		ty+	0.03	93	-36	505	 5
-4.15	3.75	 7	0.84617		grating		tz+	0.03	93	-36	424	 4
-4.15	3.75	 6	0.84617		grating		dx+	3.00	81	79	 0	 0
-4.15	3.75	 6	0.84617		grating		dy+	3.00	81	79	 0	 0
-4.15	3.75	 6	0.84617		grating		dz+	3.00	81	79	 0	 0
-4.15	3.75	 6	0.84617		grating		tx+	0.03	81	79	-33	513
-4.15	3.75	 6	0.84617		grating		ty+	0.03	81	79	531	11
-4.15	3.75	 6	0.84617		grating		tz+	0.03	81	79	367	 8
-4.15	3.75	 6	0.88142		grating		dx+	3.00	85	50	 0	 0
-4.15	3.75	 6	0.88142		grating		dy+	3.00	85	50	 0	 0
-4.15	3.75	 6	0.88142		grating		dz+	3.00	85	50	 0	 0
-4.15	3.75	 6	0.88142		grating		tx+	0.03	85	50	-18	510
-4.15	3.75	 6	0.88142		grating		ty+	0.03	85	50	524	11
-4.15	3.75	 6	0.88142		grating		tz+	0.03	85	50	380	 8
-4.15	3.75	 6	0.91668		grating		dx+	3.00	89	22	 0	 0
-4.15	3.75	 6	0.91668		grating		dy+	3.00	89	22	 0	 0
-4.15	3.75	 6	0.91668		grating		dz+	3.00	89	22	 0	 0
-4.15	3.75	 6	0.91668		grating		tx+	0.03	89	22	-4	509
-4.15	3.75	 6	0.91668		grating		ty+	0.03	89	22	517	 9
-4.15	3.75	 6	0.91668		grating		tz+	0.03	89	22	394	 7
-4.15	3.75	 6	0.95835		grating		dx+	3.00	92	-12	 0	 0
-4.15	3.75	 6	0.95835		grating		dy+	3.00	92	-12	 0	 0
-4.15	3.75	 6	0.95835		grating		dz+	3.00	92	-12	 0	 0
-4.15	3.75	 6	0.95835		grating		tx+	0.03	92	-12	11	511
-4.15	3.75	 6	0.95835		grating		ty+	0.03	92	-12	510	 7
-4.15	3.75	 6	0.95835		grating		tz+	0.03	92	-12	411	 5
-4.15	3.75	 6	1.00000		grating		dx+	3.00	95	-47	 0	 0
-4.15	3.75	 6	1.00000		grating		dy+	3.00	95	-47	 0	 0
-4.15	3.75	 6	1.00000		grating		dz+	3.00	95	-47	 0	 0
-4.15	3.75	 6	1.00000		grating		tx+	0.03	95	-47	28	517
-4.15	3.75	 6	1.00000		grating		ty+	0.03	95	-47	503	 5
-4.15	3.75	 6	1.00000		grating		tz+	0.03	95	-47	430	 4
4.15	4.50	 9	0.57896		grating		dx+	3.00	-112	21	 0	 0
4.15	4.50	 9	0.57896		grating		dy+	3.00	-112	21	 0	 0
4.15	4.50	 9	0.57896		grating		dz+	3.00	-112	21	 0	 0
4.15	4.50	 9	0.57896		grating		tx+	0.03	-112	21	-9	479
4.15	4.50	 9	0.57896		grating		ty+	0.03	-112	21	595	26
4.15	4.50	 9	0.57896		grating		tz+	0.03	-112	21	474	20
4.15	4.50	 9	0.59504		grating		dx+	3.00	-109	 0	 0	 0
4.15	4.50	 9	0.59504		grating		dy+	3.00	-109	 0	 0	 0
4.15	4.50	 9	0.59504		grating		dz+	3.00	-109	 0	 0	 0
4.15	4.50	 9	0.59504		grating		tx+	0.03	-109	 0	 7	478
4.15	4.50	 9	0.59504		grating		ty+	0.03	-109	 0	587	31
4.15	4.50	 9	0.59504		grating		tz+	0.03	-109	 0	485	26
4.15	4.50	 9	0.61112		grating		dx+	3.00	-106	-20	 0	 0
4.15	4.50	 9	0.61112		grating		dy+	3.00	-106	-20	 0	 0
4.15	4.50	 9	0.61112		grating		dz+	3.00	-106	-20	 0	 0
4.15	4.50	 9	0.61112		grating		tx+	0.03	-106	-20	24	479
4.15	4.50	 9	0.61112		grating		ty+	0.03	-106	-20	580	36
4.15	4.50	 9	0.61112		grating		tz+	0.03	-106	-20	496	31
4.15	4.50	 9	0.62909		grating		dx+	3.00	-104	-44	 0	 0
4.15	4.50	 9	0.62909		grating		dy+	3.00	-104	-44	 0	 0
4.15	4.50	 9	0.62909		grating		dz+	3.00	-104	-44	 0	 0
4.15	4.50	 9	0.62909		grating		tx+	0.03	-104	-44	43	481
4.15	4.50	 9	0.62909		grating		ty+	0.03	-104	-44	572	42
4.15	4.50	 9	0.62909		grating		tz+	0.03	-104	-44	510	37
4.15	4.50	 9	0.64707		grating		dx+	3.00	-103	-67	 0	 0
4.15	4.50	 9	0.64707		grating		dy+	3.00	-103	-67	 0	 0
4.15	4.50	 9	0.64707		grating		dz+	3.00	-103	-67	 0	 0
4.15	4.50	 9	0.64707		grating		tx+	0.03	-103	-67	62	485
4.15	4.50	 9	0.64707		grating		ty+	0.03	-103	-67	565	47
4.15	4.50	 9	0.64707		grating		tz+	0.03	-103	-67	525	43
4.15	4.50	 8	0.64707		grating		dx+	3.00	-110	25	 0	 0
4.15	4.50	 8	0.64707		grating		dy+	3.00	-110	25	 0	 0
4.15	4.50	 8	0.64707		grating		dz+	3.00	-110	25	 0	 0
4.15	4.50	 8	0.64707		grating		tx+	0.03	-110	25	-13	480
4.15	4.50	 8	0.64707		grating		ty+	0.03	-110	25	594	25
4.15	4.50	 8	0.64707		grating		tz+	0.03	-110	25	469	20
4.15	4.50	 8	0.66729		grating		dx+	3.00	-106	 3	 0	 0
4.15	4.50	 8	0.66729		grating		dy+	3.00	-106	 3	 0	 0
4.15	4.50	 8	0.66729		grating		dz+	3.00	-106	 3	 0	 0
4.15	4.50	 8	0.66729		grating		tx+	0.03	-106	 3	 5	478
4.15	4.50	 8	0.66729		grating		ty+	0.03	-106	 3	585	31
4.15	4.50	 8	0.66729		grating		tz+	0.03	-106	 3	481	25
4.15	4.50	 8	0.68751		grating		dx+	3.00	-103	-20	 0	 0
4.15	4.50	 8	0.68751		grating		dy+	3.00	-103	-20	 0	 0
4.15	4.50	 8	0.68751		grating		dz+	3.00	-103	-20	 0	 0
4.15	4.50	 8	0.68751		grating		tx+	0.03	-103	-20	24	479
4.15	4.50	 8	0.68751		grating		ty+	0.03	-103	-20	577	37
4.15	4.50	 8	0.68751		grating		tz+	0.03	-103	-20	494	31
4.15	4.50	 8	0.71043		grating		dx+	3.00	-101	-47	 0	 0
4.15	4.50	 8	0.71043		grating		dy+	3.00	-101	-47	 0	 0
4.15	4.50	 8	0.71043		grating		dz+	3.00	-101	-47	 0	 0
4.15	4.50	 8	0.71043		grating		tx+	0.03	-101	-47	45	482
4.15	4.50	 8	0.71043		grating		ty+	0.03	-101	-47	569	43
4.15	4.50	 8	0.71043		grating		tz+	0.03	-101	-47	510	38
4.15	4.50	 8	0.73344		grating		dx+	3.00	-100	-73	 0	 0
4.15	4.50	 8	0.73344		grating		dy+	3.00	-100	-73	 0	 0
4.15	4.50	 8	0.73344		grating		dz+	3.00	-100	-73	 0	 0
4.15	4.50	 8	0.73344		grating		tx+	0.03	-100	-73	67	486
4.15	4.50	 8	0.73344		grating		ty+	0.03	-100	-73	562	48
4.15	4.50	 8	0.73344		grating		tz+	0.03	-100	-73	528	45
4.15	4.50	 7	0.73334		grating		dx+	3.00	-108	31	 0	 0
4.15	4.50	 7	0.73334		grating		dy+	3.00	-108	31	 0	 0
4.15	4.50	 7	0.73334		grating		dz+	3.00	-108	31	 0	 0
4.15	4.50	 7	0.73334		grating		tx+	0.03	-108	31	-18	480
4.15	4.50	 7	0.73334		grating		ty+	0.03	-108	31	594	24
4.15	4.50	 7	0.73334		grating		tz+	0.03	-108	31	464	19
4.15	4.50	 7	0.75953		grating		dx+	3.00	-104	 6	 0	 0
4.15	4.50	 7	0.75953		grating		dy+	3.00	-104	 6	 0	 0
4.15	4.50	 7	0.75953		grating		dz+	3.00	-104	 6	 0	 0
4.15	4.50	 7	0.75953		grating		tx+	0.03	-104	 6	 2	478
4.15	4.50	 7	0.75953		grating		ty+	0.03	-104	 6	584	31
4.15	4.50	 7	0.75953		grating		tz+	0.03	-104	 6	477	25
4.15	4.50	 7	0.78573		grating		dx+	3.00	-101	-20	 0	 0
4.15	4.50	 7	0.78573		grating		dy+	3.00	-101	-20	 0	 0
4.15	4.50	 7	0.78573		grating		dz+	3.00	-101	-20	 0	 0
4.15	4.50	 7	0.78573		grating		tx+	0.03	-101	-20	24	479
4.15	4.50	 7	0.78573		grating		ty+	0.03	-101	-20	575	37
4.15	4.50	 7	0.78573		grating		tz+	0.03	-101	-20	492	32
4.15	4.50	 7	0.81595		grating		dx+	3.00	-99	-51	 0	 0
4.15	4.50	 7	0.81595		grating		dy+	3.00	-99	-51	 0	 0
4.15	4.50	 7	0.81595		grating		dz+	3.00	-99	-51	 0	 0
4.15	4.50	 7	0.81595		grating		tx+	0.03	-99	-51	48	482
4.15	4.50	 7	0.81595		grating		ty+	0.03	-99	-51	566	44
4.15	4.50	 7	0.81595		grating		tz+	0.03	-99	-51	510	39
4.15	4.50	 7	0.84617		grating		dx+	3.00	-98	-82	 0	 0
4.15	4.50	 7	0.84617		grating		dy+	3.00	-98	-82	 0	 0
4.15	4.50	 7	0.84617		grating		dz+	3.00	-98	-82	 0	 0
4.15	4.50	 7	0.84617		grating		tx+	0.03	-98	-82	73	488
4.15	4.50	 7	0.84617		grating		ty+	0.03	-98	-82	558	49
4.15	4.50	 7	0.84617		grating		tz+	0.03	-98	-82	531	47
4.15	4.50	 6	0.84617		grating		dx+	3.00	-107	39	 0	 0
4.15	4.50	 6	0.84617		grating		dy+	3.00	-107	39	 0	 0
4.15	4.50	 6	0.84617		grating		dz+	3.00	-107	39	 0	 0
4.15	4.50	 6	0.84617		grating		tx+	0.03	-107	39	-25	481
4.15	4.50	 6	0.84617		grating		ty+	0.03	-107	39	595	22
4.15	4.50	 6	0.84617		grating		tz+	0.03	-107	39	458	17
4.15	4.50	 6	0.88142		grating		dx+	3.00	-102	10	 0	 0
4.15	4.50	 6	0.88142		grating		dy+	3.00	-102	10	 0	 0
4.15	4.50	 6	0.88142		grating		dz+	3.00	-102	10	 0	 0
4.15	4.50	 6	0.88142		grating		tx+	0.03	-102	10	 0	478
4.15	4.50	 6	0.88142		grating		ty+	0.03	-102	10	584	30
4.15	4.50	 6	0.88142		grating		tz+	0.03	-102	10	473	24
4.15	4.50	 6	0.91668		grating		dx+	3.00	-99	-20	 0	 0
4.15	4.50	 6	0.91668		grating		dy+	3.00	-99	-20	 0	 0
4.15	4.50	 6	0.91668		grating		dz+	3.00	-99	-20	 0	 0
4.15	4.50	 6	0.91668		grating		tx+	0.03	-99	-20	24	479
4.15	4.50	 6	0.91668		grating		ty+	0.03	-99	-20	573	37
4.15	4.50	 6	0.91668		grating		tz+	0.03	-99	-20	489	32
4.15	4.50	 6	0.95835		grating		dx+	3.00	-97	-56	 0	 0
4.15	4.50	 6	0.95835		grating		dy+	3.00	-97	-56	 0	 0
4.15	4.50	 6	0.95835		grating		dz+	3.00	-97	-56	 0	 0
4.15	4.50	 6	0.95835		grating		tx+	0.03	-97	-56	53	483
4.15	4.50	 6	0.95835		grating		ty+	0.03	-97	-56	563	45
4.15	4.50	 6	0.95835		grating		tz+	0.03	-97	-56	512	41
4.15	4.50	 6	1.00000		grating		dx+	3.00	-96	-93	 0	 0
4.15	4.50	 6	1.00000		grating		dy+	3.00	-96	-93	 0	 0
4.15	4.50	 6	1.00000		grating		dz+	3.00	-96	-93	 0	 0
4.15	4.50	 6	1.00000		grating		tx+	0.03	-96	-93	81	491
4.15	4.50	 6	1.00000		grating		ty+	0.03	-96	-93	554	51
4.15	4.50	 6	1.00000		grating		tz+	0.03	-96	-93	537	49
2.08	4.50	 9	0.57896		grating		dx+	3.00	-60	33	 0	 0
2.08	4.50	 9	0.57896		grating		dy+	3.00	-60	33	 0	 0
2.08	4.50	 9	0.57896		grating		dz+	3.00	-60	33	 0	 0
2.08	4.50	 9	0.57896		grating		tx+	0.03	-60	33	-18	488
2.08	4.50	 9	0.57896		grating		ty+	0.03	-60	33	565	22
2.08	4.50	 9	0.57896		grating		tz+	0.03	-60	33	432	17
2.08	4.50	 9	0.59504		grating		dx+	3.00	-57	14	 0	 0
2.08	4.50	 9	0.59504		grating		dy+	3.00	-57	14	 0	 0
2.08	4.50	 9	0.59504		grating		dz+	3.00	-57	14	 0	 0
2.08	4.50	 9	0.59504		grating		tx+	0.03	-57	14	-3	487
2.08	4.50	 9	0.59504		grating		ty+	0.03	-57	14	558	26
2.08	4.50	 9	0.59504		grating		tz+	0.03	-57	14	441	20
2.08	4.50	 9	0.61112		grating		dx+	3.00	-54	-6	 0	 0
2.08	4.50	 9	0.61112		grating		dy+	3.00	-54	-6	 0	 0
2.08	4.50	 9	0.61112		grating		dz+	3.00	-54	-6	 0	 0
2.08	4.50	 9	0.61112		grating		tx+	0.03	-54	-6	11	487
2.08	4.50	 9	0.61112		grating		ty+	0.03	-54	-6	551	29
2.08	4.50	 9	0.61112		grating		tz+	0.03	-54	-6	451	24
2.08	4.50	 9	0.62909		grating		dx+	3.00	-52	-29	 0	 0
2.08	4.50	 9	0.62909		grating		dy+	3.00	-52	-29	 0	 0
2.08	4.50	 9	0.62909		grating		dz+	3.00	-52	-29	 0	 0
2.08	4.50	 9	0.62909		grating		tx+	0.03	-52	-29	27	489
2.08	4.50	 9	0.62909		grating		ty+	0.03	-52	-29	545	33
2.08	4.50	 9	0.62909		grating		tz+	0.03	-52	-29	464	28
2.08	4.50	 9	0.64707		grating		dx+	3.00	-50	-52	 0	 0
2.08	4.50	 9	0.64707		grating		dy+	3.00	-50	-52	 0	 0
2.08	4.50	 9	0.64707		grating		dz+	3.00	-50	-52	 0	 0
2.08	4.50	 9	0.64707		grating		tx+	0.03	-50	-52	44	493
2.08	4.50	 9	0.64707		grating		ty+	0.03	-50	-52	539	37
2.08	4.50	 9	0.64707		grating		tz+	0.03	-50	-52	478	32
2.08	4.50	 8	0.64707		grating		dx+	3.00	-58	38	 0	 0
2.08	4.50	 8	0.64707		grating		dy+	3.00	-58	38	 0	 0
2.08	4.50	 8	0.64707		grating		dz+	3.00	-58	38	 0	 0
2.08	4.50	 8	0.64707		grating		tx+	0.03	-58	38	-22	489
2.08	4.50	 8	0.64707		grating		ty+	0.03	-58	38	565	22
2.08	4.50	 8	0.64707		grating		tz+	0.03	-58	38	428	16
2.08	4.50	 8	0.66729		grating		dx+	3.00	-55	16	 0	 0
2.08	4.50	 8	0.66729		grating		dy+	3.00	-55	16	 0	 0
2.08	4.50	 8	0.66729		grating		dz+	3.00	-55	16	 0	 0
2.08	4.50	 8	0.66729		grating		tx+	0.03	-55	16	-5	487
2.08	4.50	 8	0.66729		grating		ty+	0.03	-55	16	557	26
2.08	4.50	 8	0.66729		grating		tz+	0.03	-55	16	438	20
2.08	4.50	 8	0.68751		grating		dx+	3.00	-52	-6	 0	 0
2.08	4.50	 8	0.68751		grating		dy+	3.00	-52	-6	 0	 0
2.08	4.50	 8	0.68751		grating		dz+	3.00	-52	-6	 0	 0
2.08	4.50	 8	0.68751		grating		tx+	0.03	-52	-6	11	487
2.08	4.50	 8	0.68751		grating		ty+	0.03	-52	-6	549	30
2.08	4.50	 8	0.68751		grating		tz+	0.03	-52	-6	449	24
2.08	4.50	 8	0.71043		grating		dx+	3.00	-49	-32	 0	 0
2.08	4.50	 8	0.71043		grating		dy+	3.00	-49	-32	 0	 0
2.08	4.50	 8	0.71043		grating		dz+	3.00	-49	-32	 0	 0
2.08	4.50	 8	0.71043		grating		tx+	0.03	-49	-32	30	489
2.08	4.50	 8	0.71043		grating		ty+	0.03	-49	-32	542	34
2.08	4.50	 8	0.71043		grating		tz+	0.03	-49	-32	464	29
2.08	4.50	 8	0.73344		grating		dx+	3.00	-48	-58	 0	 0
2.08	4.50	 8	0.73344		grating		dy+	3.00	-48	-58	 0	 0
2.08	4.50	 8	0.73344		grating		dz+	3.00	-48	-58	 0	 0
2.08	4.50	 8	0.73344		grating		tx+	0.03	-48	-58	48	494
2.08	4.50	 8	0.73344		grating		ty+	0.03	-48	-58	537	37
2.08	4.50	 8	0.73344		grating		tz+	0.03	-48	-58	480	33
2.08	4.50	 7	0.73334		grating		dx+	3.00	-57	44	 0	 0
2.08	4.50	 7	0.73334		grating		dy+	3.00	-57	44	 0	 0
2.08	4.50	 7	0.73334		grating		dz+	3.00	-57	44	 0	 0
2.08	4.50	 7	0.73334		grating		tx+	0.03	-57	44	-26	490
2.08	4.50	 7	0.73334		grating		ty+	0.03	-57	44	565	21
2.08	4.50	 7	0.73334		grating		tz+	0.03	-57	44	423	16
2.08	4.50	 7	0.75953		grating		dx+	3.00	-53	19	 0	 0
2.08	4.50	 7	0.75953		grating		dy+	3.00	-53	19	 0	 0
2.08	4.50	 7	0.75953		grating		dz+	3.00	-53	19	 0	 0
2.08	4.50	 7	0.75953		grating		tx+	0.03	-53	19	-7	487
2.08	4.50	 7	0.75953		grating		ty+	0.03	-53	19	556	26
2.08	4.50	 7	0.75953		grating		tz+	0.03	-53	19	435	20
2.08	4.50	 7	0.78573		grating		dx+	3.00	-49	-6	 0	 0
2.08	4.50	 7	0.78573		grating		dy+	3.00	-49	-6	 0	 0
2.08	4.50	 7	0.78573		grating		dz+	3.00	-49	-6	 0	 0
2.08	4.50	 7	0.78573		grating		tx+	0.03	-49	-6	11	487
2.08	4.50	 7	0.78573		grating		ty+	0.03	-49	-6	548	30
2.08	4.50	 7	0.78573		grating		tz+	0.03	-49	-6	448	24
2.08	4.50	 7	0.81595		grating		dx+	3.00	-47	-36	 0	 0
2.08	4.50	 7	0.81595		grating		dy+	3.00	-47	-36	 0	 0
2.08	4.50	 7	0.81595		grating		dz+	3.00	-47	-36	 0	 0
2.08	4.50	 7	0.81595		grating		tx+	0.03	-47	-36	32	490
2.08	4.50	 7	0.81595		grating		ty+	0.03	-47	-36	540	34
2.08	4.50	 7	0.81595		grating		tz+	0.03	-47	-36	465	29
2.08	4.50	 7	0.84617		grating		dx+	3.00	-46	-66	 0	 0
2.08	4.50	 7	0.84617		grating		dy+	3.00	-46	-66	 0	 0
2.08	4.50	 7	0.84617		grating		dz+	3.00	-46	-66	 0	 0
2.08	4.50	 7	0.84617		grating		tx+	0.03	-46	-66	54	496
2.08	4.50	 7	0.84617		grating		ty+	0.03	-46	-66	534	39
2.08	4.50	 7	0.84617		grating		tz+	0.03	-46	-66	484	35
2.08	4.50	 6	0.84617		grating		dx+	3.00	-56	52	 0	 0
2.08	4.50	 6	0.84617		grating		dy+	3.00	-56	52	 0	 0
2.08	4.50	 6	0.84617		grating		dz+	3.00	-56	52	 0	 0
2.08	4.50	 6	0.84617		grating		tx+	0.03	-56	52	-31	491
2.08	4.50	 6	0.84617		grating		ty+	0.03	-56	52	567	20
2.08	4.50	 6	0.84617		grating		tz+	0.03	-56	52	418	15
2.08	4.50	 6	0.88142		grating		dx+	3.00	-51	23	 0	 0
2.08	4.50	 6	0.88142		grating		dy+	3.00	-51	23	 0	 0
2.08	4.50	 6	0.88142		grating		dz+	3.00	-51	23	 0	 0
2.08	4.50	 6	0.88142		grating		tx+	0.03	-51	23	-10	487
2.08	4.50	 6	0.88142		grating		ty+	0.03	-51	23	556	25
2.08	4.50	 6	0.88142		grating		tz+	0.03	-51	23	431	20
2.08	4.50	 6	0.91668		grating		dx+	3.00	-48	-6	 0	 0
2.08	4.50	 6	0.91668		grating		dy+	3.00	-48	-6	 0	 0
2.08	4.50	 6	0.91668		grating		dz+	3.00	-48	-6	 0	 0
2.08	4.50	 6	0.91668		grating		tx+	0.03	-48	-6	11	487
2.08	4.50	 6	0.91668		grating		ty+	0.03	-48	-6	547	30
2.08	4.50	 6	0.91668		grating		tz+	0.03	-48	-6	446	24
2.08	4.50	 6	0.95835		grating		dx+	3.00	-45	-41	 0	 0
2.08	4.50	 6	0.95835		grating		dy+	3.00	-45	-41	 0	 0
2.08	4.50	 6	0.95835		grating		dz+	3.00	-45	-41	 0	 0
2.08	4.50	 6	0.95835		grating		tx+	0.03	-45	-41	36	491
2.08	4.50	 6	0.95835		grating		ty+	0.03	-45	-41	538	35
2.08	4.50	 6	0.95835		grating		tz+	0.03	-45	-41	467	30
2.08	4.50	 6	1.00000		grating		dx+	3.00	-44	-77	 0	 0
2.08	4.50	 6	1.00000		grating		dy+	3.00	-44	-77	 0	 0
2.08	4.50	 6	1.00000		grating		dz+	3.00	-44	-77	 0	 0
2.08	4.50	 6	1.00000		grating		tx+	0.03	-44	-77	61	500
2.08	4.50	 6	1.00000		grating		ty+	0.03	-44	-77	531	40
2.08	4.50	 6	1.00000		grating		tz+	0.03	-44	-77	490	37
0.00	4.50	 9	0.57896		grating		dx+	3.00	-12	43	 0	 0
0.00	4.50	 9	0.57896		grating		dy+	3.00	-12	43	 0	 0
0.00	4.50	 9	0.57896		grating		dz+	3.00	-12	43	 0	 0
0.00	4.50	 9	0.57896		grating		tx+	0.03	-12	43	-22	497
0.00	4.50	 9	0.57896		grating		ty+	0.03	-12	43	545	19
0.00	4.50	 9	0.57896		grating		tz+	0.03	-12	43	403	14
0.00	4.50	 9	0.59504		grating		dx+	3.00	-9	23	 0	 0
0.00	4.50	 9	0.59504		grating		dy+	3.00	-9	23	 0	 0
0.00	4.50	 9	0.59504		grating		dz+	3.00	-9	23	 0	 0
0.00	4.50	 9	0.59504		grating		tx+	0.03	-9	23	-9	496
0.00	4.50	 9	0.59504		grating		ty+	0.03	-9	23	539	21
0.00	4.50	 9	0.59504		grating		tz+	0.03	-9	23	412	16
0.00	4.50	 9	0.61112		grating		dx+	3.00	-6	 4	 0	 0
0.00	4.50	 9	0.61112		grating		dy+	3.00	-6	 4	 0	 0
0.00	4.50	 9	0.61112		grating		dz+	3.00	-6	 4	 0	 0
0.00	4.50	 9	0.61112		grating		tx+	0.03	-6	 4	 3	495
0.00	4.50	 9	0.61112		grating		ty+	0.03	-6	 4	533	23
0.00	4.50	 9	0.61112		grating		tz+	0.03	-6	 4	422	18
0.00	4.50	 9	0.62909		grating		dx+	3.00	-3	-19	 0	 0
0.00	4.50	 9	0.62909		grating		dy+	3.00	-3	-19	 0	 0
0.00	4.50	 9	0.62909		grating		dz+	3.00	-3	-19	 0	 0
0.00	4.50	 9	0.62909		grating		tx+	0.03	-3	-19	17	497
0.00	4.50	 9	0.62909		grating		ty+	0.03	-3	-19	527	24
0.00	4.50	 9	0.62909		grating		tz+	0.03	-3	-19	433	20
0.00	4.50	 9	0.64707		grating		dx+	3.00	-2	-41	 0	 0
0.00	4.50	 9	0.64707		grating		dy+	3.00	-2	-41	 0	 0
0.00	4.50	 9	0.64707		grating		dz+	3.00	-2	-41	 0	 0
0.00	4.50	 9	0.64707		grating		tx+	0.03	-2	-41	32	501
0.00	4.50	 9	0.64707		grating		ty+	0.03	-2	-41	522	26
0.00	4.50	 9	0.64707		grating		tz+	0.03	-2	-41	446	22
0.00	4.50	 8	0.64707		grating		dx+	3.00	-10	48	 0	 0
0.00	4.50	 8	0.64707		grating		dy+	3.00	-10	48	 0	 0
0.00	4.50	 8	0.64707		grating		dz+	3.00	-10	48	 0	 0
0.00	4.50	 8	0.64707		grating		tx+	0.03	-10	48	-25	498
0.00	4.50	 8	0.64707		grating		ty+	0.03	-10	48	546	19
0.00	4.50	 8	0.64707		grating		tz+	0.03	-10	48	400	14
0.00	4.50	 8	0.66729		grating		dx+	3.00	-7	26	 0	 0
0.00	4.50	 8	0.66729		grating		dy+	3.00	-7	26	 0	 0
0.00	4.50	 8	0.66729		grating		dz+	3.00	-7	26	 0	 0
0.00	4.50	 8	0.66729		grating		tx+	0.03	-7	26	-10	496
0.00	4.50	 8	0.66729		grating		ty+	0.03	-7	26	538	21
0.00	4.50	 8	0.66729		grating		tz+	0.03	-7	26	410	16
0.00	4.50	 8	0.68751		grating		dx+	3.00	-4	 4	 0	 0
0.00	4.50	 8	0.68751		grating		dy+	3.00	-4	 4	 0	 0
0.00	4.50	 8	0.68751		grating		dz+	3.00	-4	 4	 0	 0
0.00	4.50	 8	0.68751		grating		tx+	0.03	-4	 4	 3	496
0.00	4.50	 8	0.68751		grating		ty+	0.03	-4	 4	532	23
0.00	4.50	 8	0.68751		grating		tz+	0.03	-4	 4	421	18
0.00	4.50	 8	0.71043		grating		dx+	3.00	-1	-22	 0	 0
0.00	4.50	 8	0.71043		grating		dy+	3.00	-1	-22	 0	 0
0.00	4.50	 8	0.71043		grating		dz+	3.00	-1	-22	 0	 0
0.00	4.50	 8	0.71043		grating		tx+	0.03	-1	-22	19	498
0.00	4.50	 8	0.71043		grating		ty+	0.03	-1	-22	526	25
0.00	4.50	 8	0.71043		grating		tz+	0.03	-1	-22	434	20
0.00	4.50	 8	0.73344		grating		dx+	3.00	 1	-47	 0	 0
0.00	4.50	 8	0.73344		grating		dy+	3.00	 1	-47	 0	 0
0.00	4.50	 8	0.73344		grating		dz+	3.00	 1	-47	 0	 0
0.00	4.50	 8	0.73344		grating		tx+	0.03	 1	-47	35	502
0.00	4.50	 8	0.73344		grating		ty+	0.03	 1	-47	520	26
0.00	4.50	 8	0.73344		grating		tz+	0.03	 1	-47	449	23
0.00	4.50	 7	0.73334		grating		dx+	3.00	-9	53	 0	 0
0.00	4.50	 7	0.73334		grating		dy+	3.00	-9	53	 0	 0
0.00	4.50	 7	0.73334		grating		dz+	3.00	-9	53	 0	 0
0.00	4.50	 7	0.73334		grating		tx+	0.03	-9	53	-28	499
0.00	4.50	 7	0.73334		grating		ty+	0.03	-9	53	547	19
0.00	4.50	 7	0.73334		grating		tz+	0.03	-9	53	396	13
0.00	4.50	 7	0.75953		grating		dx+	3.00	-5	29	 0	 0
0.00	4.50	 7	0.75953		grating		dy+	3.00	-5	29	 0	 0
0.00	4.50	 7	0.75953		grating		dz+	3.00	-5	29	 0	 0
0.00	4.50	 7	0.75953		grating		tx+	0.03	-5	29	-12	496
0.00	4.50	 7	0.75953		grating		ty+	0.03	-5	29	538	21
0.00	4.50	 7	0.75953		grating		tz+	0.03	-5	29	407	16
0.00	4.50	 7	0.78573		grating		dx+	3.00	-2	 4	 0	 0
0.00	4.50	 7	0.78573		grating		dy+	3.00	-2	 4	 0	 0
0.00	4.50	 7	0.78573		grating		dz+	3.00	-2	 4	 0	 0
0.00	4.50	 7	0.78573		grating		tx+	0.03	-2	 4	 3	496
0.00	4.50	 7	0.78573		grating		ty+	0.03	-2	 4	531	23
0.00	4.50	 7	0.78573		grating		tz+	0.03	-2	 4	420	18
0.00	4.50	 7	0.81595		grating		dx+	3.00	 1	-26	 0	 0
0.00	4.50	 7	0.81595		grating		dy+	3.00	 1	-26	 0	 0
0.00	4.50	 7	0.81595		grating		dz+	3.00	 1	-26	 0	 0
0.00	4.50	 7	0.81595		grating		tx+	0.03	 1	-26	21	498
0.00	4.50	 7	0.81595		grating		ty+	0.03	 1	-26	524	25
0.00	4.50	 7	0.81595		grating		tz+	0.03	 1	-26	435	21
0.00	4.50	 7	0.84617		grating		dx+	3.00	 3	-55	 0	 0
0.00	4.50	 7	0.84617		grating		dy+	3.00	 3	-55	 0	 0
0.00	4.50	 7	0.84617		grating		dz+	3.00	 3	-55	 0	 0
0.00	4.50	 7	0.84617		grating		tx+	0.03	 3	-55	40	504
0.00	4.50	 7	0.84617		grating		ty+	0.03	 3	-55	518	27
0.00	4.50	 7	0.84617		grating		tz+	0.03	 3	-55	453	23
0.00	4.50	 6	0.84617		grating		dx+	3.00	-8	61	 0	 0
0.00	4.50	 6	0.84617		grating		dy+	3.00	-8	61	 0	 0
0.00	4.50	 6	0.84617		grating		dz+	3.00	-8	61	 0	 0
0.00	4.50	 6	0.84617		grating		tx+	0.03	-8	61	-33	500
0.00	4.50	 6	0.84617		grating		ty+	0.03	-8	61	548	18
0.00	4.50	 6	0.84617		grating		tz+	0.03	-8	61	392	13
0.00	4.50	 6	0.88142		grating		dx+	3.00	-4	32	 0	 0
0.00	4.50	 6	0.88142		grating		dy+	3.00	-4	32	 0	 0
0.00	4.50	 6	0.88142		grating		dz+	3.00	-4	32	 0	 0
0.00	4.50	 6	0.88142		grating		tx+	0.03	-4	32	-14	497
0.00	4.50	 6	0.88142		grating		ty+	0.03	-4	32	539	21
0.00	4.50	 6	0.88142		grating		tz+	0.03	-4	32	405	16
0.00	4.50	 6	0.91668		grating		dx+	3.00	 0	 4	 0	 0
0.00	4.50	 6	0.91668		grating		dy+	3.00	 0	 4	 0	 0
0.00	4.50	 6	0.91668		grating		dz+	3.00	 0	 4	 0	 0
0.00	4.50	 6	0.91668		grating		tx+	0.03	 0	 4	 3	496
0.00	4.50	 6	0.91668		grating		ty+	0.03	 0	 4	530	23
0.00	4.50	 6	0.91668		grating		tz+	0.03	 0	 4	419	18
0.00	4.50	 6	0.95835		grating		dx+	3.00	 3	-31	 0	 0
0.00	4.50	 6	0.95835		grating		dy+	3.00	 3	-31	 0	 0
0.00	4.50	 6	0.95835		grating		dz+	3.00	 3	-31	 0	 0
0.00	4.50	 6	0.95835		grating		tx+	0.03	 3	-31	25	499
0.00	4.50	 6	0.95835		grating		ty+	0.03	 3	-31	522	26
0.00	4.50	 6	0.95835		grating		tz+	0.03	 3	-31	438	21
0.00	4.50	 6	1.00000		grating		dx+	3.00	 5	-66	 0	 0
0.00	4.50	 6	1.00000		grating		dy+	3.00	 5	-66	 0	 0
0.00	4.50	 6	1.00000		grating		dz+	3.00	 5	-66	 0	 0
0.00	4.50	 6	1.00000		grating		tx+	0.03	 5	-66	47	507
0.00	4.50	 6	1.00000		grating		ty+	0.03	 5	-66	516	28
0.00	4.50	 6	1.00000		grating		tz+	0.03	 5	-66	459	24
-2.08	4.50	 9	0.57896		grating		dx+	3.00	34	49	 0	 0
-2.08	4.50	 9	0.57896		grating		dy+	3.00	34	49	 0	 0
-2.08	4.50	 9	0.57896		grating		dz+	3.00	34	49	 0	 0
-2.08	4.50	 9	0.57896		grating		tx+	0.03	34	49	-23	507
-2.08	4.50	 9	0.57896		grating		ty+	0.03	34	49	535	15
-2.08	4.50	 9	0.57896		grating		tz+	0.03	34	49	386	11
-2.08	4.50	 9	0.59504		grating		dx+	3.00	37	30	 0	 0
-2.08	4.50	 9	0.59504		grating		dy+	3.00	37	30	 0	 0
-2.08	4.50	 9	0.59504		grating		dz+	3.00	37	30	 0	 0
-2.08	4.50	 9	0.59504		grating		tx+	0.03	37	30	-11	505
-2.08	4.50	 9	0.59504		grating		ty+	0.03	37	30	530	16
-2.08	4.50	 9	0.59504		grating		tz+	0.03	37	30	395	12
-2.08	4.50	 9	0.61112		grating		dx+	3.00	39	10	 0	 0
-2.08	4.50	 9	0.61112		grating		dy+	3.00	39	10	 0	 0
-2.08	4.50	 9	0.61112		grating		dz+	3.00	39	10	 0	 0
-2.08	4.50	 9	0.61112		grating		tx+	0.03	39	10	 0	505
-2.08	4.50	 9	0.61112		grating		ty+	0.03	39	10	525	16
-2.08	4.50	 9	0.61112		grating		tz+	0.03	39	10	404	12
-2.08	4.50	 9	0.62909		grating		dx+	3.00	42	-12	 0	 0
-2.08	4.50	 9	0.62909		grating		dy+	3.00	42	-12	 0	 0
-2.08	4.50	 9	0.62909		grating		dz+	3.00	42	-12	 0	 0
-2.08	4.50	 9	0.62909		grating		tx+	0.03	42	-12	11	506
-2.08	4.50	 9	0.62909		grating		ty+	0.03	42	-12	520	16
-2.08	4.50	 9	0.62909		grating		tz+	0.03	42	-12	416	13
-2.08	4.50	 9	0.64707		grating		dx+	3.00	44	-34	 0	 0
-2.08	4.50	 9	0.64707		grating		dy+	3.00	44	-34	 0	 0
-2.08	4.50	 9	0.64707		grating		dz+	3.00	44	-34	 0	 0
-2.08	4.50	 9	0.64707		grating		tx+	0.03	44	-34	24	510
-2.08	4.50	 9	0.64707		grating		ty+	0.03	44	-34	515	16
-2.08	4.50	 9	0.64707		grating		tz+	0.03	44	-34	428	13
-2.08	4.50	 8	0.64707		grating		dx+	3.00	35	54	 0	 0
-2.08	4.50	 8	0.64707		grating		dy+	3.00	35	54	 0	 0
-2.08	4.50	 8	0.64707		grating		dz+	3.00	35	54	 0	 0
-2.08	4.50	 8	0.64707		grating		tx+	0.03	35	54	-25	507
-2.08	4.50	 8	0.64707		grating		ty+	0.03	35	54	536	16
-2.08	4.50	 8	0.64707		grating		tz+	0.03	35	54	383	11
-2.08	4.50	 8	0.66729		grating		dx+	3.00	39	32	 0	 0
-2.08	4.50	 8	0.66729		grating		dy+	3.00	39	32	 0	 0
-2.08	4.50	 8	0.66729		grating		dz+	3.00	39	32	 0	 0
-2.08	4.50	 8	0.66729		grating		tx+	0.03	39	32	-12	505
-2.08	4.50	 8	0.66729		grating		ty+	0.03	39	32	530	16
-2.08	4.50	 8	0.66729		grating		tz+	0.03	39	32	393	12
-2.08	4.50	 8	0.68751		grating		dx+	3.00	42	10	 0	 0
-2.08	4.50	 8	0.68751		grating		dy+	3.00	42	10	 0	 0
-2.08	4.50	 8	0.68751		grating		dz+	3.00	42	10	 0	 0
-2.08	4.50	 8	0.68751		grating		tx+	0.03	42	10	 0	505
-2.08	4.50	 8	0.68751		grating		ty+	0.03	42	10	524	16
-2.08	4.50	 8	0.68751		grating		tz+	0.03	42	10	404	12
-2.08	4.50	 8	0.71043		grating		dx+	3.00	44	-15	 0	 0
-2.08	4.50	 8	0.71043		grating		dy+	3.00	44	-15	 0	 0
-2.08	4.50	 8	0.71043		grating		dz+	3.00	44	-15	 0	 0
-2.08	4.50	 8	0.71043		grating		tx+	0.03	44	-15	13	507
-2.08	4.50	 8	0.71043		grating		ty+	0.03	44	-15	518	16
-2.08	4.50	 8	0.71043		grating		tz+	0.03	44	-15	417	13
-2.08	4.50	 8	0.73344		grating		dx+	3.00	46	-41	 0	 0
-2.08	4.50	 8	0.73344		grating		dy+	3.00	46	-41	 0	 0
-2.08	4.50	 8	0.73344		grating		dz+	3.00	46	-41	 0	 0
-2.08	4.50	 8	0.73344		grating		tx+	0.03	46	-41	27	511
-2.08	4.50	 8	0.73344		grating		ty+	0.03	46	-41	513	16
-2.08	4.50	 8	0.73344		grating		tz+	0.03	46	-41	431	13
-2.08	4.50	 7	0.73334		grating		dx+	3.00	37	59	 0	 0
-2.08	4.50	 7	0.73334		grating		dy+	3.00	37	59	 0	 0
-2.08	4.50	 7	0.73334		grating		dz+	3.00	37	59	 0	 0
-2.08	4.50	 7	0.73334		grating		tx+	0.03	37	59	-28	508
-2.08	4.50	 7	0.73334		grating		ty+	0.03	37	59	537	16
-2.08	4.50	 7	0.73334		grating		tz+	0.03	37	59	380	11
-2.08	4.50	 7	0.75953		grating		dx+	3.00	40	35	 0	 0
-2.08	4.50	 7	0.75953		grating		dy+	3.00	40	35	 0	 0
-2.08	4.50	 7	0.75953		grating		dz+	3.00	40	35	 0	 0
-2.08	4.50	 7	0.75953		grating		tx+	0.03	40	35	-14	506
-2.08	4.50	 7	0.75953		grating		ty+	0.03	40	35	530	16
-2.08	4.50	 7	0.75953		grating		tz+	0.03	40	35	391	12
-2.08	4.50	 7	0.78573		grating		dx+	3.00	44	10	 0	 0
-2.08	4.50	 7	0.78573		grating		dy+	3.00	44	10	 0	 0
-2.08	4.50	 7	0.78573		grating		dz+	3.00	44	10	 0	 0
-2.08	4.50	 7	0.78573		grating		tx+	0.03	44	10	 0	505
-2.08	4.50	 7	0.78573		grating		ty+	0.03	44	10	524	16
-2.08	4.50	 7	0.78573		grating		tz+	0.03	44	10	403	12
-2.08	4.50	 7	0.81595		grating		dx+	3.00	46	-19	 0	 0
-2.08	4.50	 7	0.81595		grating		dy+	3.00	46	-19	 0	 0
-2.08	4.50	 7	0.81595		grating		dz+	3.00	46	-19	 0	 0
-2.08	4.50	 7	0.81595		grating		tx+	0.03	46	-19	15	508
-2.08	4.50	 7	0.81595		grating		ty+	0.03	46	-19	517	16
-2.08	4.50	 7	0.81595		grating		tz+	0.03	46	-19	418	13
-2.08	4.50	 7	0.84617		grating		dx+	3.00	48	-48	 0	 0
-2.08	4.50	 7	0.84617		grating		dy+	3.00	48	-48	 0	 0
-2.08	4.50	 7	0.84617		grating		dz+	3.00	48	-48	 0	 0
-2.08	4.50	 7	0.84617		grating		tx+	0.03	48	-48	31	513
-2.08	4.50	 7	0.84617		grating		ty+	0.03	48	-48	511	16
-2.08	4.50	 7	0.84617		grating		tz+	0.03	48	-48	435	13
-2.08	4.50	 6	0.84617		grating		dx+	3.00	37	67	 0	 0
-2.08	4.50	 6	0.84617		grating		dy+	3.00	37	67	 0	 0
-2.08	4.50	 6	0.84617		grating		dz+	3.00	37	67	 0	 0
-2.08	4.50	 6	0.84617		grating		tx+	0.03	37	67	-32	510
-2.08	4.50	 6	0.84617		grating		ty+	0.03	37	67	539	16
-2.08	4.50	 6	0.84617		grating		tz+	0.03	37	67	376	11
-2.08	4.50	 6	0.88142		grating		dx+	3.00	42	39	 0	 0
-2.08	4.50	 6	0.88142		grating		dy+	3.00	42	39	 0	 0
-2.08	4.50	 6	0.88142		grating		dz+	3.00	42	39	 0	 0
-2.08	4.50	 6	0.88142		grating		tx+	0.03	42	39	-16	506
-2.08	4.50	 6	0.88142		grating		ty+	0.03	42	39	531	17
-2.08	4.50	 6	0.88142		grating		tz+	0.03	42	39	389	12
-2.08	4.50	 6	0.91668		grating		dx+	3.00	45	10	 0	 0
-2.08	4.50	 6	0.91668		grating		dy+	3.00	45	10	 0	 0
-2.08	4.50	 6	0.91668		grating		dz+	3.00	45	10	 0	 0
-2.08	4.50	 6	0.91668		grating		tx+	0.03	45	10	 0	506
-2.08	4.50	 6	0.91668		grating		ty+	0.03	45	10	523	17
-2.08	4.50	 6	0.91668		grating		tz+	0.03	45	10	403	13
-2.08	4.50	 6	0.95835		grating		dx+	3.00	48	-24	 0	 0
-2.08	4.50	 6	0.95835		grating		dy+	3.00	48	-24	 0	 0
-2.08	4.50	 6	0.95835		grating		dz+	3.00	48	-24	 0	 0
-2.08	4.50	 6	0.95835		grating		tx+	0.03	48	-24	18	509
-2.08	4.50	 6	0.95835		grating		ty+	0.03	48	-24	516	16
-2.08	4.50	 6	0.95835		grating		tz+	0.03	48	-24	421	13
-2.08	4.50	 6	1.00000		grating		dx+	3.00	51	-59	 0	 0
-2.08	4.50	 6	1.00000		grating		dy+	3.00	51	-59	 0	 0
-2.08	4.50	 6	1.00000		grating		dz+	3.00	51	-59	 0	 0
-2.08	4.50	 6	1.00000		grating		tx+	0.03	51	-59	37	516
-2.08	4.50	 6	1.00000		grating		ty+	0.03	51	-59	509	16
-2.08	4.50	 6	1.00000		grating		tz+	0.03	51	-59	440	13
-4.15	4.50	 9	0.57896		grating		dx+	3.00	78	52	 0	 0
-4.15	4.50	 9	0.57896		grating		dy+	3.00	78	52	 0	 0
-4.15	4.50	 9	0.57896		grating		dz+	3.00	78	52	 0	 0
-4.15	4.50	 9	0.57896		grating		tx+	0.03	78	52	-22	516
-4.15	4.50	 9	0.57896		grating		ty+	0.03	78	52	532	10
-4.15	4.50	 9	0.57896		grating		tz+	0.03	78	52	376	 7
-4.15	4.50	 9	0.59504		grating		dx+	3.00	81	33	 0	 0
-4.15	4.50	 9	0.59504		grating		dy+	3.00	81	33	 0	 0
-4.15	4.50	 9	0.59504		grating		dz+	3.00	81	33	 0	 0
-4.15	4.50	 9	0.59504		grating		tx+	0.03	81	33	-11	515
-4.15	4.50	 9	0.59504		grating		ty+	0.03	81	33	527	10
-4.15	4.50	 9	0.59504		grating		tz+	0.03	81	33	385	 7
-4.15	4.50	 9	0.61112		grating		dx+	3.00	83	13	 0	 0
-4.15	4.50	 9	0.61112		grating		dy+	3.00	83	13	 0	 0
-4.15	4.50	 9	0.61112		grating		dz+	3.00	83	13	 0	 0
-4.15	4.50	 9	0.61112		grating		tx+	0.03	83	13	-1	515
-4.15	4.50	 9	0.61112		grating		ty+	0.03	83	13	523	 9
-4.15	4.50	 9	0.61112		grating		tz+	0.03	83	13	395	 6
-4.15	4.50	 9	0.62909		grating		dx+	3.00	86	-9	 0	 0
-4.15	4.50	 9	0.62909		grating		dy+	3.00	86	-9	 0	 0
-4.15	4.50	 9	0.62909		grating		dz+	3.00	86	-9	 0	 0
-4.15	4.50	 9	0.62909		grating		tx+	0.03	86	-9	 8	516
-4.15	4.50	 9	0.62909		grating		ty+	0.03	86	-9	518	 7
-4.15	4.50	 9	0.62909		grating		tz+	0.03	86	-9	406	 6
-4.15	4.50	 9	0.64707		grating		dx+	3.00	88	-31	 0	 0
-4.15	4.50	 9	0.64707		grating		dy+	3.00	88	-31	 0	 0
-4.15	4.50	 9	0.64707		grating		dz+	3.00	88	-31	 0	 0
-4.15	4.50	 9	0.64707		grating		tx+	0.03	88	-31	20	520
-4.15	4.50	 9	0.64707		grating		ty+	0.03	88	-31	513	 6
-4.15	4.50	 9	0.64707		grating		tz+	0.03	88	-31	418	 5
-4.15	4.50	 8	0.64707		grating		dx+	3.00	79	57	 0	 0
-4.15	4.50	 8	0.64707		grating		dy+	3.00	79	57	 0	 0
-4.15	4.50	 8	0.64707		grating		dz+	3.00	79	57	 0	 0
-4.15	4.50	 8	0.64707		grating		tx+	0.03	79	57	-24	516
-4.15	4.50	 8	0.64707		grating		ty+	0.03	79	57	533	11
-4.15	4.50	 8	0.64707		grating		tz+	0.03	79	57	373	 7
-4.15	4.50	 8	0.66729		grating		dx+	3.00	82	35	 0	 0
-4.15	4.50	 8	0.66729		grating		dy+	3.00	82	35	 0	 0
-4.15	4.50	 8	0.66729		grating		dz+	3.00	82	35	 0	 0
-4.15	4.50	 8	0.66729		grating		tx+	0.03	82	35	-12	515
-4.15	4.50	 8	0.66729		grating		ty+	0.03	82	35	528	10
-4.15	4.50	 8	0.66729		grating		tz+	0.03	82	35	384	 7
-4.15	4.50	 8	0.68751		grating		dx+	3.00	85	13	 0	 0
-4.15	4.50	 8	0.68751		grating		dy+	3.00	85	13	 0	 0
-4.15	4.50	 8	0.68751		grating		dz+	3.00	85	13	 0	 0
-4.15	4.50	 8	0.68751		grating		tx+	0.03	85	13	-1	515
-4.15	4.50	 8	0.68751		grating		ty+	0.03	85	13	523	 9
-4.15	4.50	 8	0.68751		grating		tz+	0.03	85	13	395	 6
-4.15	4.50	 8	0.71043		grating		dx+	3.00	88	-12	 0	 0
-4.15	4.50	 8	0.71043		grating		dy+	3.00	88	-12	 0	 0
-4.15	4.50	 8	0.71043		grating		dz+	3.00	88	-12	 0	 0
-4.15	4.50	 8	0.71043		grating		tx+	0.03	88	-12	10	517
-4.15	4.50	 8	0.71043		grating		ty+	0.03	88	-12	517	 7
-4.15	4.50	 8	0.71043		grating		tz+	0.03	88	-12	407	 6
-4.15	4.50	 8	0.73344		grating		dx+	3.00	90	-38	 0	 0
-4.15	4.50	 8	0.73344		grating		dy+	3.00	90	-38	 0	 0
-4.15	4.50	 8	0.73344		grating		dz+	3.00	90	-38	 0	 0
-4.15	4.50	 8	0.73344		grating		tx+	0.03	90	-38	23	521
-4.15	4.50	 8	0.73344		grating		ty+	0.03	90	-38	512	 6
-4.15	4.50	 8	0.73344		grating		tz+	0.03	90	-38	421	 4
-4.15	4.50	 7	0.73334		grating		dx+	3.00	80	63	 0	 0
-4.15	4.50	 7	0.73334		grating		dy+	3.00	80	63	 0	 0
-4.15	4.50	 7	0.73334		grating		dz+	3.00	80	63	 0	 0
-4.15	4.50	 7	0.73334		grating		tx+	0.03	80	63	-27	517
-4.15	4.50	 7	0.73334		grating		ty+	0.03	80	63	534	11
-4.15	4.50	 7	0.73334		grating		tz+	0.03	80	63	370	 8
-4.15	4.50	 7	0.75953		grating		dx+	3.00	84	38	 0	 0
-4.15	4.50	 7	0.75953		grating		dy+	3.00	84	38	 0	 0
-4.15	4.50	 7	0.75953		grating		dz+	3.00	84	38	 0	 0
-4.15	4.50	 7	0.75953		grating		tx+	0.03	84	38	-14	515
-4.15	4.50	 7	0.75953		grating		ty+	0.03	84	38	528	10
-4.15	4.50	 7	0.75953		grating		tz+	0.03	84	38	382	 7
-4.15	4.50	 7	0.78573		grating		dx+	3.00	87	13	 0	 0
-4.15	4.50	 7	0.78573		grating		dy+	3.00	87	13	 0	 0
-4.15	4.50	 7	0.78573		grating		dz+	3.00	87	13	 0	 0
-4.15	4.50	 7	0.78573		grating		tx+	0.03	87	13	-1	515
-4.15	4.50	 7	0.78573		grating		ty+	0.03	87	13	522	 9
-4.15	4.50	 7	0.78573		grating		tz+	0.03	87	13	394	 7
-4.15	4.50	 7	0.81595		grating		dx+	3.00	90	-16	 0	 0
-4.15	4.50	 7	0.81595		grating		dy+	3.00	90	-16	 0	 0
-4.15	4.50	 7	0.81595		grating		dz+	3.00	90	-16	 0	 0
-4.15	4.50	 7	0.81595		grating		tx+	0.03	90	-16	12	518
-4.15	4.50	 7	0.81595		grating		ty+	0.03	90	-16	516	 7
-4.15	4.50	 7	0.81595		grating		tz+	0.03	90	-16	409	 5
-4.15	4.50	 7	0.84617		grating		dx+	3.00	92	-45	 0	 0
-4.15	4.50	 7	0.84617		grating		dy+	3.00	92	-45	 0	 0
-4.15	4.50	 7	0.84617		grating		dz+	3.00	92	-45	 0	 0
-4.15	4.50	 7	0.84617		grating		tx+	0.03	92	-45	27	523
-4.15	4.50	 7	0.84617		grating		ty+	0.03	92	-45	510	 5
-4.15	4.50	 7	0.84617		grating		tz+	0.03	92	-45	425	 4
-4.15	4.50	 6	0.84617		grating		dx+	3.00	81	70	 0	 0
-4.15	4.50	 6	0.84617		grating		dy+	3.00	81	70	 0	 0
-4.15	4.50	 6	0.84617		grating		dz+	3.00	81	70	 0	 0
-4.15	4.50	 6	0.84617		grating		tx+	0.03	81	70	-30	518
-4.15	4.50	 6	0.84617		grating		ty+	0.03	81	70	535	12
-4.15	4.50	 6	0.84617		grating		tz+	0.03	81	70	366	 8
-4.15	4.50	 6	0.88142		grating		dx+	3.00	85	42	 0	 0
-4.15	4.50	 6	0.88142		grating		dy+	3.00	85	42	 0	 0
-4.15	4.50	 6	0.88142		grating		dz+	3.00	85	42	 0	 0
-4.15	4.50	 6	0.88142		grating		tx+	0.03	85	42	-15	516
-4.15	4.50	 6	0.88142		grating		ty+	0.03	85	42	529	11
-4.15	4.50	 6	0.88142		grating		tz+	0.03	85	42	380	 8
-4.15	4.50	 6	0.91668		grating		dx+	3.00	89	13	 0	 0
-4.15	4.50	 6	0.91668		grating		dy+	3.00	89	13	 0	 0
-4.15	4.50	 6	0.91668		grating		dz+	3.00	89	13	 0	 0
-4.15	4.50	 6	0.91668		grating		tx+	0.03	89	13	-1	516
-4.15	4.50	 6	0.91668		grating		ty+	0.03	89	13	522	 9
-4.15	4.50	 6	0.91668		grating		tz+	0.03	89	13	394	 7
-4.15	4.50	 6	0.95835		grating		dx+	3.00	92	-21	 0	 0
-4.15	4.50	 6	0.95835		grating		dy+	3.00	92	-21	 0	 0
-4.15	4.50	 6	0.95835		grating		dz+	3.00	92	-21	 0	 0
-4.15	4.50	 6	0.95835		grating		tx+	0.03	92	-21	15	519
-4.15	4.50	 6	0.95835		grating		ty+	0.03	92	-21	515	 7
-4.15	4.50	 6	0.95835		grating		tz+	0.03	92	-21	412	 5
-4.15	4.50	 6	1.00000		grating		dx+	3.00	94	-56	 0	 0
-4.15	4.50	 6	1.00000		grating		dy+	3.00	94	-56	 0	 0
-4.15	4.50	 6	1.00000		grating		dz+	3.00	94	-56	 0	 0
-4.15	4.50	 6	1.00000		grating		tx+	0.03	94	-56	32	526
-4.15	4.50	 6	1.00000		grating		ty+	0.03	94	-56	508	 4
-4.15	4.50	 6	1.00000		grating		tz+	0.03	94	-56	430	 4
4.15	5.25	 9	0.57896		grating		dx+	3.00	-112	12	 0	 0
4.15	5.25	 9	0.57896		grating		dy+	3.00	-112	12	 0	 0
4.15	5.25	 9	0.57896		grating		dz+	3.00	-112	12	 0	 0
4.15	5.25	 9	0.57896		grating		tx+	0.03	-112	12	-3	485
4.15	5.25	 9	0.57896		grating		ty+	0.03	-112	12	601	28
4.15	5.25	 9	0.57896		grating		tz+	0.03	-112	12	474	22
4.15	5.25	 9	0.59504		grating		dx+	3.00	-109	-9	 0	 0
4.15	5.25	 9	0.59504		grating		dy+	3.00	-109	-9	 0	 0
4.15	5.25	 9	0.59504		grating		dz+	3.00	-109	-9	 0	 0
4.15	5.25	 9	0.59504		grating		tx+	0.03	-109	-9	13	485
4.15	5.25	 9	0.59504		grating		ty+	0.03	-109	-9	593	34
4.15	5.25	 9	0.59504		grating		tz+	0.03	-109	-9	485	28
4.15	5.25	 9	0.61112		grating		dx+	3.00	-106	-30	 0	 0
4.15	5.25	 9	0.61112		grating		dy+	3.00	-106	-30	 0	 0
4.15	5.25	 9	0.61112		grating		dz+	3.00	-106	-30	 0	 0
4.15	5.25	 9	0.61112		grating		tx+	0.03	-106	-30	31	486
4.15	5.25	 9	0.61112		grating		ty+	0.03	-106	-30	586	39
4.15	5.25	 9	0.61112		grating		tz+	0.03	-106	-30	497	33
4.15	5.25	 9	0.62909		grating		dx+	3.00	-105	-53	 0	 0
4.15	5.25	 9	0.62909		grating		dy+	3.00	-105	-53	 0	 0
4.15	5.25	 9	0.62909		grating		dz+	3.00	-105	-53	 0	 0
4.15	5.25	 9	0.62909		grating		tx+	0.03	-105	-53	50	489
4.15	5.25	 9	0.62909		grating		ty+	0.03	-105	-53	579	44
4.15	5.25	 9	0.62909		grating		tz+	0.03	-105	-53	511	39
4.15	5.25	 9	0.64707		grating		dx+	3.00	-104	-77	 0	 0
4.15	5.25	 9	0.64707		grating		dy+	3.00	-104	-77	 0	 0
4.15	5.25	 9	0.64707		grating		dz+	3.00	-104	-77	 0	 0
4.15	5.25	 9	0.64707		grating		tx+	0.03	-104	-77	69	494
4.15	5.25	 9	0.64707		grating		ty+	0.03	-104	-77	572	49
4.15	5.25	 9	0.64707		grating		tz+	0.03	-104	-77	527	45
4.15	5.25	 8	0.64707		grating		dx+	3.00	-110	16	 0	 0
4.15	5.25	 8	0.64707		grating		dy+	3.00	-110	16	 0	 0
4.15	5.25	 8	0.64707		grating		dz+	3.00	-110	16	 0	 0
4.15	5.25	 8	0.64707		grating		tx+	0.03	-110	16	-7	486
4.15	5.25	 8	0.64707		grating		ty+	0.03	-110	16	600	28
4.15	5.25	 8	0.64707		grating		tz+	0.03	-110	16	469	22
4.15	5.25	 8	0.66729		grating		dx+	3.00	-106	-6	 0	 0
4.15	5.25	 8	0.66729		grating		dy+	3.00	-106	-6	 0	 0
4.15	5.25	 8	0.66729		grating		dz+	3.00	-106	-6	 0	 0
4.15	5.25	 8	0.66729		grating		tx+	0.03	-106	-6	11	485
4.15	5.25	 8	0.66729		grating		ty+	0.03	-106	-6	591	34
4.15	5.25	 8	0.66729		grating		tz+	0.03	-106	-6	481	27
4.15	5.25	 8	0.68751		grating		dx+	3.00	-104	-29	 0	 0
4.15	5.25	 8	0.68751		grating		dy+	3.00	-104	-29	 0	 0
4.15	5.25	 8	0.68751		grating		dz+	3.00	-104	-29	 0	 0
4.15	5.25	 8	0.68751		grating		tx+	0.03	-104	-29	31	486
4.15	5.25	 8	0.68751		grating		ty+	0.03	-104	-29	584	40
4.15	5.25	 8	0.68751		grating		tz+	0.03	-104	-29	495	33
4.15	5.25	 8	0.71043		grating		dx+	3.00	-102	-56	 0	 0
4.15	5.25	 8	0.71043		grating		dy+	3.00	-102	-56	 0	 0
4.15	5.25	 8	0.71043		grating		dz+	3.00	-102	-56	 0	 0
4.15	5.25	 8	0.71043		grating		tx+	0.03	-102	-56	52	490
4.15	5.25	 8	0.71043		grating		ty+	0.03	-102	-56	576	45
4.15	5.25	 8	0.71043		grating		tz+	0.03	-102	-56	511	40
4.15	5.25	 8	0.73344		grating		dx+	3.00	-101	-83	 0	 0
4.15	5.25	 8	0.73344		grating		dy+	3.00	-101	-83	 0	 0
4.15	5.25	 8	0.73344		grating		dz+	3.00	-101	-83	 0	 0
4.15	5.25	 8	0.73344		grating		tx+	0.03	-101	-83	74	495
4.15	5.25	 8	0.73344		grating		ty+	0.03	-101	-83	568	50
4.15	5.25	 8	0.73344		grating		tz+	0.03	-101	-83	529	47
4.15	5.25	 7	0.73334		grating		dx+	3.00	-108	22	 0	 0
4.15	5.25	 7	0.73334		grating		dy+	3.00	-108	22	 0	 0
4.15	5.25	 7	0.73334		grating		dz+	3.00	-108	22	 0	 0
4.15	5.25	 7	0.73334		grating		tx+	0.03	-108	22	-12	486
4.15	5.25	 7	0.73334		grating		ty+	0.03	-108	22	600	27
4.15	5.25	 7	0.73334		grating		tz+	0.03	-108	22	464	20
4.15	5.25	 7	0.75953		grating		dx+	3.00	-104	-3	 0	 0
4.15	5.25	 7	0.75953		grating		dy+	3.00	-104	-3	 0	 0
4.15	5.25	 7	0.75953		grating		dz+	3.00	-104	-3	 0	 0
4.15	5.25	 7	0.75953		grating		tx+	0.03	-104	-3	 9	485
4.15	5.25	 7	0.75953		grating		ty+	0.03	-104	-3	590	34
4.15	5.25	 7	0.75953		grating		tz+	0.03	-104	-3	477	27
4.15	5.25	 7	0.78573		grating		dx+	3.00	-101	-29	 0	 0
4.15	5.25	 7	0.78573		grating		dy+	3.00	-101	-29	 0	 0
4.15	5.25	 7	0.78573		grating		dz+	3.00	-101	-29	 0	 0
4.15	5.25	 7	0.78573		grating		tx+	0.03	-101	-29	30	486
4.15	5.25	 7	0.78573		grating		ty+	0.03	-101	-29	582	40
4.15	5.25	 7	0.78573		grating		tz+	0.03	-101	-29	492	34
4.15	5.25	 7	0.81595		grating		dx+	3.00	-100	-60	 0	 0
4.15	5.25	 7	0.81595		grating		dy+	3.00	-100	-60	 0	 0
4.15	5.25	 7	0.81595		grating		dz+	3.00	-100	-60	 0	 0
4.15	5.25	 7	0.81595		grating		tx+	0.03	-100	-60	55	491
4.15	5.25	 7	0.81595		grating		ty+	0.03	-100	-60	573	46
4.15	5.25	 7	0.81595		grating		tz+	0.03	-100	-60	512	41
4.15	5.25	 7	0.84617		grating		dx+	3.00	-99	-91	 0	 0
4.15	5.25	 7	0.84617		grating		dy+	3.00	-99	-91	 0	 0
4.15	5.25	 7	0.84617		grating		dz+	3.00	-99	-91	 0	 0
4.15	5.25	 7	0.84617		grating		tx+	0.03	-99	-91	79	497
4.15	5.25	 7	0.84617		grating		ty+	0.03	-99	-91	565	51
4.15	5.25	 7	0.84617		grating		tz+	0.03	-99	-91	533	48
4.15	5.25	 6	0.84617		grating		dx+	3.00	-107	30	 0	 0
4.15	5.25	 6	0.84617		grating		dy+	3.00	-107	30	 0	 0
4.15	5.25	 6	0.84617		grating		dz+	3.00	-107	30	 0	 0
4.15	5.25	 6	0.84617		grating		tx+	0.03	-107	30	-19	487
4.15	5.25	 6	0.84617		grating		ty+	0.03	-107	30	601	25
4.15	5.25	 6	0.84617		grating		tz+	0.03	-107	30	457	19
4.15	5.25	 6	0.88142		grating		dx+	3.00	-102	 1	 0	 0
4.15	5.25	 6	0.88142		grating		dy+	3.00	-102	 1	 0	 0
4.15	5.25	 6	0.88142		grating		dz+	3.00	-102	 1	 0	 0
4.15	5.25	 6	0.88142		grating		tx+	0.03	-102	 1	 5	485
4.15	5.25	 6	0.88142		grating		ty+	0.03	-102	 1	590	33
4.15	5.25	 6	0.88142		grating		tz+	0.03	-102	 1	473	26
4.15	5.25	 6	0.91668		grating		dx+	3.00	-99	-29	 0	 0
4.15	5.25	 6	0.91668		grating		dy+	3.00	-99	-29	 0	 0
4.15	5.25	 6	0.91668		grating		dz+	3.00	-99	-29	 0	 0
4.15	5.25	 6	0.91668		grating		tx+	0.03	-99	-29	30	486
4.15	5.25	 6	0.91668		grating		ty+	0.03	-99	-29	580	40
4.15	5.25	 6	0.91668		grating		tz+	0.03	-99	-29	490	34
4.15	5.25	 6	0.95835		grating		dx+	3.00	-97	-65	 0	 0
4.15	5.25	 6	0.95835		grating		dy+	3.00	-97	-65	 0	 0
4.15	5.25	 6	0.95835		grating		dz+	3.00	-97	-65	 0	 0
4.15	5.25	 6	0.95835		grating		tx+	0.03	-97	-65	59	492
4.15	5.25	 6	0.95835		grating		ty+	0.03	-97	-65	570	48
4.15	5.25	 6	0.95835		grating		tz+	0.03	-97	-65	514	43
4.15	5.25	 6	1.00000		grating		dx+	3.00	-98	-103	 0	 0
4.15	5.25	 6	1.00000		grating		dy+	3.00	-98	-103	 0	 0
4.15	5.25	 6	1.00000		grating		dz+	3.00	-98	-103	 0	 0
4.15	5.25	 6	1.00000		grating		tx+	0.03	-98	-103	88	500
4.15	5.25	 6	1.00000		grating		ty+	0.03	-98	-103	561	53
4.15	5.25	 6	1.00000		grating		tz+	0.03	-98	-103	539	51
2.08	5.25	 9	0.57896		grating		dx+	3.00	-60	25	 0	 0
2.08	5.25	 9	0.57896		grating		dy+	3.00	-60	25	 0	 0
2.08	5.25	 9	0.57896		grating		dz+	3.00	-60	25	 0	 0
2.08	5.25	 9	0.57896		grating		tx+	0.03	-60	25	-13	494
2.08	5.25	 9	0.57896		grating		ty+	0.03	-60	25	570	24
2.08	5.25	 9	0.57896		grating		tz+	0.03	-60	25	431	18
2.08	5.25	 9	0.59504		grating		dx+	3.00	-57	 5	 0	 0
2.08	5.25	 9	0.59504		grating		dy+	3.00	-57	 5	 0	 0
2.08	5.25	 9	0.59504		grating		dz+	3.00	-57	 5	 0	 0
2.08	5.25	 9	0.59504		grating		tx+	0.03	-57	 5	 1	493
2.08	5.25	 9	0.59504		grating		ty+	0.03	-57	 5	563	28
2.08	5.25	 9	0.59504		grating		tz+	0.03	-57	 5	441	22
2.08	5.25	 9	0.61112		grating		dx+	3.00	-54	-15	 0	 0
2.08	5.25	 9	0.61112		grating		dy+	3.00	-54	-15	 0	 0
2.08	5.25	 9	0.61112		grating		dz+	3.00	-54	-15	 0	 0
2.08	5.25	 9	0.61112		grating		tx+	0.03	-54	-15	16	494
2.08	5.25	 9	0.61112		grating		ty+	0.03	-54	-15	557	31
2.08	5.25	 9	0.61112		grating		tz+	0.03	-54	-15	452	25
2.08	5.25	 9	0.62909		grating		dx+	3.00	-52	-38	 0	 0
2.08	5.25	 9	0.62909		grating		dy+	3.00	-52	-38	 0	 0
2.08	5.25	 9	0.62909		grating		dz+	3.00	-52	-38	 0	 0
2.08	5.25	 9	0.62909		grating		tx+	0.03	-52	-38	33	497
2.08	5.25	 9	0.62909		grating		ty+	0.03	-52	-38	551	35
2.08	5.25	 9	0.62909		grating		tz+	0.03	-52	-38	465	29
2.08	5.25	 9	0.64707		grating		dx+	3.00	-51	-61	 0	 0
2.08	5.25	 9	0.64707		grating		dy+	3.00	-51	-61	 0	 0
2.08	5.25	 9	0.64707		grating		dz+	3.00	-51	-61	 0	 0
2.08	5.25	 9	0.64707		grating		tx+	0.03	-51	-61	50	502
2.08	5.25	 9	0.64707		grating		ty+	0.03	-51	-61	546	39
2.08	5.25	 9	0.64707		grating		tz+	0.03	-51	-61	479	34
2.08	5.25	 8	0.64707		grating		dx+	3.00	-58	29	 0	 0
2.08	5.25	 8	0.64707		grating		dy+	3.00	-58	29	 0	 0
2.08	5.25	 8	0.64707		grating		dz+	3.00	-58	29	 0	 0
2.08	5.25	 8	0.64707		grating		tx+	0.03	-58	29	-16	494
2.08	5.25	 8	0.64707		grating		ty+	0.03	-58	29	570	24
2.08	5.25	 8	0.64707		grating		tz+	0.03	-58	29	427	18
2.08	5.25	 8	0.66729		grating		dx+	3.00	-54	 7	 0	 0
2.08	5.25	 8	0.66729		grating		dy+	3.00	-54	 7	 0	 0
2.08	5.25	 8	0.66729		grating		dz+	3.00	-54	 7	 0	 0
2.08	5.25	 8	0.66729		grating		tx+	0.03	-54	 7	 0	493
2.08	5.25	 8	0.66729		grating		ty+	0.03	-54	 7	562	28
2.08	5.25	 8	0.66729		grating		tz+	0.03	-54	 7	438	21
2.08	5.25	 8	0.68751		grating		dx+	3.00	-52	-15	 0	 0
2.08	5.25	 8	0.68751		grating		dy+	3.00	-52	-15	 0	 0
2.08	5.25	 8	0.68751		grating		dz+	3.00	-52	-15	 0	 0
2.08	5.25	 8	0.68751		grating		tx+	0.03	-52	-15	16	494
2.08	5.25	 8	0.68751		grating		ty+	0.03	-52	-15	555	32
2.08	5.25	 8	0.68751		grating		tz+	0.03	-52	-15	450	25
2.08	5.25	 8	0.71043		grating		dx+	3.00	-50	-41	 0	 0
2.08	5.25	 8	0.71043		grating		dy+	3.00	-50	-41	 0	 0
2.08	5.25	 8	0.71043		grating		dz+	3.00	-50	-41	 0	 0
2.08	5.25	 8	0.71043		grating		tx+	0.03	-50	-41	35	497
2.08	5.25	 8	0.71043		grating		ty+	0.03	-50	-41	549	36
2.08	5.25	 8	0.71043		grating		tz+	0.03	-50	-41	465	30
2.08	5.25	 8	0.73344		grating		dx+	3.00	-49	-68	 0	 0
2.08	5.25	 8	0.73344		grating		dy+	3.00	-49	-68	 0	 0
2.08	5.25	 8	0.73344		grating		dz+	3.00	-49	-68	 0	 0
2.08	5.25	 8	0.73344		grating		tx+	0.03	-49	-68	55	504
2.08	5.25	 8	0.73344		grating		ty+	0.03	-49	-68	543	40
2.08	5.25	 8	0.73344		grating		tz+	0.03	-49	-68	482	35
2.08	5.25	 7	0.73334		grating		dx+	3.00	-56	35	 0	 0
2.08	5.25	 7	0.73334		grating		dy+	3.00	-56	35	 0	 0
2.08	5.25	 7	0.73334		grating		dz+	3.00	-56	35	 0	 0
2.08	5.25	 7	0.73334		grating		tx+	0.03	-56	35	-21	495
2.08	5.25	 7	0.73334		grating		ty+	0.03	-56	35	570	23
2.08	5.25	 7	0.73334		grating		tz+	0.03	-56	35	423	17
2.08	5.25	 7	0.75953		grating		dx+	3.00	-53	10	 0	 0
2.08	5.25	 7	0.75953		grating		dy+	3.00	-53	10	 0	 0
2.08	5.25	 7	0.75953		grating		dz+	3.00	-53	10	 0	 0
2.08	5.25	 7	0.75953		grating		tx+	0.03	-53	10	-2	493
2.08	5.25	 7	0.75953		grating		ty+	0.03	-53	10	561	28
2.08	5.25	 7	0.75953		grating		tz+	0.03	-53	10	435	21
2.08	5.25	 7	0.78573		grating		dx+	3.00	-50	-15	 0	 0
2.08	5.25	 7	0.78573		grating		dy+	3.00	-50	-15	 0	 0
2.08	5.25	 7	0.78573		grating		dz+	3.00	-50	-15	 0	 0
2.08	5.25	 7	0.78573		grating		tx+	0.03	-50	-15	16	494
2.08	5.25	 7	0.78573		grating		ty+	0.03	-50	-15	554	32
2.08	5.25	 7	0.78573		grating		tz+	0.03	-50	-15	448	26
2.08	5.25	 7	0.81595		grating		dx+	3.00	-47	-45	 0	 0
2.08	5.25	 7	0.81595		grating		dy+	3.00	-47	-45	 0	 0
2.08	5.25	 7	0.81595		grating		dz+	3.00	-47	-45	 0	 0
2.08	5.25	 7	0.81595		grating		tx+	0.03	-47	-45	38	498
2.08	5.25	 7	0.81595		grating		ty+	0.03	-47	-45	546	36
2.08	5.25	 7	0.81595		grating		tz+	0.03	-47	-45	466	31
2.08	5.25	 7	0.84617		grating		dx+	3.00	-46	-76	 0	 0
2.08	5.25	 7	0.84617		grating		dy+	3.00	-46	-76	 0	 0
2.08	5.25	 7	0.84617		grating		dz+	3.00	-46	-76	 0	 0
2.08	5.25	 7	0.84617		grating		tx+	0.03	-46	-76	60	506
2.08	5.25	 7	0.84617		grating		ty+	0.03	-46	-76	540	41
2.08	5.25	 7	0.84617		grating		tz+	0.03	-46	-76	486	36
2.08	5.25	 6	0.84617		grating		dx+	3.00	-56	43	 0	 0
2.08	5.25	 6	0.84617		grating		dy+	3.00	-56	43	 0	 0
2.08	5.25	 6	0.84617		grating		dz+	3.00	-56	43	 0	 0
2.08	5.25	 6	0.84617		grating		tx+	0.03	-56	43	-26	496
2.08	5.25	 6	0.84617		grating		ty+	0.03	-56	43	572	22
2.08	5.25	 6	0.84617		grating		tz+	0.03	-56	43	418	16
2.08	5.25	 6	0.88142		grating		dx+	3.00	-51	14	 0	 0
2.08	5.25	 6	0.88142		grating		dy+	3.00	-51	14	 0	 0
2.08	5.25	 6	0.88142		grating		dz+	3.00	-51	14	 0	 0
2.08	5.25	 6	0.88142		grating		tx+	0.03	-51	14	-4	493
2.08	5.25	 6	0.88142		grating		ty+	0.03	-51	14	561	27
2.08	5.25	 6	0.88142		grating		tz+	0.03	-51	14	431	21
2.08	5.25	 6	0.91668		grating		dx+	3.00	-48	-15	 0	 0
2.08	5.25	 6	0.91668		grating		dy+	3.00	-48	-15	 0	 0
2.08	5.25	 6	0.91668		grating		dz+	3.00	-48	-15	 0	 0
2.08	5.25	 6	0.91668		grating		tx+	0.03	-48	-15	16	494
2.08	5.25	 6	0.91668		grating		ty+	0.03	-48	-15	552	32
2.08	5.25	 6	0.91668		grating		tz+	0.03	-48	-15	447	26
2.08	5.25	 6	0.95835		grating		dx+	3.00	-45	-51	 0	 0
2.08	5.25	 6	0.95835		grating		dy+	3.00	-45	-51	 0	 0
2.08	5.25	 6	0.95835		grating		dz+	3.00	-45	-51	 0	 0
2.08	5.25	 6	0.95835		grating		tx+	0.03	-45	-51	42	500
2.08	5.25	 6	0.95835		grating		ty+	0.03	-45	-51	544	37
2.08	5.25	 6	0.95835		grating		tz+	0.03	-45	-51	468	32
2.08	5.25	 6	1.00000		grating		dx+	3.00	-45	-87	 0	 0
2.08	5.25	 6	1.00000		grating		dy+	3.00	-45	-87	 0	 0
2.08	5.25	 6	1.00000		grating		dz+	3.00	-45	-87	 0	 0
2.08	5.25	 6	1.00000		grating		tx+	0.03	-45	-87	68	509
2.08	5.25	 6	1.00000		grating		ty+	0.03	-45	-87	538	42
2.08	5.25	 6	1.00000		grating		tz+	0.03	-45	-87	492	38
0.00	5.25	 9	0.57896		grating		dx+	3.00	-12	34	 0	 0
0.00	5.25	 9	0.57896		grating		dy+	3.00	-12	34	 0	 0
0.00	5.25	 9	0.57896		grating		dz+	3.00	-12	34	 0	 0
0.00	5.25	 9	0.57896		grating		tx+	0.03	-12	34	-18	503
0.00	5.25	 9	0.57896		grating		ty+	0.03	-12	34	550	20
0.00	5.25	 9	0.57896		grating		tz+	0.03	-12	34	403	14
0.00	5.25	 9	0.59504		grating		dx+	3.00	-9	14	 0	 0
0.00	5.25	 9	0.59504		grating		dy+	3.00	-9	14	 0	 0
0.00	5.25	 9	0.59504		grating		dz+	3.00	-9	14	 0	 0
0.00	5.25	 9	0.59504		grating		tx+	0.03	-9	14	-4	502
0.00	5.25	 9	0.59504		grating		ty+	0.03	-9	14	544	22
0.00	5.25	 9	0.59504		grating		tz+	0.03	-9	14	412	17
0.00	5.25	 9	0.61112		grating		dx+	3.00	-6	-5	 0	 0
0.00	5.25	 9	0.61112		grating		dy+	3.00	-6	-5	 0	 0
0.00	5.25	 9	0.61112		grating		dz+	3.00	-6	-5	 0	 0
0.00	5.25	 9	0.61112		grating		tx+	0.03	-6	-5	 8	502
0.00	5.25	 9	0.61112		grating		ty+	0.03	-6	-5	538	24
0.00	5.25	 9	0.61112		grating		tz+	0.03	-6	-5	422	18
0.00	5.25	 9	0.62909		grating		dx+	3.00	-4	-28	 0	 0
0.00	5.25	 9	0.62909		grating		dy+	3.00	-4	-28	 0	 0
0.00	5.25	 9	0.62909		grating		dz+	3.00	-4	-28	 0	 0
0.00	5.25	 9	0.62909		grating		tx+	0.03	-4	-28	22	505
0.00	5.25	 9	0.62909		grating		ty+	0.03	-4	-28	533	26
0.00	5.25	 9	0.62909		grating		tz+	0.03	-4	-28	434	21
0.00	5.25	 9	0.64707		grating		dx+	3.00	-2	-50	 0	 0
0.00	5.25	 9	0.64707		grating		dy+	3.00	-2	-50	 0	 0
0.00	5.25	 9	0.64707		grating		dz+	3.00	-2	-50	 0	 0
0.00	5.25	 9	0.64707		grating		tx+	0.03	-2	-50	37	509
0.00	5.25	 9	0.64707		grating		ty+	0.03	-2	-50	528	27
0.00	5.25	 9	0.64707		grating		tz+	0.03	-2	-50	447	23
0.00	5.25	 8	0.64707		grating		dx+	3.00	-10	39	 0	 0
0.00	5.25	 8	0.64707		grating		dy+	3.00	-10	39	 0	 0
0.00	5.25	 8	0.64707		grating		dz+	3.00	-10	39	 0	 0
0.00	5.25	 8	0.64707		grating		tx+	0.03	-10	39	-20	503
0.00	5.25	 8	0.64707		grating		ty+	0.03	-10	39	550	20
0.00	5.25	 8	0.64707		grating		tz+	0.03	-10	39	399	14
0.00	5.25	 8	0.66729		grating		dx+	3.00	-7	17	 0	 0
0.00	5.25	 8	0.66729		grating		dy+	3.00	-7	17	 0	 0
0.00	5.25	 8	0.66729		grating		dz+	3.00	-7	17	 0	 0
0.00	5.25	 8	0.66729		grating		tx+	0.03	-7	17	-6	502
0.00	5.25	 8	0.66729		grating		ty+	0.03	-7	17	543	22
0.00	5.25	 8	0.66729		grating		tz+	0.03	-7	17	410	17
0.00	5.25	 8	0.68751		grating		dx+	3.00	-4	-5	 0	 0
0.00	5.25	 8	0.68751		grating		dy+	3.00	-4	-5	 0	 0
0.00	5.25	 8	0.68751		grating		dz+	3.00	-4	-5	 0	 0
0.00	5.25	 8	0.68751		grating		tx+	0.03	-4	-5	 8	502
0.00	5.25	 8	0.68751		grating		ty+	0.03	-4	-5	537	24
0.00	5.25	 8	0.68751		grating		tz+	0.03	-4	-5	421	19
0.00	5.25	 8	0.71043		grating		dx+	3.00	-2	-31	 0	 0
0.00	5.25	 8	0.71043		grating		dy+	3.00	-2	-31	 0	 0
0.00	5.25	 8	0.71043		grating		dz+	3.00	-2	-31	 0	 0
0.00	5.25	 8	0.71043		grating		tx+	0.03	-2	-31	24	505
0.00	5.25	 8	0.71043		grating		ty+	0.03	-2	-31	531	26
0.00	5.25	 8	0.71043		grating		tz+	0.03	-2	-31	435	21
0.00	5.25	 8	0.73344		grating		dx+	3.00	 0	-57	 0	 0
0.00	5.25	 8	0.73344		grating		dy+	3.00	 0	-57	 0	 0
0.00	5.25	 8	0.73344		grating		dz+	3.00	 0	-57	 0	 0
0.00	5.25	 8	0.73344		grating		tx+	0.03	 0	-57	41	511
0.00	5.25	 8	0.73344		grating		ty+	0.03	 0	-57	526	28
0.00	5.25	 8	0.73344		grating		tz+	0.03	 0	-57	450	23
0.00	5.25	 7	0.73334		grating		dx+	3.00	-9	44	 0	 0
0.00	5.25	 7	0.73334		grating		dy+	3.00	-9	44	 0	 0
0.00	5.25	 7	0.73334		grating		dz+	3.00	-9	44	 0	 0
0.00	5.25	 7	0.73334		grating		tx+	0.03	-9	44	-24	504
0.00	5.25	 7	0.73334		grating		ty+	0.03	-9	44	551	20
0.00	5.25	 7	0.73334		grating		tz+	0.03	-9	44	395	14
0.00	5.25	 7	0.75953		grating		dx+	3.00	-5	20	 0	 0
0.00	5.25	 7	0.75953		grating		dy+	3.00	-5	20	 0	 0
0.00	5.25	 7	0.75953		grating		dz+	3.00	-5	20	 0	 0
0.00	5.25	 7	0.75953		grating		tx+	0.03	-5	20	-7	502
0.00	5.25	 7	0.75953		grating		ty+	0.03	-5	20	543	22
0.00	5.25	 7	0.75953		grating		tz+	0.03	-5	20	407	16
0.00	5.25	 7	0.78573		grating		dx+	3.00	-2	-5	 0	 0
0.00	5.25	 7	0.78573		grating		dy+	3.00	-2	-5	 0	 0
0.00	5.25	 7	0.78573		grating		dz+	3.00	-2	-5	 0	 0
0.00	5.25	 7	0.78573		grating		tx+	0.03	-2	-5	 8	502
0.00	5.25	 7	0.78573		grating		ty+	0.03	-2	-5	536	24
0.00	5.25	 7	0.78573		grating		tz+	0.03	-2	-5	420	19
0.00	5.25	 7	0.81595		grating		dx+	3.00	 1	-35	 0	 0
0.00	5.25	 7	0.81595		grating		dy+	3.00	 1	-35	 0	 0
0.00	5.25	 7	0.81595		grating		dz+	3.00	 1	-35	 0	 0
0.00	5.25	 7	0.81595		grating		tx+	0.03	 1	-35	26	506
0.00	5.25	 7	0.81595		grating		ty+	0.03	 1	-35	530	26
0.00	5.25	 7	0.81595		grating		tz+	0.03	 1	-35	436	21
0.00	5.25	 7	0.84617		grating		dx+	3.00	 2	-65	 0	 0
0.00	5.25	 7	0.84617		grating		dy+	3.00	 2	-65	 0	 0
0.00	5.25	 7	0.84617		grating		dz+	3.00	 2	-65	 0	 0
0.00	5.25	 7	0.84617		grating		tx+	0.03	 2	-65	45	513
0.00	5.25	 7	0.84617		grating		ty+	0.03	 2	-65	524	28
0.00	5.25	 7	0.84617		grating		tz+	0.03	 2	-65	454	24
0.00	5.25	 6	0.84617		grating		dx+	3.00	-8	52	 0	 0
0.00	5.25	 6	0.84617		grating		dy+	3.00	-8	52	 0	 0
0.00	5.25	 6	0.84617		grating		dz+	3.00	-8	52	 0	 0
0.00	5.25	 6	0.84617		grating		tx+	0.03	-8	52	-29	505
0.00	5.25	 6	0.84617		grating		ty+	0.03	-8	52	553	20
0.00	5.25	 6	0.84617		grating		tz+	0.03	-8	52	391	14
0.00	5.25	 6	0.88142		grating		dx+	3.00	-4	23	 0	 0
0.00	5.25	 6	0.88142		grating		dy+	3.00	-4	23	 0	 0
0.00	5.25	 6	0.88142		grating		dz+	3.00	-4	23	 0	 0
0.00	5.25	 6	0.88142		grating		tx+	0.03	-4	23	-10	502
0.00	5.25	 6	0.88142		grating		ty+	0.03	-4	23	543	22
0.00	5.25	 6	0.88142		grating		tz+	0.03	-4	23	404	16
0.00	5.25	 6	0.91668		grating		dx+	3.00	-0	-5	 0	 0
0.00	5.25	 6	0.91668		grating		dy+	3.00	-0	-5	 0	 0
0.00	5.25	 6	0.91668		grating		dz+	3.00	-0	-5	 0	 0
0.00	5.25	 6	0.91668		grating		tx+	0.03	-0	-5	 8	503
0.00	5.25	 6	0.91668		grating		ty+	0.03	-0	-5	536	24
0.00	5.25	 6	0.91668		grating		tz+	0.03	-0	-5	419	19
0.00	5.25	 6	0.95835		grating		dx+	3.00	 3	-40	 0	 0
0.00	5.25	 6	0.95835		grating		dy+	3.00	 3	-40	 0	 0
0.00	5.25	 6	0.95835		grating		dz+	3.00	 3	-40	 0	 0
0.00	5.25	 6	0.95835		grating		tx+	0.03	 3	-40	30	507
0.00	5.25	 6	0.95835		grating		ty+	0.03	 3	-40	528	27
0.00	5.25	 6	0.95835		grating		tz+	0.03	 3	-40	438	22
0.00	5.25	 6	1.00000		grating		dx+	3.00	 4	-76	 0	 0
0.00	5.25	 6	1.00000		grating		dy+	3.00	 4	-76	 0	 0
0.00	5.25	 6	1.00000		grating		dz+	3.00	 4	-76	 0	 0
0.00	5.25	 6	1.00000		grating		tx+	0.03	 4	-76	52	517
0.00	5.25	 6	1.00000		grating		ty+	0.03	 4	-76	522	29
0.00	5.25	 6	1.00000		grating		tz+	0.03	 4	-76	460	25
-2.08	5.25	 9	0.57896		grating		dx+	3.00	34	40	 0	 0
-2.08	5.25	 9	0.57896		grating		dy+	3.00	34	40	 0	 0
-2.08	5.25	 9	0.57896		grating		dz+	3.00	34	40	 0	 0
-2.08	5.25	 9	0.57896		grating		tx+	0.03	34	40	-19	512
-2.08	5.25	 9	0.57896		grating		ty+	0.03	34	40	540	16
-2.08	5.25	 9	0.57896		grating		tz+	0.03	34	40	385	11
-2.08	5.25	 9	0.59504		grating		dx+	3.00	37	21	 0	 0
-2.08	5.25	 9	0.59504		grating		dy+	3.00	37	21	 0	 0
-2.08	5.25	 9	0.59504		grating		dz+	3.00	37	21	 0	 0
-2.08	5.25	 9	0.59504		grating		tx+	0.03	37	21	-7	511
-2.08	5.25	 9	0.59504		grating		ty+	0.03	37	21	534	16
-2.08	5.25	 9	0.59504		grating		tz+	0.03	37	21	394	12
-2.08	5.25	 9	0.61112		grating		dx+	3.00	39	 1	 0	 0
-2.08	5.25	 9	0.61112		grating		dy+	3.00	39	 1	 0	 0
-2.08	5.25	 9	0.61112		grating		dz+	3.00	39	 1	 0	 0
-2.08	5.25	 9	0.61112		grating		tx+	0.03	39	 1	 3	511
-2.08	5.25	 9	0.61112		grating		ty+	0.03	39	 1	530	16
-2.08	5.25	 9	0.61112		grating		tz+	0.03	39	 1	404	12
-2.08	5.25	 9	0.62909		grating		dx+	3.00	42	-21	 0	 0
-2.08	5.25	 9	0.62909		grating		dy+	3.00	42	-21	 0	 0
-2.08	5.25	 9	0.62909		grating		dz+	3.00	42	-21	 0	 0
-2.08	5.25	 9	0.62909		grating		tx+	0.03	42	-21	15	514
-2.08	5.25	 9	0.62909		grating		ty+	0.03	42	-21	525	16
-2.08	5.25	 9	0.62909		grating		tz+	0.03	42	-21	416	13
-2.08	5.25	 9	0.64707		grating		dx+	3.00	43	-44	 0	 0
-2.08	5.25	 9	0.64707		grating		dy+	3.00	43	-44	 0	 0
-2.08	5.25	 9	0.64707		grating		dz+	3.00	43	-44	 0	 0
-2.08	5.25	 9	0.64707		grating		tx+	0.03	43	-44	28	518
-2.08	5.25	 9	0.64707		grating		ty+	0.03	43	-44	520	16
-2.08	5.25	 9	0.64707		grating		tz+	0.03	43	-44	428	13
-2.08	5.25	 8	0.64707		grating		dx+	3.00	35	45	 0	 0
-2.08	5.25	 8	0.64707		grating		dy+	3.00	35	45	 0	 0
-2.08	5.25	 8	0.64707		grating		dz+	3.00	35	45	 0	 0
-2.08	5.25	 8	0.64707		grating		tx+	0.03	35	45	-21	513
-2.08	5.25	 8	0.64707		grating		ty+	0.03	35	45	540	16
-2.08	5.25	 8	0.64707		grating		tz+	0.03	35	45	382	11
-2.08	5.25	 8	0.66729		grating		dx+	3.00	39	23	 0	 0
-2.08	5.25	 8	0.66729		grating		dy+	3.00	39	23	 0	 0
-2.08	5.25	 8	0.66729		grating		dz+	3.00	39	23	 0	 0
-2.08	5.25	 8	0.66729		grating		tx+	0.03	39	23	-8	511
-2.08	5.25	 8	0.66729		grating		ty+	0.03	39	23	534	17
-2.08	5.25	 8	0.66729		grating		tz+	0.03	39	23	393	12
-2.08	5.25	 8	0.68751		grating		dx+	3.00	41	 1	 0	 0
-2.08	5.25	 8	0.68751		grating		dy+	3.00	41	 1	 0	 0
-2.08	5.25	 8	0.68751		grating		dz+	3.00	41	 1	 0	 0
-2.08	5.25	 8	0.68751		grating		tx+	0.03	41	 1	 3	512
-2.08	5.25	 8	0.68751		grating		ty+	0.03	41	 1	529	17
-2.08	5.25	 8	0.68751		grating		tz+	0.03	41	 1	404	12
-2.08	5.25	 8	0.71043		grating		dx+	3.00	44	-24	 0	 0
-2.08	5.25	 8	0.71043		grating		dy+	3.00	44	-24	 0	 0
-2.08	5.25	 8	0.71043		grating		dz+	3.00	44	-24	 0	 0
-2.08	5.25	 8	0.71043		grating		tx+	0.03	44	-24	17	515
-2.08	5.25	 8	0.71043		grating		ty+	0.03	44	-24	523	16
-2.08	5.25	 8	0.71043		grating		tz+	0.03	44	-24	417	13
-2.08	5.25	 8	0.73344		grating		dx+	3.00	46	-50	 0	 0
-2.08	5.25	 8	0.73344		grating		dy+	3.00	46	-50	 0	 0
-2.08	5.25	 8	0.73344		grating		dz+	3.00	46	-50	 0	 0
-2.08	5.25	 8	0.73344		grating		tx+	0.03	46	-50	32	520
-2.08	5.25	 8	0.73344		grating		ty+	0.03	46	-50	518	16
-2.08	5.25	 8	0.73344		grating		tz+	0.03	46	-50	431	13
-2.08	5.25	 7	0.73334		grating		dx+	3.00	37	51	 0	 0
-2.08	5.25	 7	0.73334		grating		dy+	3.00	37	51	 0	 0
-2.08	5.25	 7	0.73334		grating		dz+	3.00	37	51	 0	 0
-2.08	5.25	 7	0.73334		grating		tx+	0.03	37	51	-24	513
-2.08	5.25	 7	0.73334		grating		ty+	0.03	37	51	542	16
-2.08	5.25	 7	0.73334		grating		tz+	0.03	37	51	379	11
-2.08	5.25	 7	0.75953		grating		dx+	3.00	40	26	 0	 0
-2.08	5.25	 7	0.75953		grating		dy+	3.00	40	26	 0	 0
-2.08	5.25	 7	0.75953		grating		dz+	3.00	40	26	 0	 0
-2.08	5.25	 7	0.75953		grating		tx+	0.03	40	26	-10	512
-2.08	5.25	 7	0.75953		grating		ty+	0.03	40	26	535	17
-2.08	5.25	 7	0.75953		grating		tz+	0.03	40	26	391	12
-2.08	5.25	 7	0.78573		grating		dx+	3.00	43	 1	 0	 0
-2.08	5.25	 7	0.78573		grating		dy+	3.00	43	 1	 0	 0
-2.08	5.25	 7	0.78573		grating		dz+	3.00	43	 1	 0	 0
-2.08	5.25	 7	0.78573		grating		tx+	0.03	43	 1	 3	512
-2.08	5.25	 7	0.78573		grating		ty+	0.03	43	 1	529	17
-2.08	5.25	 7	0.78573		grating		tz+	0.03	43	 1	403	13
-2.08	5.25	 7	0.81595		grating		dx+	3.00	46	-28	 0	 0
-2.08	5.25	 7	0.81595		grating		dy+	3.00	46	-28	 0	 0
-2.08	5.25	 7	0.81595		grating		dz+	3.00	46	-28	 0	 0
-2.08	5.25	 7	0.81595		grating		tx+	0.03	46	-28	19	515
-2.08	5.25	 7	0.81595		grating		ty+	0.03	46	-28	522	16
-2.08	5.25	 7	0.81595		grating		tz+	0.03	46	-28	419	13
-2.08	5.25	 7	0.84617		grating		dx+	3.00	48	-58	 0	 0
-2.08	5.25	 7	0.84617		grating		dy+	3.00	48	-58	 0	 0
-2.08	5.25	 7	0.84617		grating		dz+	3.00	48	-58	 0	 0
-2.08	5.25	 7	0.84617		grating		tx+	0.03	48	-58	36	522
-2.08	5.25	 7	0.84617		grating		ty+	0.03	48	-58	517	16
-2.08	5.25	 7	0.84617		grating		tz+	0.03	48	-58	435	13
-2.08	5.25	 6	0.84617		grating		dx+	3.00	37	58	 0	 0
-2.08	5.25	 6	0.84617		grating		dy+	3.00	37	58	 0	 0
-2.08	5.25	 6	0.84617		grating		dz+	3.00	37	58	 0	 0
-2.08	5.25	 6	0.84617		grating		tx+	0.03	37	58	-29	514
-2.08	5.25	 6	0.84617		grating		ty+	0.03	37	58	543	16
-2.08	5.25	 6	0.84617		grating		tz+	0.03	37	58	375	11
-2.08	5.25	 6	0.88142		grating		dx+	3.00	42	30	 0	 0
-2.08	5.25	 6	0.88142		grating		dy+	3.00	42	30	 0	 0
-2.08	5.25	 6	0.88142		grating		dz+	3.00	42	30	 0	 0
-2.08	5.25	 6	0.88142		grating		tx+	0.03	42	30	-12	512
-2.08	5.25	 6	0.88142		grating		ty+	0.03	42	30	535	17
-2.08	5.25	 6	0.88142		grating		tz+	0.03	42	30	388	12
-2.08	5.25	 6	0.91668		grating		dx+	3.00	45	 1	 0	 0
-2.08	5.25	 6	0.91668		grating		dy+	3.00	45	 1	 0	 0
-2.08	5.25	 6	0.91668		grating		dz+	3.00	45	 1	 0	 0
-2.08	5.25	 6	0.91668		grating		tx+	0.03	45	 1	 3	512
-2.08	5.25	 6	0.91668		grating		ty+	0.03	45	 1	528	17
-2.08	5.25	 6	0.91668		grating		tz+	0.03	45	 1	403	13
-2.08	5.25	 6	0.95835		grating		dx+	3.00	48	-34	 0	 0
-2.08	5.25	 6	0.95835		grating		dy+	3.00	48	-34	 0	 0
-2.08	5.25	 6	0.95835		grating		dz+	3.00	48	-34	 0	 0
-2.08	5.25	 6	0.95835		grating		tx+	0.03	48	-34	22	517
-2.08	5.25	 6	0.95835		grating		ty+	0.03	48	-34	521	16
-2.08	5.25	 6	0.95835		grating		tz+	0.03	48	-34	421	13
-2.08	5.25	 6	1.00000		grating		dx+	3.00	50	-69	 0	 0
-2.08	5.25	 6	1.00000		grating		dy+	3.00	50	-69	 0	 0
-2.08	5.25	 6	1.00000		grating		dz+	3.00	50	-69	 0	 0
-2.08	5.25	 6	1.00000		grating		tx+	0.03	50	-69	42	525
-2.08	5.25	 6	1.00000		grating		ty+	0.03	50	-69	514	16
-2.08	5.25	 6	1.00000		grating		tz+	0.03	50	-69	441	14
-4.15	5.25	 9	0.57896		grating		dx+	3.00	77	43	 0	 0
-4.15	5.25	 9	0.57896		grating		dy+	3.00	77	43	 0	 0
-4.15	5.25	 9	0.57896		grating		dz+	3.00	77	43	 0	 0
-4.15	5.25	 9	0.57896		grating		tx+	0.03	77	43	-18	521
-4.15	5.25	 9	0.57896		grating		ty+	0.03	77	43	537	10
-4.15	5.25	 9	0.57896		grating		tz+	0.03	77	43	376	 7
-4.15	5.25	 9	0.59504		grating		dx+	3.00	80	24	 0	 0
-4.15	5.25	 9	0.59504		grating		dy+	3.00	80	24	 0	 0
-4.15	5.25	 9	0.59504		grating		dz+	3.00	80	24	 0	 0
-4.15	5.25	 9	0.59504		grating		tx+	0.03	80	24	-8	521
-4.15	5.25	 9	0.59504		grating		ty+	0.03	80	24	532	10
-4.15	5.25	 9	0.59504		grating		tz+	0.03	80	24	385	 7
-4.15	5.25	 9	0.61112		grating		dx+	3.00	83	 4	 0	 0
-4.15	5.25	 9	0.61112		grating		dy+	3.00	83	 4	 0	 0
-4.15	5.25	 9	0.61112		grating		dz+	3.00	83	 4	 0	 0
-4.15	5.25	 9	0.61112		grating		tx+	0.03	83	 4	 1	521
-4.15	5.25	 9	0.61112		grating		ty+	0.03	83	 4	527	 9
-4.15	5.25	 9	0.61112		grating		tz+	0.03	83	 4	395	 6
-4.15	5.25	 9	0.62909		grating		dx+	3.00	85	-18	 0	 0
-4.15	5.25	 9	0.62909		grating		dy+	3.00	85	-18	 0	 0
-4.15	5.25	 9	0.62909		grating		dz+	3.00	85	-18	 0	 0
-4.15	5.25	 9	0.62909		grating		tx+	0.03	85	-18	12	524
-4.15	5.25	 9	0.62909		grating		ty+	0.03	85	-18	523	 7
-4.15	5.25	 9	0.62909		grating		tz+	0.03	85	-18	406	 5
-4.15	5.25	 9	0.64707		grating		dx+	3.00	87	-41	 0	 0
-4.15	5.25	 9	0.64707		grating		dy+	3.00	87	-41	 0	 0
-4.15	5.25	 9	0.64707		grating		dz+	3.00	87	-41	 0	 0
-4.15	5.25	 9	0.64707		grating		tx+	0.03	87	-41	23	528
-4.15	5.25	 9	0.64707		grating		ty+	0.03	87	-41	518	 6
-4.15	5.25	 9	0.64707		grating		tz+	0.03	87	-41	418	 4
-4.15	5.25	 8	0.64707		grating		dx+	3.00	79	48	 0	 0
-4.15	5.25	 8	0.64707		grating		dy+	3.00	79	48	 0	 0
-4.15	5.25	 8	0.64707		grating		dz+	3.00	79	48	 0	 0
-4.15	5.25	 8	0.64707		grating		tx+	0.03	79	48	-20	522
-4.15	5.25	 8	0.64707		grating		ty+	0.03	79	48	537	11
-4.15	5.25	 8	0.64707		grating		tz+	0.03	79	48	373	 7
-4.15	5.25	 8	0.66729		grating		dx+	3.00	82	26	 0	 0
-4.15	5.25	 8	0.66729		grating		dy+	3.00	82	26	 0	 0
-4.15	5.25	 8	0.66729		grating		dz+	3.00	82	26	 0	 0
-4.15	5.25	 8	0.66729		grating		tx+	0.03	82	26	-9	521
-4.15	5.25	 8	0.66729		grating		ty+	0.03	82	26	532	10
-4.15	5.25	 8	0.66729		grating		tz+	0.03	82	26	384	 7
-4.15	5.25	 8	0.68751		grating		dx+	3.00	85	 4	 0	 0
-4.15	5.25	 8	0.68751		grating		dy+	3.00	85	 4	 0	 0
-4.15	5.25	 8	0.68751		grating		dz+	3.00	85	 4	 0	 0
-4.15	5.25	 8	0.68751		grating		tx+	0.03	85	 4	 1	522
-4.15	5.25	 8	0.68751		grating		ty+	0.03	85	 4	527	 9
-4.15	5.25	 8	0.68751		grating		tz+	0.03	85	 4	395	 6
-4.15	5.25	 8	0.71043		grating		dx+	3.00	87	-21	 0	 0
-4.15	5.25	 8	0.71043		grating		dy+	3.00	87	-21	 0	 0
-4.15	5.25	 8	0.71043		grating		dz+	3.00	87	-21	 0	 0
-4.15	5.25	 8	0.71043		grating		tx+	0.03	87	-21	14	525
-4.15	5.25	 8	0.71043		grating		ty+	0.03	87	-21	522	 7
-4.15	5.25	 8	0.71043		grating		tz+	0.03	87	-21	408	 5
-4.15	5.25	 8	0.73344		grating		dx+	3.00	89	-47	 0	 0
-4.15	5.25	 8	0.73344		grating		dy+	3.00	89	-47	 0	 0
-4.15	5.25	 8	0.73344		grating		dz+	3.00	89	-47	 0	 0
-4.15	5.25	 8	0.73344		grating		tx+	0.03	89	-47	26	529
-4.15	5.25	 8	0.73344		grating		ty+	0.03	89	-47	517	 5
-4.15	5.25	 8	0.73344		grating		tz+	0.03	89	-47	421	 4
-4.15	5.25	 7	0.73334		grating		dx+	3.00	80	54	 0	 0
-4.15	5.25	 7	0.73334		grating		dy+	3.00	80	54	 0	 0
-4.15	5.25	 7	0.73334		grating		dz+	3.00	80	54	 0	 0
-4.15	5.25	 7	0.73334		grating		tx+	0.03	80	54	-23	522
-4.15	5.25	 7	0.73334		grating		ty+	0.03	80	54	538	11
-4.15	5.25	 7	0.73334		grating		tz+	0.03	80	54	370	 8
-4.15	5.25	 7	0.75953		grating		dx+	3.00	84	29	 0	 0
-4.15	5.25	 7	0.75953		grating		dy+	3.00	84	29	 0	 0
-4.15	5.25	 7	0.75953		grating		dz+	3.00	84	29	 0	 0
-4.15	5.25	 7	0.75953		grating		tx+	0.03	84	29	-10	521
-4.15	5.25	 7	0.75953		grating		ty+	0.03	84	29	532	10
-4.15	5.25	 7	0.75953		grating		tz+	0.03	84	29	382	 7
-4.15	5.25	 7	0.78573		grating		dx+	3.00	87	 4	 0	 0
-4.15	5.25	 7	0.78573		grating		dy+	3.00	87	 4	 0	 0
-4.15	5.25	 7	0.78573		grating		dz+	3.00	87	 4	 0	 0
-4.15	5.25	 7	0.78573		grating		tx+	0.03	87	 4	 1	522
-4.15	5.25	 7	0.78573		grating		ty+	0.03	87	 4	527	 9
-4.15	5.25	 7	0.78573		grating		tz+	0.03	87	 4	394	 6
-4.15	5.25	 7	0.81595		grating		dx+	3.00	89	-25	 0	 0
-4.15	5.25	 7	0.81595		grating		dy+	3.00	89	-25	 0	 0
-4.15	5.25	 7	0.81595		grating		dz+	3.00	89	-25	 0	 0
-4.15	5.25	 7	0.81595		grating		tx+	0.03	89	-25	16	525
-4.15	5.25	 7	0.81595		grating		ty+	0.03	89	-25	521	 7
-4.15	5.25	 7	0.81595		grating		tz+	0.03	89	-25	409	 5
-4.15	5.25	 7	0.84617		grating		dx+	3.00	91	-55	 0	 0
-4.15	5.25	 7	0.84617		grating		dy+	3.00	91	-55	 0	 0
-4.15	5.25	 7	0.84617		grating		dz+	3.00	91	-55	 0	 0
-4.15	5.25	 7	0.84617		grating		tx+	0.03	91	-55	30	532
-4.15	5.25	 7	0.84617		grating		ty+	0.03	91	-55	515	 5
-4.15	5.25	 7	0.84617		grating		tz+	0.03	91	-55	425	 4
-4.15	5.25	 6	0.84617		grating		dx+	3.00	81	61	 0	 0
-4.15	5.25	 6	0.84617		grating		dy+	3.00	81	61	 0	 0
-4.15	5.25	 6	0.84617		grating		dz+	3.00	81	61	 0	 0
-4.15	5.25	 6	0.84617		grating		tx+	0.03	81	61	-27	523
-4.15	5.25	 6	0.84617		grating		ty+	0.03	81	61	540	12
-4.15	5.25	 6	0.84617		grating		tz+	0.03	81	61	366	 8
-4.15	5.25	 6	0.88142		grating		dx+	3.00	85	33	 0	 0
-4.15	5.25	 6	0.88142		grating		dy+	3.00	85	33	 0	 0
-4.15	5.25	 6	0.88142		grating		dz+	3.00	85	33	 0	 0
-4.15	5.25	 6	0.88142		grating		tx+	0.03	85	33	-12	521
-4.15	5.25	 6	0.88142		grating		ty+	0.03	85	33	533	11
-4.15	5.25	 6	0.88142		grating		tz+	0.03	85	33	380	 7
-4.15	5.25	 6	0.91668		grating		dx+	3.00	88	 4	 0	 0
-4.15	5.25	 6	0.91668		grating		dy+	3.00	88	 4	 0	 0
-4.15	5.25	 6	0.91668		grating		dz+	3.00	88	 4	 0	 0
-4.15	5.25	 6	0.91668		grating		tx+	0.03	88	 4	 1	522
-4.15	5.25	 6	0.91668		grating		ty+	0.03	88	 4	527	 9
-4.15	5.25	 6	0.91668		grating		tz+	0.03	88	 4	394	 6
-4.15	5.25	 6	0.95835		grating		dx+	3.00	91	-31	 0	 0
-4.15	5.25	 6	0.95835		grating		dy+	3.00	91	-31	 0	 0
-4.15	5.25	 6	0.95835		grating		dz+	3.00	91	-31	 0	 0
-4.15	5.25	 6	0.95835		grating		tx+	0.03	91	-31	18	527
-4.15	5.25	 6	0.95835		grating		ty+	0.03	91	-31	520	 6
-4.15	5.25	 6	0.95835		grating		tz+	0.03	91	-31	412	 5
-4.15	5.25	 6	1.00000		grating		dx+	3.00	93	-66	 0	 0
-4.15	5.25	 6	1.00000		grating		dy+	3.00	93	-66	 0	 0
-4.15	5.25	 6	1.00000		grating		dz+	3.00	93	-66	 0	 0
-4.15	5.25	 6	1.00000		grating		tx+	0.03	93	-66	36	534
-4.15	5.25	 6	1.00000		grating		ty+	0.03	93	-66	512	 4
-4.15	5.25	 6	1.00000		grating		tz+	0.03	93	-66	431	 3
