XField 	 YField 	 Order 	 Wavelength 	 Element 	      Peturbation 	 Value	 X 	 Y	 DelX 	 DelY
4.15	3.75	 9	0.57896		mirror		dx+	3.00	-112	29	 0	 0
4.15	3.75	 9	0.57896		mirror		dy+	3.00	-112	29	 0	 0
4.15	3.75	 9	0.57896		mirror		dz+	3.00	-112	29	 9	 1
4.15	3.75	 9	0.57896		mirror		tx+	0.03	-112	29	10	-393
4.15	3.75	 9	0.57896		mirror		ty+	0.03	-112	29	602	199
4.15	3.75	 9	0.57896		mirror		tz+	0.03	-112	29	 0	 0
4.15	3.75	 9	0.59504		mirror		dx+	3.00	-109	 9	 0	 0
4.15	3.75	 9	0.59504		mirror		dy+	3.00	-109	 9	 0	 0
4.15	3.75	 9	0.59504		mirror		dz+	3.00	-109	 9	 9	 1
4.15	3.75	 9	0.59504		mirror		tx+	0.03	-109	 9	-1	-394
4.15	3.75	 9	0.59504		mirror		ty+	0.03	-109	 9	604	205
4.15	3.75	 9	0.59504		mirror		tz+	0.03	-109	 9	 0	 0
4.15	3.75	 9	0.61112		mirror		dx+	3.00	-106	-12	 0	 0
4.15	3.75	 9	0.61112		mirror		dy+	3.00	-106	-12	 0	 0
4.15	3.75	 9	0.61112		mirror		dz+	3.00	-106	-12	 9	 1
4.15	3.75	 9	0.61112		mirror		tx+	0.03	-106	-12	-14	-397
4.15	3.75	 9	0.61112		mirror		ty+	0.03	-106	-12	607	212
4.15	3.75	 9	0.61112		mirror		tz+	0.03	-106	-12	 0	 0
4.15	3.75	 9	0.62909		mirror		dx+	3.00	-104	-35	 0	 0
4.15	3.75	 9	0.62909		mirror		dy+	3.00	-104	-35	 0	 0
4.15	3.75	 9	0.62909		mirror		dz+	3.00	-104	-35	 9	 1
4.15	3.75	 9	0.62909		mirror		tx+	0.03	-104	-35	-28	-403
4.15	3.75	 9	0.62909		mirror		ty+	0.03	-104	-35	612	221
4.15	3.75	 9	0.62909		mirror		tz+	0.03	-104	-35	 0	 0
4.15	3.75	 9	0.64707		mirror		dx+	3.00	-102	-58	 0	 0
4.15	3.75	 9	0.64707		mirror		dy+	3.00	-102	-58	 0	 0
4.15	3.75	 9	0.64707		mirror		dz+	3.00	-102	-58	 9	 1
4.15	3.75	 9	0.64707		mirror		tx+	0.03	-102	-58	-42	-411
4.15	3.75	 9	0.64707		mirror		ty+	0.03	-102	-58	618	230
4.15	3.75	 9	0.64707		mirror		tz+	0.03	-102	-58	 0	 0
4.15	3.75	 8	0.64707		mirror		dx+	3.00	-110	34	 0	 0
4.15	3.75	 8	0.64707		mirror		dy+	3.00	-110	34	 0	 0
4.15	3.75	 8	0.64707		mirror		dz+	3.00	-110	34	 9	 1
4.15	3.75	 8	0.64707		mirror		tx+	0.03	-110	34	12	-393
4.15	3.75	 8	0.64707		mirror		ty+	0.03	-110	34	598	197
4.15	3.75	 8	0.64707		mirror		tz+	0.03	-110	34	 0	 0
4.15	3.75	 8	0.66729		mirror		dx+	3.00	-106	11	 0	 0
4.15	3.75	 8	0.66729		mirror		dy+	3.00	-106	11	 0	 0
4.15	3.75	 8	0.66729		mirror		dz+	3.00	-106	11	 9	 1
4.15	3.75	 8	0.66729		mirror		tx+	0.03	-106	11	 0	-394
4.15	3.75	 8	0.66729		mirror		ty+	0.03	-106	11	600	204
4.15	3.75	 8	0.66729		mirror		tz+	0.03	-106	11	 0	 0
4.15	3.75	 8	0.68751		mirror		dx+	3.00	-103	-11	 0	 0
4.15	3.75	 8	0.68751		mirror		dy+	3.00	-103	-11	 0	 0
4.15	3.75	 8	0.68751		mirror		dz+	3.00	-103	-11	 9	 1
4.15	3.75	 8	0.68751		mirror		tx+	0.03	-103	-11	-14	-397
4.15	3.75	 8	0.68751		mirror		ty+	0.03	-103	-11	603	212
4.15	3.75	 8	0.68751		mirror		tz+	0.03	-103	-11	 0	 0
4.15	3.75	 8	0.71043		mirror		dx+	3.00	-101	-38	 0	 0
4.15	3.75	 8	0.71043		mirror		dy+	3.00	-101	-38	 0	 0
4.15	3.75	 8	0.71043		mirror		dz+	3.00	-101	-38	 9	 1
4.15	3.75	 8	0.71043		mirror		tx+	0.03	-101	-38	-30	-404
4.15	3.75	 8	0.71043		mirror		ty+	0.03	-101	-38	609	221
4.15	3.75	 8	0.71043		mirror		tz+	0.03	-101	-38	 0	 0
4.15	3.75	 8	0.73344		mirror		dx+	3.00	-100	-64	 0	 0
4.15	3.75	 8	0.73344		mirror		dy+	3.00	-100	-64	 0	 0
4.15	3.75	 8	0.73344		mirror		dz+	3.00	-100	-64	 9	 2
4.15	3.75	 8	0.73344		mirror		tx+	0.03	-100	-64	-46	-413
4.15	3.75	 8	0.73344		mirror		ty+	0.03	-100	-64	617	232
4.15	3.75	 8	0.73344		mirror		tz+	0.03	-100	-64	 0	 0
4.15	3.75	 7	0.73334		mirror		dx+	3.00	-109	40	 0	 0
4.15	3.75	 7	0.73334		mirror		dy+	3.00	-109	40	 0	 0
4.15	3.75	 7	0.73334		mirror		dz+	3.00	-109	40	 9	 1
4.15	3.75	 7	0.73334		mirror		tx+	0.03	-109	40	16	-392
4.15	3.75	 7	0.73334		mirror		ty+	0.03	-109	40	595	195
4.15	3.75	 7	0.73334		mirror		tz+	0.03	-109	40	 0	 0
4.15	3.75	 7	0.75953		mirror		dx+	3.00	-104	14	 0	 0
4.15	3.75	 7	0.75953		mirror		dy+	3.00	-104	14	 0	 0
4.15	3.75	 7	0.75953		mirror		dz+	3.00	-104	14	 9	 1
4.15	3.75	 7	0.75953		mirror		tx+	0.03	-104	14	 0	-393
4.15	3.75	 7	0.75953		mirror		ty+	0.03	-104	14	597	203
4.15	3.75	 7	0.75953		mirror		tz+	0.03	-104	14	 0	 0
4.15	3.75	 7	0.78573		mirror		dx+	3.00	-101	-11	 0	 0
4.15	3.75	 7	0.78573		mirror		dy+	3.00	-101	-11	 0	 0
4.15	3.75	 7	0.78573		mirror		dz+	3.00	-101	-11	 9	 1
4.15	3.75	 7	0.78573		mirror		tx+	0.03	-101	-11	-14	-397
4.15	3.75	 7	0.78573		mirror		ty+	0.03	-101	-11	600	211
4.15	3.75	 7	0.78573		mirror		tz+	0.03	-101	-11	 0	 0
4.15	3.75	 7	0.81595		mirror		dx+	3.00	-98	-42	 0	 0
4.15	3.75	 7	0.81595		mirror		dy+	3.00	-98	-42	 0	 0
4.15	3.75	 7	0.81595		mirror		dz+	3.00	-98	-42	 9	 1
4.15	3.75	 7	0.81595		mirror		tx+	0.03	-98	-42	-33	-405
4.15	3.75	 7	0.81595		mirror		ty+	0.03	-98	-42	607	222
4.15	3.75	 7	0.81595		mirror		tz+	0.03	-98	-42	 0	 0
4.15	3.75	 7	0.84617		mirror		dx+	3.00	-97	-72	 0	 0
4.15	3.75	 7	0.84617		mirror		dy+	3.00	-97	-72	 0	 0
4.15	3.75	 7	0.84617		mirror		dz+	3.00	-97	-72	 9	 2
4.15	3.75	 7	0.84617		mirror		tx+	0.03	-97	-72	-51	-416
4.15	3.75	 7	0.84617		mirror		ty+	0.03	-97	-72	617	234
4.15	3.75	 7	0.84617		mirror		tz+	0.03	-97	-72	 0	 0
4.15	3.75	 6	0.84617		mirror		dx+	3.00	-108	48	 0	 0
4.15	3.75	 6	0.84617		mirror		dy+	3.00	-108	48	 0	 0
4.15	3.75	 6	0.84617		mirror		dz+	3.00	-108	48	 9	 1
4.15	3.75	 6	0.84617		mirror		tx+	0.03	-108	48	20	-392
4.15	3.75	 6	0.84617		mirror		ty+	0.03	-108	48	591	193
4.15	3.75	 6	0.84617		mirror		tz+	0.03	-108	48	 0	 0
4.15	3.75	 6	0.88142		mirror		dx+	3.00	-103	18	 0	 0
4.15	3.75	 6	0.88142		mirror		dy+	3.00	-103	18	 0	 0
4.15	3.75	 6	0.88142		mirror		dz+	3.00	-103	18	 9	 1
4.15	3.75	 6	0.88142		mirror		tx+	0.03	-103	18	 2	-393
4.15	3.75	 6	0.88142		mirror		ty+	0.03	-103	18	593	201
4.15	3.75	 6	0.88142		mirror		tz+	0.03	-103	18	 0	 0
4.15	3.75	 6	0.91668		mirror		dx+	3.00	-99	-11	 0	 0
4.15	3.75	 6	0.91668		mirror		dy+	3.00	-99	-11	 0	 0
4.15	3.75	 6	0.91668		mirror		dz+	3.00	-99	-11	 9	 1
4.15	3.75	 6	0.91668		mirror		tx+	0.03	-99	-11	-15	-397
4.15	3.75	 6	0.91668		mirror		ty+	0.03	-99	-11	598	211
4.15	3.75	 6	0.91668		mirror		tz+	0.03	-99	-11	 0	 0
4.15	3.75	 6	0.95835		mirror		dx+	3.00	-96	-47	 0	 0
4.15	3.75	 6	0.95835		mirror		dy+	3.00	-96	-47	 0	 0
4.15	3.75	 6	0.95835		mirror		dz+	3.00	-96	-47	 9	 1
4.15	3.75	 6	0.95835		mirror		tx+	0.03	-96	-47	-36	-406
4.15	3.75	 6	0.95835		mirror		ty+	0.03	-96	-47	606	224
4.15	3.75	 6	0.95835		mirror		tz+	0.03	-96	-47	 0	 0
4.15	3.75	 6	1.00000		mirror		dx+	3.00	-95	-84	 0	 0
4.15	3.75	 6	1.00000		mirror		dy+	3.00	-95	-84	 0	 0
4.15	3.75	 6	1.00000		mirror		dz+	3.00	-95	-84	 9	 2
4.15	3.75	 6	1.00000		mirror		tx+	0.03	-95	-84	-58	-421
4.15	3.75	 6	1.00000		mirror		ty+	0.03	-95	-84	619	238
4.15	3.75	 6	1.00000		mirror		tz+	0.03	-95	-84	 0	 0
2.08	3.75	 9	0.57896		mirror		dx+	3.00	-60	42	 0	 0
2.08	3.75	 9	0.57896		mirror		dy+	3.00	-60	42	 0	 0
2.08	3.75	 9	0.57896		mirror		dz+	3.00	-60	42	 4	 0
2.08	3.75	 9	0.57896		mirror		tx+	0.03	-60	42	13	-391
2.08	3.75	 9	0.57896		mirror		ty+	0.03	-60	42	551	140
2.08	3.75	 9	0.57896		mirror		tz+	0.03	-60	42	 0	 0
2.08	3.75	 9	0.59504		mirror		dx+	3.00	-57	22	 0	 0
2.08	3.75	 9	0.59504		mirror		dy+	3.00	-57	22	 0	 0
2.08	3.75	 9	0.59504		mirror		dz+	3.00	-57	22	 4	 0
2.08	3.75	 9	0.59504		mirror		tx+	0.03	-57	22	 3	-392
2.08	3.75	 9	0.59504		mirror		ty+	0.03	-57	22	551	144
2.08	3.75	 9	0.59504		mirror		tz+	0.03	-57	22	 0	 0
2.08	3.75	 9	0.61112		mirror		dx+	3.00	-54	 2	 0	 0
2.08	3.75	 9	0.61112		mirror		dy+	3.00	-54	 2	 0	 0
2.08	3.75	 9	0.61112		mirror		dz+	3.00	-54	 2	 4	 0
2.08	3.75	 9	0.61112		mirror		tx+	0.03	-54	 2	-7	-394
2.08	3.75	 9	0.61112		mirror		ty+	0.03	-54	 2	551	148
2.08	3.75	 9	0.61112		mirror		tz+	0.03	-54	 2	 0	 0
2.08	3.75	 9	0.62909		mirror		dx+	3.00	-51	-20	 0	 0
2.08	3.75	 9	0.62909		mirror		dy+	3.00	-51	-20	 0	 0
2.08	3.75	 9	0.62909		mirror		dz+	3.00	-51	-20	 4	 0
2.08	3.75	 9	0.62909		mirror		tx+	0.03	-51	-20	-19	-399
2.08	3.75	 9	0.62909		mirror		ty+	0.03	-51	-20	553	154
2.08	3.75	 9	0.62909		mirror		tz+	0.03	-51	-20	 0	 0
2.08	3.75	 9	0.64707		mirror		dx+	3.00	-49	-43	 0	 0
2.08	3.75	 9	0.64707		mirror		dy+	3.00	-49	-43	 0	 0
2.08	3.75	 9	0.64707		mirror		dz+	3.00	-49	-43	 4	 0
2.08	3.75	 9	0.64707		mirror		tx+	0.03	-49	-43	-31	-406
2.08	3.75	 9	0.64707		mirror		ty+	0.03	-49	-43	557	159
2.08	3.75	 9	0.64707		mirror		tz+	0.03	-49	-43	 0	 0
2.08	3.75	 8	0.64707		mirror		dx+	3.00	-59	47	 0	 0
2.08	3.75	 8	0.64707		mirror		dy+	3.00	-59	47	 0	 0
2.08	3.75	 8	0.64707		mirror		dz+	3.00	-59	47	 4	 0
2.08	3.75	 8	0.64707		mirror		tx+	0.03	-59	47	15	-391
2.08	3.75	 8	0.64707		mirror		ty+	0.03	-59	47	549	139
2.08	3.75	 8	0.64707		mirror		tz+	0.03	-59	47	 0	 0
2.08	3.75	 8	0.66729		mirror		dx+	3.00	-55	25	 0	 0
2.08	3.75	 8	0.66729		mirror		dy+	3.00	-55	25	 0	 0
2.08	3.75	 8	0.66729		mirror		dz+	3.00	-55	25	 4	 0
2.08	3.75	 8	0.66729		mirror		tx+	0.03	-55	25	 3	-391
2.08	3.75	 8	0.66729		mirror		ty+	0.03	-55	25	548	143
2.08	3.75	 8	0.66729		mirror		tz+	0.03	-55	25	 0	 0
2.08	3.75	 8	0.68751		mirror		dx+	3.00	-51	 2	 0	 0
2.08	3.75	 8	0.68751		mirror		dy+	3.00	-51	 2	 0	 0
2.08	3.75	 8	0.68751		mirror		dz+	3.00	-51	 2	 4	 0
2.08	3.75	 8	0.68751		mirror		tx+	0.03	-51	 2	-7	-394
2.08	3.75	 8	0.68751		mirror		ty+	0.03	-51	 2	549	148
2.08	3.75	 8	0.68751		mirror		tz+	0.03	-51	 2	 0	 0
2.08	3.75	 8	0.71043		mirror		dx+	3.00	-49	-23	 0	 0
2.08	3.75	 8	0.71043		mirror		dy+	3.00	-49	-23	 0	 0
2.08	3.75	 8	0.71043		mirror		dz+	3.00	-49	-23	 4	 0
2.08	3.75	 8	0.71043		mirror		tx+	0.03	-49	-23	-20	-399
2.08	3.75	 8	0.71043		mirror		ty+	0.03	-49	-23	552	154
2.08	3.75	 8	0.71043		mirror		tz+	0.03	-49	-23	 0	 0
2.08	3.75	 8	0.73344		mirror		dx+	3.00	-47	-49	 0	 0
2.08	3.75	 8	0.73344		mirror		dy+	3.00	-47	-49	 0	 0
2.08	3.75	 8	0.73344		mirror		dz+	3.00	-47	-49	 4	 0
2.08	3.75	 8	0.73344		mirror		tx+	0.03	-47	-49	-34	-408
2.08	3.75	 8	0.73344		mirror		ty+	0.03	-47	-49	556	160
2.08	3.75	 8	0.73344		mirror		tz+	0.03	-47	-49	 0	 0
2.08	3.75	 7	0.73334		mirror		dx+	3.00	-57	53	 0	 0
2.08	3.75	 7	0.73334		mirror		dy+	3.00	-57	53	 0	 0
2.08	3.75	 7	0.73334		mirror		dz+	3.00	-57	53	 4	 0
2.08	3.75	 7	0.73334		mirror		tx+	0.03	-57	53	18	-390
2.08	3.75	 7	0.73334		mirror		ty+	0.03	-57	53	547	137
2.08	3.75	 7	0.73334		mirror		tz+	0.03	-57	53	 0	 0
2.08	3.75	 7	0.75953		mirror		dx+	3.00	-53	28	 0	 0
2.08	3.75	 7	0.75953		mirror		dy+	3.00	-53	28	 0	 0
2.08	3.75	 7	0.75953		mirror		dz+	3.00	-53	28	 4	 0
2.08	3.75	 7	0.75953		mirror		tx+	0.03	-53	28	 5	-391
2.08	3.75	 7	0.75953		mirror		ty+	0.03	-53	28	546	142
2.08	3.75	 7	0.75953		mirror		tz+	0.03	-53	28	 0	 0
2.08	3.75	 7	0.78573		mirror		dx+	3.00	-49	 2	 0	 0
2.08	3.75	 7	0.78573		mirror		dy+	3.00	-49	 2	 0	 0
2.08	3.75	 7	0.78573		mirror		dz+	3.00	-49	 2	 4	 0
2.08	3.75	 7	0.78573		mirror		tx+	0.03	-49	 2	-7	-394
2.08	3.75	 7	0.78573		mirror		ty+	0.03	-49	 2	547	147
2.08	3.75	 7	0.78573		mirror		tz+	0.03	-49	 2	 0	 0
2.08	3.75	 7	0.81595		mirror		dx+	3.00	-46	-27	 0	 0
2.08	3.75	 7	0.81595		mirror		dy+	3.00	-46	-27	 0	 0
2.08	3.75	 7	0.81595		mirror		dz+	3.00	-46	-27	 4	 0
2.08	3.75	 7	0.81595		mirror		tx+	0.03	-46	-27	-23	-400
2.08	3.75	 7	0.81595		mirror		ty+	0.03	-46	-27	550	154
2.08	3.75	 7	0.81595		mirror		tz+	0.03	-46	-27	 0	 0
2.08	3.75	 7	0.84617		mirror		dx+	3.00	-45	-57	 0	 0
2.08	3.75	 7	0.84617		mirror		dy+	3.00	-45	-57	 0	 0
2.08	3.75	 7	0.84617		mirror		dz+	3.00	-45	-57	 4	 0
2.08	3.75	 7	0.84617		mirror		tx+	0.03	-45	-57	-38	-411
2.08	3.75	 7	0.84617		mirror		ty+	0.03	-45	-57	556	162
2.08	3.75	 7	0.84617		mirror		tz+	0.03	-45	-57	 0	 0
2.08	3.75	 6	0.84617		mirror		dx+	3.00	-57	60	 0	 0
2.08	3.75	 6	0.84617		mirror		dy+	3.00	-57	60	 0	 0
2.08	3.75	 6	0.84617		mirror		dz+	3.00	-57	60	 4	 0
2.08	3.75	 6	0.84617		mirror		tx+	0.03	-57	60	22	-390
2.08	3.75	 6	0.84617		mirror		ty+	0.03	-57	60	545	136
2.08	3.75	 6	0.84617		mirror		tz+	0.03	-57	60	 0	 0
2.08	3.75	 6	0.88142		mirror		dx+	3.00	-51	31	 0	 0
2.08	3.75	 6	0.88142		mirror		dy+	3.00	-51	31	 0	 0
2.08	3.75	 6	0.88142		mirror		dz+	3.00	-51	31	 4	 0
2.08	3.75	 6	0.88142		mirror		tx+	0.03	-51	31	 6	-390
2.08	3.75	 6	0.88142		mirror		ty+	0.03	-51	31	544	141
2.08	3.75	 6	0.88142		mirror		tz+	0.03	-51	31	 0	 0
2.08	3.75	 6	0.91668		mirror		dx+	3.00	-47	 2	 0	 0
2.08	3.75	 6	0.91668		mirror		dy+	3.00	-47	 2	 0	 0
2.08	3.75	 6	0.91668		mirror		dz+	3.00	-47	 2	 4	 0
2.08	3.75	 6	0.91668		mirror		tx+	0.03	-47	 2	-8	-393
2.08	3.75	 6	0.91668		mirror		ty+	0.03	-47	 2	545	147
2.08	3.75	 6	0.91668		mirror		tz+	0.03	-47	 2	 0	 0
2.08	3.75	 6	0.95835		mirror		dx+	3.00	-44	-32	 0	 0
2.08	3.75	 6	0.95835		mirror		dy+	3.00	-44	-32	 0	 0
2.08	3.75	 6	0.95835		mirror		dz+	3.00	-44	-32	 4	 0
2.08	3.75	 6	0.95835		mirror		tx+	0.03	-44	-32	-25	-402
2.08	3.75	 6	0.95835		mirror		ty+	0.03	-44	-32	549	155
2.08	3.75	 6	0.95835		mirror		tz+	0.03	-44	-32	 0	 0
2.08	3.75	 6	1.00000		mirror		dx+	3.00	-43	-68	 0	 0
2.08	3.75	 6	1.00000		mirror		dy+	3.00	-43	-68	 0	 0
2.08	3.75	 6	1.00000		mirror		dz+	3.00	-43	-68	 4	 0
2.08	3.75	 6	1.00000		mirror		tx+	0.03	-43	-68	-44	-415
2.08	3.75	 6	1.00000		mirror		ty+	0.03	-43	-68	558	164
2.08	3.75	 6	1.00000		mirror		tz+	0.03	-43	-68	 0	 0
0.00	3.75	 9	0.57896		mirror		dx+	3.00	-12	52	 0	 0
0.00	3.75	 9	0.57896		mirror		dy+	3.00	-12	52	 0	 0
0.00	3.75	 9	0.57896		mirror		dz+	3.00	-12	52	 0	-1
0.00	3.75	 9	0.57896		mirror		tx+	0.03	-12	52	13	-390
0.00	3.75	 9	0.57896		mirror		ty+	0.03	-12	52	517	86
0.00	3.75	 9	0.57896		mirror		tz+	0.03	-12	52	 0	 0
0.00	3.75	 9	0.59504		mirror		dx+	3.00	-9	32	 0	 0
0.00	3.75	 9	0.59504		mirror		dy+	3.00	-9	32	 0	 0
0.00	3.75	 9	0.59504		mirror		dz+	3.00	-9	32	 0	-1
0.00	3.75	 9	0.59504		mirror		tx+	0.03	-9	32	 4	-390
0.00	3.75	 9	0.59504		mirror		ty+	0.03	-9	32	515	88
0.00	3.75	 9	0.59504		mirror		tz+	0.03	-9	32	 0	 0
0.00	3.75	 9	0.61112		mirror		dx+	3.00	-6	12	 0	 0
0.00	3.75	 9	0.61112		mirror		dy+	3.00	-6	12	 0	 0
0.00	3.75	 9	0.61112		mirror		dz+	3.00	-6	12	 0	-1
0.00	3.75	 9	0.61112		mirror		tx+	0.03	-6	12	-4	-392
0.00	3.75	 9	0.61112		mirror		ty+	0.03	-6	12	515	90
0.00	3.75	 9	0.61112		mirror		tz+	0.03	-6	12	 0	 0
0.00	3.75	 9	0.62909		mirror		dx+	3.00	-3	-10	 0	 0
0.00	3.75	 9	0.62909		mirror		dy+	3.00	-3	-10	 0	 0
0.00	3.75	 9	0.62909		mirror		dz+	3.00	-3	-10	 0	-1
0.00	3.75	 9	0.62909		mirror		tx+	0.03	-3	-10	-13	-396
0.00	3.75	 9	0.62909		mirror		ty+	0.03	-3	-10	515	93
0.00	3.75	 9	0.62909		mirror		tz+	0.03	-3	-10	 0	 0
0.00	3.75	 9	0.64707		mirror		dx+	3.00	-1	-32	 0	 0
0.00	3.75	 9	0.64707		mirror		dy+	3.00	-1	-32	 0	 0
0.00	3.75	 9	0.64707		mirror		dz+	3.00	-1	-32	 0	-1
0.00	3.75	 9	0.64707		mirror		tx+	0.03	-1	-32	-23	-403
0.00	3.75	 9	0.64707		mirror		ty+	0.03	-1	-32	517	95
0.00	3.75	 9	0.64707		mirror		tz+	0.03	-1	-32	 0	 0
0.00	3.75	 8	0.64707		mirror		dx+	3.00	-10	56	 0	 0
0.00	3.75	 8	0.64707		mirror		dy+	3.00	-10	56	 0	 0
0.00	3.75	 8	0.64707		mirror		dz+	3.00	-10	56	 0	-1
0.00	3.75	 8	0.64707		mirror		tx+	0.03	-10	56	15	-390
0.00	3.75	 8	0.64707		mirror		ty+	0.03	-10	56	516	85
0.00	3.75	 8	0.64707		mirror		tz+	0.03	-10	56	 0	 0
0.00	3.75	 8	0.66729		mirror		dx+	3.00	-7	34	 0	 0
0.00	3.75	 8	0.66729		mirror		dy+	3.00	-7	34	 0	 0
0.00	3.75	 8	0.66729		mirror		dz+	3.00	-7	34	 0	-1
0.00	3.75	 8	0.66729		mirror		tx+	0.03	-7	34	 5	-390
0.00	3.75	 8	0.66729		mirror		ty+	0.03	-7	34	514	88
0.00	3.75	 8	0.66729		mirror		tz+	0.03	-7	34	 0	 0
0.00	3.75	 8	0.68751		mirror		dx+	3.00	-4	12	 0	 0
0.00	3.75	 8	0.68751		mirror		dy+	3.00	-4	12	 0	 0
0.00	3.75	 8	0.68751		mirror		dz+	3.00	-4	12	 0	-1
0.00	3.75	 8	0.68751		mirror		tx+	0.03	-4	12	-4	-392
0.00	3.75	 8	0.68751		mirror		ty+	0.03	-4	12	513	90
0.00	3.75	 8	0.68751		mirror		tz+	0.03	-4	12	 0	 0
0.00	3.75	 8	0.71043		mirror		dx+	3.00	-1	-13	 0	 0
0.00	3.75	 8	0.71043		mirror		dy+	3.00	-1	-13	 0	 0
0.00	3.75	 8	0.71043		mirror		dz+	3.00	-1	-13	 0	-1
0.00	3.75	 8	0.71043		mirror		tx+	0.03	-1	-13	-15	-397
0.00	3.75	 8	0.71043		mirror		ty+	0.03	-1	-13	514	93
0.00	3.75	 8	0.71043		mirror		tz+	0.03	-1	-13	 0	 0
0.00	3.75	 8	0.73344		mirror		dx+	3.00	 1	-38	 0	 0
0.00	3.75	 8	0.73344		mirror		dy+	3.00	 1	-38	 0	 0
0.00	3.75	 8	0.73344		mirror		dz+	3.00	 1	-38	 0	-1
0.00	3.75	 8	0.73344		mirror		tx+	0.03	 1	-38	-26	-405
0.00	3.75	 8	0.73344		mirror		ty+	0.03	 1	-38	516	96
0.00	3.75	 8	0.73344		mirror		tz+	0.03	 1	-38	 0	 0
0.00	3.75	 7	0.73334		mirror		dx+	3.00	-9	62	 0	 0
0.00	3.75	 7	0.73334		mirror		dy+	3.00	-9	62	 0	 0
0.00	3.75	 7	0.73334		mirror		dz+	3.00	-9	62	 0	-1
0.00	3.75	 7	0.73334		mirror		tx+	0.03	-9	62	17	-390
0.00	3.75	 7	0.73334		mirror		ty+	0.03	-9	62	515	85
0.00	3.75	 7	0.73334		mirror		tz+	0.03	-9	62	 0	 0
0.00	3.75	 7	0.75953		mirror		dx+	3.00	-5	37	 0	 0
0.00	3.75	 7	0.75953		mirror		dy+	3.00	-5	37	 0	 0
0.00	3.75	 7	0.75953		mirror		dz+	3.00	-5	37	 0	-1
0.00	3.75	 7	0.75953		mirror		tx+	0.03	-5	37	 6	-390
0.00	3.75	 7	0.75953		mirror		ty+	0.03	-5	37	513	87
0.00	3.75	 7	0.75953		mirror		tz+	0.03	-5	37	 0	 0
0.00	3.75	 7	0.78573		mirror		dx+	3.00	-2	12	 0	 0
0.00	3.75	 7	0.78573		mirror		dy+	3.00	-2	12	 0	 0
0.00	3.75	 7	0.78573		mirror		dz+	3.00	-2	12	 0	-1
0.00	3.75	 7	0.78573		mirror		tx+	0.03	-2	12	-4	-392
0.00	3.75	 7	0.78573		mirror		ty+	0.03	-2	12	512	90
0.00	3.75	 7	0.78573		mirror		tz+	0.03	-2	12	 0	 0
0.00	3.75	 7	0.81595		mirror		dx+	3.00	 1	-17	 0	 0
0.00	3.75	 7	0.81595		mirror		dy+	3.00	 1	-17	 0	 0
0.00	3.75	 7	0.81595		mirror		dz+	3.00	 1	-17	 0	-1
0.00	3.75	 7	0.81595		mirror		tx+	0.03	 1	-17	-17	-398
0.00	3.75	 7	0.81595		mirror		ty+	0.03	 1	-17	513	93
0.00	3.75	 7	0.81595		mirror		tz+	0.03	 1	-17	 0	 0
0.00	3.75	 7	0.84617		mirror		dx+	3.00	 4	-46	 0	 0
0.00	3.75	 7	0.84617		mirror		dy+	3.00	 4	-46	 0	 0
0.00	3.75	 7	0.84617		mirror		dz+	3.00	 4	-46	 0	-1
0.00	3.75	 7	0.84617		mirror		tx+	0.03	 4	-46	-29	-407
0.00	3.75	 7	0.84617		mirror		ty+	0.03	 4	-46	516	96
0.00	3.75	 7	0.84617		mirror		tz+	0.03	 4	-46	 0	 0
0.00	3.75	 6	0.84617		mirror		dx+	3.00	-9	70	 0	 0
0.00	3.75	 6	0.84617		mirror		dy+	3.00	-9	70	 0	 0
0.00	3.75	 6	0.84617		mirror		dz+	3.00	-9	70	 0	-1
0.00	3.75	 6	0.84617		mirror		tx+	0.03	-9	70	20	-390
0.00	3.75	 6	0.84617		mirror		ty+	0.03	-9	70	515	84
0.00	3.75	 6	0.84617		mirror		tz+	0.03	-9	70	 0	 0
0.00	3.75	 6	0.88142		mirror		dx+	3.00	-4	41	 0	 0
0.00	3.75	 6	0.88142		mirror		dy+	3.00	-4	41	 0	 0
0.00	3.75	 6	0.88142		mirror		dz+	3.00	-4	41	 0	-1
0.00	3.75	 6	0.88142		mirror		tx+	0.03	-4	41	 7	-390
0.00	3.75	 6	0.88142		mirror		ty+	0.03	-4	41	512	87
0.00	3.75	 6	0.88142		mirror		tz+	0.03	-4	41	 0	 0
0.00	3.75	 6	0.91668		mirror		dx+	3.00	 0	12	 0	 0
0.00	3.75	 6	0.91668		mirror		dy+	3.00	 0	12	 0	 0
0.00	3.75	 6	0.91668		mirror		dz+	3.00	 0	12	 0	-1
0.00	3.75	 6	0.91668		mirror		tx+	0.03	 0	12	-4	-392
0.00	3.75	 6	0.91668		mirror		ty+	0.03	 0	12	511	89
0.00	3.75	 6	0.91668		mirror		tz+	0.03	 0	12	 0	 0
0.00	3.75	 6	0.95835		mirror		dx+	3.00	 4	-22	 0	 0
0.00	3.75	 6	0.95835		mirror		dy+	3.00	 4	-22	 0	 0
0.00	3.75	 6	0.95835		mirror		dz+	3.00	 4	-22	 0	-1
0.00	3.75	 6	0.95835		mirror		tx+	0.03	 4	-22	-19	-399
0.00	3.75	 6	0.95835		mirror		ty+	0.03	 4	-22	512	93
0.00	3.75	 6	0.95835		mirror		tz+	0.03	 4	-22	 0	 0
0.00	3.75	 6	1.00000		mirror		dx+	3.00	 6	-57	 0	 0
0.00	3.75	 6	1.00000		mirror		dy+	3.00	 6	-57	 0	 0
0.00	3.75	 6	1.00000		mirror		dz+	3.00	 6	-57	 0	-1
0.00	3.75	 6	1.00000		mirror		tx+	0.03	 6	-57	-34	-411
0.00	3.75	 6	1.00000		mirror		ty+	0.03	 6	-57	517	97
0.00	3.75	 6	1.00000		mirror		tz+	0.03	 6	-57	 0	 0
-2.08	3.75	 9	0.57896		mirror		dx+	3.00	34	58	 0	 0
-2.08	3.75	 9	0.57896		mirror		dy+	3.00	34	58	 0	 0
-2.08	3.75	 9	0.57896		mirror		dz+	3.00	34	58	-3	-1
-2.08	3.75	 9	0.57896		mirror		tx+	0.03	34	58	12	-390
-2.08	3.75	 9	0.57896		mirror		ty+	0.03	34	58	495	35
-2.08	3.75	 9	0.57896		mirror		tz+	0.03	34	58	 0	 0
-2.08	3.75	 9	0.59504		mirror		dx+	3.00	37	38	 0	 0
-2.08	3.75	 9	0.59504		mirror		dy+	3.00	37	38	 0	 0
-2.08	3.75	 9	0.59504		mirror		dz+	3.00	37	38	-3	-1
-2.08	3.75	 9	0.59504		mirror		tx+	0.03	37	38	 4	-391
-2.08	3.75	 9	0.59504		mirror		ty+	0.03	37	38	493	36
-2.08	3.75	 9	0.59504		mirror		tz+	0.03	37	38	 0	 0
-2.08	3.75	 9	0.61112		mirror		dx+	3.00	40	19	 0	 0
-2.08	3.75	 9	0.61112		mirror		dy+	3.00	40	19	 0	 0
-2.08	3.75	 9	0.61112		mirror		dz+	3.00	40	19	-3	-1
-2.08	3.75	 9	0.61112		mirror		tx+	0.03	40	19	-3	-392
-2.08	3.75	 9	0.61112		mirror		ty+	0.03	40	19	492	36
-2.08	3.75	 9	0.61112		mirror		tz+	0.03	40	19	 0	 0
-2.08	3.75	 9	0.62909		mirror		dx+	3.00	42	-3	 0	 0
-2.08	3.75	 9	0.62909		mirror		dy+	3.00	42	-3	 0	 0
-2.08	3.75	 9	0.62909		mirror		dz+	3.00	42	-3	-3	-1
-2.08	3.75	 9	0.62909		mirror		tx+	0.03	42	-3	-11	-396
-2.08	3.75	 9	0.62909		mirror		ty+	0.03	42	-3	491	36
-2.08	3.75	 9	0.62909		mirror		tz+	0.03	42	-3	 0	 0
-2.08	3.75	 9	0.64707		mirror		dx+	3.00	45	-25	 0	 0
-2.08	3.75	 9	0.64707		mirror		dy+	3.00	45	-25	 0	 0
-2.08	3.75	 9	0.64707		mirror		dz+	3.00	45	-25	-3	-1
-2.08	3.75	 9	0.64707		mirror		tx+	0.03	45	-25	-19	-402
-2.08	3.75	 9	0.64707		mirror		ty+	0.03	45	-25	492	36
-2.08	3.75	 9	0.64707		mirror		tz+	0.03	45	-25	 0	 0
-2.08	3.75	 8	0.64707		mirror		dx+	3.00	35	62	 0	 0
-2.08	3.75	 8	0.64707		mirror		dy+	3.00	35	62	 0	 0
-2.08	3.75	 8	0.64707		mirror		dz+	3.00	35	62	-3	-1
-2.08	3.75	 8	0.64707		mirror		tx+	0.03	35	62	13	-390
-2.08	3.75	 8	0.64707		mirror		ty+	0.03	35	62	495	35
-2.08	3.75	 8	0.64707		mirror		tz+	0.03	35	62	 0	 0
-2.08	3.75	 8	0.66729		mirror		dx+	3.00	39	41	 0	 0
-2.08	3.75	 8	0.66729		mirror		dy+	3.00	39	41	 0	 0
-2.08	3.75	 8	0.66729		mirror		dz+	3.00	39	41	-3	-1
-2.08	3.75	 8	0.66729		mirror		tx+	0.03	39	41	 4	-390
-2.08	3.75	 8	0.66729		mirror		ty+	0.03	39	41	493	35
-2.08	3.75	 8	0.66729		mirror		tz+	0.03	39	41	 0	 0
-2.08	3.75	 8	0.68751		mirror		dx+	3.00	42	19	 0	 0
-2.08	3.75	 8	0.68751		mirror		dy+	3.00	42	19	 0	 0
-2.08	3.75	 8	0.68751		mirror		dz+	3.00	42	19	-3	-1
-2.08	3.75	 8	0.68751		mirror		tx+	0.03	42	19	-3	-392
-2.08	3.75	 8	0.68751		mirror		ty+	0.03	42	19	491	36
-2.08	3.75	 8	0.68751		mirror		tz+	0.03	42	19	 0	 0
-2.08	3.75	 8	0.71043		mirror		dx+	3.00	45	-6	 0	 0
-2.08	3.75	 8	0.71043		mirror		dy+	3.00	45	-6	 0	 0
-2.08	3.75	 8	0.71043		mirror		dz+	3.00	45	-6	-3	-1
-2.08	3.75	 8	0.71043		mirror		tx+	0.03	45	-6	-12	-397
-2.08	3.75	 8	0.71043		mirror		ty+	0.03	45	-6	491	36
-2.08	3.75	 8	0.71043		mirror		tz+	0.03	45	-6	 0	 0
-2.08	3.75	 8	0.73344		mirror		dx+	3.00	47	-32	 0	 0
-2.08	3.75	 8	0.73344		mirror		dy+	3.00	47	-32	 0	 0
-2.08	3.75	 8	0.73344		mirror		dz+	3.00	47	-32	-3	-1
-2.08	3.75	 8	0.73344		mirror		tx+	0.03	47	-32	-21	-404
-2.08	3.75	 8	0.73344		mirror		ty+	0.03	47	-32	491	36
-2.08	3.75	 8	0.73344		mirror		tz+	0.03	47	-32	 0	 0
-2.08	3.75	 7	0.73334		mirror		dx+	3.00	36	68	 0	 0
-2.08	3.75	 7	0.73334		mirror		dy+	3.00	36	68	 0	 0
-2.08	3.75	 7	0.73334		mirror		dz+	3.00	36	68	-3	-1
-2.08	3.75	 7	0.73334		mirror		tx+	0.03	36	68	15	-390
-2.08	3.75	 7	0.73334		mirror		ty+	0.03	36	68	495	34
-2.08	3.75	 7	0.73334		mirror		tz+	0.03	36	68	 0	 0
-2.08	3.75	 7	0.75953		mirror		dx+	3.00	40	43	 0	 0
-2.08	3.75	 7	0.75953		mirror		dy+	3.00	40	43	 0	 0
-2.08	3.75	 7	0.75953		mirror		dz+	3.00	40	43	-3	-1
-2.08	3.75	 7	0.75953		mirror		tx+	0.03	40	43	 5	-390
-2.08	3.75	 7	0.75953		mirror		ty+	0.03	40	43	492	35
-2.08	3.75	 7	0.75953		mirror		tz+	0.03	40	43	 0	 0
-2.08	3.75	 7	0.78573		mirror		dx+	3.00	44	19	 0	 0
-2.08	3.75	 7	0.78573		mirror		dy+	3.00	44	19	 0	 0
-2.08	3.75	 7	0.78573		mirror		dz+	3.00	44	19	-3	-1
-2.08	3.75	 7	0.78573		mirror		tx+	0.03	44	19	-3	-392
-2.08	3.75	 7	0.78573		mirror		ty+	0.03	44	19	490	35
-2.08	3.75	 7	0.78573		mirror		tz+	0.03	44	19	 0	 0
-2.08	3.75	 7	0.81595		mirror		dx+	3.00	47	-10	 0	 0
-2.08	3.75	 7	0.81595		mirror		dy+	3.00	47	-10	 0	 0
-2.08	3.75	 7	0.81595		mirror		dz+	3.00	47	-10	-3	-1
-2.08	3.75	 7	0.81595		mirror		tx+	0.03	47	-10	-14	-398
-2.08	3.75	 7	0.81595		mirror		ty+	0.03	47	-10	490	35
-2.08	3.75	 7	0.81595		mirror		tz+	0.03	47	-10	 0	 0
-2.08	3.75	 7	0.84617		mirror		dx+	3.00	49	-39	 0	 0
-2.08	3.75	 7	0.84617		mirror		dy+	3.00	49	-39	 0	 0
-2.08	3.75	 7	0.84617		mirror		dz+	3.00	49	-39	-3	-1
-2.08	3.75	 7	0.84617		mirror		tx+	0.03	49	-39	-24	-406
-2.08	3.75	 7	0.84617		mirror		ty+	0.03	49	-39	491	36
-2.08	3.75	 7	0.84617		mirror		tz+	0.03	49	-39	 0	 0
-2.08	3.75	 6	0.84617		mirror		dx+	3.00	37	76	 0	 0
-2.08	3.75	 6	0.84617		mirror		dy+	3.00	37	76	 0	 0
-2.08	3.75	 6	0.84617		mirror		dz+	3.00	37	76	-3	-1
-2.08	3.75	 6	0.84617		mirror		tx+	0.03	37	76	17	-390
-2.08	3.75	 6	0.84617		mirror		ty+	0.03	37	76	495	34
-2.08	3.75	 6	0.84617		mirror		tz+	0.03	37	76	 0	 0
-2.08	3.75	 6	0.88142		mirror		dx+	3.00	42	47	 0	 0
-2.08	3.75	 6	0.88142		mirror		dy+	3.00	42	47	 0	 0
-2.08	3.75	 6	0.88142		mirror		dz+	3.00	42	47	-3	-1
-2.08	3.75	 6	0.88142		mirror		tx+	0.03	42	47	 6	-390
-2.08	3.75	 6	0.88142		mirror		ty+	0.03	42	47	492	35
-2.08	3.75	 6	0.88142		mirror		tz+	0.03	42	47	 0	 0
-2.08	3.75	 6	0.91668		mirror		dx+	3.00	45	19	 0	 0
-2.08	3.75	 6	0.91668		mirror		dy+	3.00	45	19	 0	 0
-2.08	3.75	 6	0.91668		mirror		dz+	3.00	45	19	-3	-1
-2.08	3.75	 6	0.91668		mirror		tx+	0.03	45	19	-3	-392
-2.08	3.75	 6	0.91668		mirror		ty+	0.03	45	19	490	35
-2.08	3.75	 6	0.91668		mirror		tz+	0.03	45	19	 0	 0
-2.08	3.75	 6	0.95835		mirror		dx+	3.00	49	-15	 0	 0
-2.08	3.75	 6	0.95835		mirror		dy+	3.00	49	-15	 0	 0
-2.08	3.75	 6	0.95835		mirror		dz+	3.00	49	-15	-3	-1
-2.08	3.75	 6	0.95835		mirror		tx+	0.03	49	-15	-16	-399
-2.08	3.75	 6	0.95835		mirror		ty+	0.03	49	-15	489	35
-2.08	3.75	 6	0.95835		mirror		tz+	0.03	49	-15	 0	 0
-2.08	3.75	 6	1.00000		mirror		dx+	3.00	51	-50	 0	 0
-2.08	3.75	 6	1.00000		mirror		dy+	3.00	51	-50	 0	 0
-2.08	3.75	 6	1.00000		mirror		dz+	3.00	51	-50	-3	-1
-2.08	3.75	 6	1.00000		mirror		tx+	0.03	51	-50	-29	-410
-2.08	3.75	 6	1.00000		mirror		ty+	0.03	51	-50	491	35
-2.08	3.75	 6	1.00000		mirror		tz+	0.03	51	-50	 0	 0
-4.15	3.75	 9	0.57896		mirror		dx+	3.00	78	61	 0	 0
-4.15	3.75	 9	0.57896		mirror		dy+	3.00	78	61	 0	 0
-4.15	3.75	 9	0.57896		mirror		dz+	3.00	78	61	-7	-1
-4.15	3.75	 9	0.57896		mirror		tx+	0.03	78	61	 9	-390
-4.15	3.75	 9	0.57896		mirror		ty+	0.03	78	61	481	-14
-4.15	3.75	 9	0.57896		mirror		tz+	0.03	78	61	 0	 0
-4.15	3.75	 9	0.59504		mirror		dx+	3.00	81	42	 0	 0
-4.15	3.75	 9	0.59504		mirror		dy+	3.00	81	42	 0	 0
-4.15	3.75	 9	0.59504		mirror		dz+	3.00	81	42	-7	-1
-4.15	3.75	 9	0.59504		mirror		tx+	0.03	81	42	 3	-391
-4.15	3.75	 9	0.59504		mirror		ty+	0.03	81	42	479	-15
-4.15	3.75	 9	0.59504		mirror		tz+	0.03	81	42	 0	 0
-4.15	3.75	 9	0.61112		mirror		dx+	3.00	83	22	 0	 0
-4.15	3.75	 9	0.61112		mirror		dy+	3.00	83	22	 0	 0
-4.15	3.75	 9	0.61112		mirror		dz+	3.00	83	22	-7	-1
-4.15	3.75	 9	0.61112		mirror		tx+	0.03	83	22	-3	-393
-4.15	3.75	 9	0.61112		mirror		ty+	0.03	83	22	477	-16
-4.15	3.75	 9	0.61112		mirror		tz+	0.03	83	22	 0	 0
-4.15	3.75	 9	0.62909		mirror		dx+	3.00	86	 0	 0	 0
-4.15	3.75	 9	0.62909		mirror		dy+	3.00	86	 0	 0	 0
-4.15	3.75	 9	0.62909		mirror		dz+	3.00	86	 0	-7	-1
-4.15	3.75	 9	0.62909		mirror		tx+	0.03	86	 0	-10	-397
-4.15	3.75	 9	0.62909		mirror		ty+	0.03	86	 0	476	-17
-4.15	3.75	 9	0.62909		mirror		tz+	0.03	86	 0	 0	 0
-4.15	3.75	 9	0.64707		mirror		dx+	3.00	88	-22	 0	 0
-4.15	3.75	 9	0.64707		mirror		dy+	3.00	88	-22	 0	 0
-4.15	3.75	 9	0.64707		mirror		dz+	3.00	88	-22	-7	-1
-4.15	3.75	 9	0.64707		mirror		tx+	0.03	88	-22	-17	-402
-4.15	3.75	 9	0.64707		mirror		ty+	0.03	88	-22	475	-19
-4.15	3.75	 9	0.64707		mirror		tz+	0.03	88	-22	 0	 0
-4.15	3.75	 8	0.64707		mirror		dx+	3.00	79	66	 0	 0
-4.15	3.75	 8	0.64707		mirror		dy+	3.00	79	66	 0	 0
-4.15	3.75	 8	0.64707		mirror		dz+	3.00	79	66	-7	-1
-4.15	3.75	 8	0.64707		mirror		tx+	0.03	79	66	11	-390
-4.15	3.75	 8	0.64707		mirror		ty+	0.03	79	66	481	-14
-4.15	3.75	 8	0.64707		mirror		tz+	0.03	79	66	 0	 0
-4.15	3.75	 8	0.66729		mirror		dx+	3.00	83	44	 0	 0
-4.15	3.75	 8	0.66729		mirror		dy+	3.00	83	44	 0	 0
-4.15	3.75	 8	0.66729		mirror		dz+	3.00	83	44	-7	-1
-4.15	3.75	 8	0.66729		mirror		tx+	0.03	83	44	 3	-391
-4.15	3.75	 8	0.66729		mirror		ty+	0.03	83	44	478	-15
-4.15	3.75	 8	0.66729		mirror		tz+	0.03	83	44	 0	 0
-4.15	3.75	 8	0.68751		mirror		dx+	3.00	85	22	 0	 0
-4.15	3.75	 8	0.68751		mirror		dy+	3.00	85	22	 0	 0
-4.15	3.75	 8	0.68751		mirror		dz+	3.00	85	22	-7	-1
-4.15	3.75	 8	0.68751		mirror		tx+	0.03	85	22	-3	-393
-4.15	3.75	 8	0.68751		mirror		ty+	0.03	85	22	477	-16
-4.15	3.75	 8	0.68751		mirror		tz+	0.03	85	22	 0	 0
-4.15	3.75	 8	0.71043		mirror		dx+	3.00	88	-3	 0	 0
-4.15	3.75	 8	0.71043		mirror		dy+	3.00	88	-3	 0	 0
-4.15	3.75	 8	0.71043		mirror		dz+	3.00	88	-3	-7	-1
-4.15	3.75	 8	0.71043		mirror		tx+	0.03	88	-3	-11	-398
-4.15	3.75	 8	0.71043		mirror		ty+	0.03	88	-3	475	-18
-4.15	3.75	 8	0.71043		mirror		tz+	0.03	88	-3	 0	 0
-4.15	3.75	 8	0.73344		mirror		dx+	3.00	91	-28	 0	 0
-4.15	3.75	 8	0.73344		mirror		dy+	3.00	91	-28	 0	 0
-4.15	3.75	 8	0.73344		mirror		dz+	3.00	91	-28	-7	-1
-4.15	3.75	 8	0.73344		mirror		tx+	0.03	91	-28	-19	-404
-4.15	3.75	 8	0.73344		mirror		ty+	0.03	91	-28	475	-20
-4.15	3.75	 8	0.73344		mirror		tz+	0.03	91	-28	 0	 0
-4.15	3.75	 7	0.73334		mirror		dx+	3.00	80	71	 0	 0
-4.15	3.75	 7	0.73334		mirror		dy+	3.00	80	71	 0	 0
-4.15	3.75	 7	0.73334		mirror		dz+	3.00	80	71	-7	-1
-4.15	3.75	 7	0.73334		mirror		tx+	0.03	80	71	12	-390
-4.15	3.75	 7	0.73334		mirror		ty+	0.03	80	71	481	-15
-4.15	3.75	 7	0.73334		mirror		tz+	0.03	80	71	 0	 0
-4.15	3.75	 7	0.75953		mirror		dx+	3.00	84	47	 0	 0
-4.15	3.75	 7	0.75953		mirror		dy+	3.00	84	47	 0	 0
-4.15	3.75	 7	0.75953		mirror		dz+	3.00	84	47	-7	-1
-4.15	3.75	 7	0.75953		mirror		tx+	0.03	84	47	 4	-391
-4.15	3.75	 7	0.75953		mirror		ty+	0.03	84	47	478	-15
-4.15	3.75	 7	0.75953		mirror		tz+	0.03	84	47	 0	 0
-4.15	3.75	 7	0.78573		mirror		dx+	3.00	87	22	 0	 0
-4.15	3.75	 7	0.78573		mirror		dy+	3.00	87	22	 0	 0
-4.15	3.75	 7	0.78573		mirror		dz+	3.00	87	22	-7	-1
-4.15	3.75	 7	0.78573		mirror		tx+	0.03	87	22	-3	-393
-4.15	3.75	 7	0.78573		mirror		ty+	0.03	87	22	476	-16
-4.15	3.75	 7	0.78573		mirror		tz+	0.03	87	22	 0	 0
-4.15	3.75	 7	0.81595		mirror		dx+	3.00	90	-7	 0	 0
-4.15	3.75	 7	0.81595		mirror		dy+	3.00	90	-7	 0	 0
-4.15	3.75	 7	0.81595		mirror		dz+	3.00	90	-7	-7	-1
-4.15	3.75	 7	0.81595		mirror		tx+	0.03	90	-7	-12	-399
-4.15	3.75	 7	0.81595		mirror		ty+	0.03	90	-7	475	-19
-4.15	3.75	 7	0.81595		mirror		tz+	0.03	90	-7	 0	 0
-4.15	3.75	 7	0.84617		mirror		dx+	3.00	93	-36	 0	 0
-4.15	3.75	 7	0.84617		mirror		dy+	3.00	93	-36	 0	 0
-4.15	3.75	 7	0.84617		mirror		dz+	3.00	93	-36	-7	-1
-4.15	3.75	 7	0.84617		mirror		tx+	0.03	93	-36	-22	-407
-4.15	3.75	 7	0.84617		mirror		ty+	0.03	93	-36	474	-21
-4.15	3.75	 7	0.84617		mirror		tz+	0.03	93	-36	 0	 0
-4.15	3.75	 6	0.84617		mirror		dx+	3.00	81	79	 0	 0
-4.15	3.75	 6	0.84617		mirror		dy+	3.00	81	79	 0	 0
-4.15	3.75	 6	0.84617		mirror		dz+	3.00	81	79	-7	-1
-4.15	3.75	 6	0.84617		mirror		tx+	0.03	81	79	15	-390
-4.15	3.75	 6	0.84617		mirror		ty+	0.03	81	79	481	-15
-4.15	3.75	 6	0.84617		mirror		tz+	0.03	81	79	 0	 0
-4.15	3.75	 6	0.88142		mirror		dx+	3.00	85	50	 0	 0
-4.15	3.75	 6	0.88142		mirror		dy+	3.00	85	50	 0	 0
-4.15	3.75	 6	0.88142		mirror		dz+	3.00	85	50	-7	-1
-4.15	3.75	 6	0.88142		mirror		tx+	0.03	85	50	 5	-391
-4.15	3.75	 6	0.88142		mirror		ty+	0.03	85	50	478	-15
-4.15	3.75	 6	0.88142		mirror		tz+	0.03	85	50	 0	 0
-4.15	3.75	 6	0.91668		mirror		dx+	3.00	89	22	 0	 0
-4.15	3.75	 6	0.91668		mirror		dy+	3.00	89	22	 0	 0
-4.15	3.75	 6	0.91668		mirror		dz+	3.00	89	22	-7	-1
-4.15	3.75	 6	0.91668		mirror		tx+	0.03	89	22	-4	-393
-4.15	3.75	 6	0.91668		mirror		ty+	0.03	89	22	476	-17
-4.15	3.75	 6	0.91668		mirror		tz+	0.03	89	22	 0	 0
-4.15	3.75	 6	0.95835		mirror		dx+	3.00	92	-12	 0	 0
-4.15	3.75	 6	0.95835		mirror		dy+	3.00	92	-12	 0	 0
-4.15	3.75	 6	0.95835		mirror		dz+	3.00	92	-12	-7	-1
-4.15	3.75	 6	0.95835		mirror		tx+	0.03	92	-12	-14	-400
-4.15	3.75	 6	0.95835		mirror		ty+	0.03	92	-12	474	-19
-4.15	3.75	 6	0.95835		mirror		tz+	0.03	92	-12	 0	 0
-4.15	3.75	 6	1.00000		mirror		dx+	3.00	95	-47	 0	 0
-4.15	3.75	 6	1.00000		mirror		dy+	3.00	95	-47	 0	 0
-4.15	3.75	 6	1.00000		mirror		dz+	3.00	95	-47	-7	-1
-4.15	3.75	 6	1.00000		mirror		tx+	0.03	95	-47	-26	-411
-4.15	3.75	 6	1.00000		mirror		ty+	0.03	95	-47	474	-22
-4.15	3.75	 6	1.00000		mirror		tz+	0.03	95	-47	 0	 0
4.15	4.50	 9	0.57896		mirror		dx+	3.00	-112	21	 0	 0
4.15	4.50	 9	0.57896		mirror		dy+	3.00	-112	21	 0	 0
4.15	4.50	 9	0.57896		mirror		dz+	3.00	-112	21	 9	 2
4.15	4.50	 9	0.57896		mirror		tx+	0.03	-112	21	 5	-409
4.15	4.50	 9	0.57896		mirror		ty+	0.03	-112	21	588	198
4.15	4.50	 9	0.57896		mirror		tz+	0.03	-112	21	 0	 0
4.15	4.50	 9	0.59504		mirror		dx+	3.00	-109	 0	 0	 0
4.15	4.50	 9	0.59504		mirror		dy+	3.00	-109	 0	 0	 0
4.15	4.50	 9	0.59504		mirror		dz+	3.00	-109	 0	10	 2
4.15	4.50	 9	0.59504		mirror		tx+	0.03	-109	 0	-7	-411
4.15	4.50	 9	0.59504		mirror		ty+	0.03	-109	 0	590	204
4.15	4.50	 9	0.59504		mirror		tz+	0.03	-109	 0	 0	 0
4.15	4.50	 9	0.61112		mirror		dx+	3.00	-106	-20	 0	 0
4.15	4.50	 9	0.61112		mirror		dy+	3.00	-106	-20	 0	 0
4.15	4.50	 9	0.61112		mirror		dz+	3.00	-106	-20	 9	 2
4.15	4.50	 9	0.61112		mirror		tx+	0.03	-106	-20	-20	-415
4.15	4.50	 9	0.61112		mirror		ty+	0.03	-106	-20	594	211
4.15	4.50	 9	0.61112		mirror		tz+	0.03	-106	-20	 0	 0
4.15	4.50	 9	0.62909		mirror		dx+	3.00	-104	-44	 0	 0
4.15	4.50	 9	0.62909		mirror		dy+	3.00	-104	-44	 0	 0
4.15	4.50	 9	0.62909		mirror		dz+	3.00	-104	-44	 9	 2
4.15	4.50	 9	0.62909		mirror		tx+	0.03	-104	-44	-35	-422
4.15	4.50	 9	0.62909		mirror		ty+	0.03	-104	-44	599	220
4.15	4.50	 9	0.62909		mirror		tz+	0.03	-104	-44	 0	 0
4.15	4.50	 9	0.64707		mirror		dx+	3.00	-103	-67	 0	 0
4.15	4.50	 9	0.64707		mirror		dy+	3.00	-103	-67	 0	 0
4.15	4.50	 9	0.64707		mirror		dz+	3.00	-103	-67	 9	 2
4.15	4.50	 9	0.64707		mirror		tx+	0.03	-103	-67	-49	-430
4.15	4.50	 9	0.64707		mirror		ty+	0.03	-103	-67	606	229
4.15	4.50	 9	0.64707		mirror		tz+	0.03	-103	-67	 0	 0
4.15	4.50	 8	0.64707		mirror		dx+	3.00	-110	25	 0	 0
4.15	4.50	 8	0.64707		mirror		dy+	3.00	-110	25	 0	 0
4.15	4.50	 8	0.64707		mirror		dz+	3.00	-110	25	 9	 2
4.15	4.50	 8	0.64707		mirror		tx+	0.03	-110	25	 8	-409
4.15	4.50	 8	0.64707		mirror		ty+	0.03	-110	25	584	196
4.15	4.50	 8	0.64707		mirror		tz+	0.03	-110	25	 0	 0
4.15	4.50	 8	0.66729		mirror		dx+	3.00	-106	 3	 0	 0
4.15	4.50	 8	0.66729		mirror		dy+	3.00	-106	 3	 0	 0
4.15	4.50	 8	0.66729		mirror		dz+	3.00	-106	 3	 9	 2
4.15	4.50	 8	0.66729		mirror		tx+	0.03	-106	 3	-6	-410
4.15	4.50	 8	0.66729		mirror		ty+	0.03	-106	 3	587	203
4.15	4.50	 8	0.66729		mirror		tz+	0.03	-106	 3	 0	 0
4.15	4.50	 8	0.68751		mirror		dx+	3.00	-103	-20	 0	 0
4.15	4.50	 8	0.68751		mirror		dy+	3.00	-103	-20	 0	 0
4.15	4.50	 8	0.68751		mirror		dz+	3.00	-103	-20	 9	 2
4.15	4.50	 8	0.68751		mirror		tx+	0.03	-103	-20	-20	-415
4.15	4.50	 8	0.68751		mirror		ty+	0.03	-103	-20	590	210
4.15	4.50	 8	0.68751		mirror		tz+	0.03	-103	-20	 0	 0
4.15	4.50	 8	0.71043		mirror		dx+	3.00	-101	-47	 0	 0
4.15	4.50	 8	0.71043		mirror		dy+	3.00	-101	-47	 0	 0
4.15	4.50	 8	0.71043		mirror		dz+	3.00	-101	-47	 9	 2
4.15	4.50	 8	0.71043		mirror		tx+	0.03	-101	-47	-37	-422
4.15	4.50	 8	0.71043		mirror		ty+	0.03	-101	-47	597	220
4.15	4.50	 8	0.71043		mirror		tz+	0.03	-101	-47	 0	 0
4.15	4.50	 8	0.73344		mirror		dx+	3.00	-100	-73	 0	 0
4.15	4.50	 8	0.73344		mirror		dy+	3.00	-100	-73	 0	 0
4.15	4.50	 8	0.73344		mirror		dz+	3.00	-100	-73	 9	 2
4.15	4.50	 8	0.73344		mirror		tx+	0.03	-100	-73	-53	-433
4.15	4.50	 8	0.73344		mirror		ty+	0.03	-100	-73	605	230
4.15	4.50	 8	0.73344		mirror		tz+	0.03	-100	-73	 0	 0
4.15	4.50	 7	0.73334		mirror		dx+	3.00	-108	31	 0	 0
4.15	4.50	 7	0.73334		mirror		dy+	3.00	-108	31	 0	 0
4.15	4.50	 7	0.73334		mirror		dz+	3.00	-108	31	 9	 2
4.15	4.50	 7	0.73334		mirror		tx+	0.03	-108	31	11	-408
4.15	4.50	 7	0.73334		mirror		ty+	0.03	-108	31	581	194
4.15	4.50	 7	0.73334		mirror		tz+	0.03	-108	31	 0	 0
4.15	4.50	 7	0.75953		mirror		dx+	3.00	-104	 6	 0	 0
4.15	4.50	 7	0.75953		mirror		dy+	3.00	-104	 6	 0	 0
4.15	4.50	 7	0.75953		mirror		dz+	3.00	-104	 6	 9	 2
4.15	4.50	 7	0.75953		mirror		tx+	0.03	-104	 6	-4	-410
4.15	4.50	 7	0.75953		mirror		ty+	0.03	-104	 6	583	201
4.15	4.50	 7	0.75953		mirror		tz+	0.03	-104	 6	 0	 0
4.15	4.50	 7	0.78573		mirror		dx+	3.00	-101	-20	 0	 0
4.15	4.50	 7	0.78573		mirror		dy+	3.00	-101	-20	 0	 0
4.15	4.50	 7	0.78573		mirror		dz+	3.00	-101	-20	 9	 2
4.15	4.50	 7	0.78573		mirror		tx+	0.03	-101	-20	-20	-414
4.15	4.50	 7	0.78573		mirror		ty+	0.03	-101	-20	587	210
4.15	4.50	 7	0.78573		mirror		tz+	0.03	-101	-20	 0	 0
4.15	4.50	 7	0.81595		mirror		dx+	3.00	-99	-51	 0	 0
4.15	4.50	 7	0.81595		mirror		dy+	3.00	-99	-51	 0	 0
4.15	4.50	 7	0.81595		mirror		dz+	3.00	-99	-51	 9	 2
4.15	4.50	 7	0.81595		mirror		tx+	0.03	-99	-51	-39	-424
4.15	4.50	 7	0.81595		mirror		ty+	0.03	-99	-51	595	221
4.15	4.50	 7	0.81595		mirror		tz+	0.03	-99	-51	 0	 0
4.15	4.50	 7	0.84617		mirror		dx+	3.00	-98	-82	 0	 0
4.15	4.50	 7	0.84617		mirror		dy+	3.00	-98	-82	 0	 0
4.15	4.50	 7	0.84617		mirror		dz+	3.00	-98	-82	 9	 2
4.15	4.50	 7	0.84617		mirror		tx+	0.03	-98	-82	-58	-436
4.15	4.50	 7	0.84617		mirror		ty+	0.03	-98	-82	605	233
4.15	4.50	 7	0.84617		mirror		tz+	0.03	-98	-82	 0	 0
4.15	4.50	 6	0.84617		mirror		dx+	3.00	-107	39	 0	 0
4.15	4.50	 6	0.84617		mirror		dy+	3.00	-107	39	 0	 0
4.15	4.50	 6	0.84617		mirror		dz+	3.00	-107	39	 9	 2
4.15	4.50	 6	0.84617		mirror		tx+	0.03	-107	39	16	-407
4.15	4.50	 6	0.84617		mirror		ty+	0.03	-107	39	577	191
4.15	4.50	 6	0.84617		mirror		tz+	0.03	-107	39	 0	 0
4.15	4.50	 6	0.88142		mirror		dx+	3.00	-102	10	 0	 0
4.15	4.50	 6	0.88142		mirror		dy+	3.00	-102	10	 0	 0
4.15	4.50	 6	0.88142		mirror		dz+	3.00	-102	10	 9	 2
4.15	4.50	 6	0.88142		mirror		tx+	0.03	-102	10	-2	-409
4.15	4.50	 6	0.88142		mirror		ty+	0.03	-102	10	580	199
4.15	4.50	 6	0.88142		mirror		tz+	0.03	-102	10	 0	 0
4.15	4.50	 6	0.91668		mirror		dx+	3.00	-99	-20	 0	 0
4.15	4.50	 6	0.91668		mirror		dy+	3.00	-99	-20	 0	 0
4.15	4.50	 6	0.91668		mirror		dz+	3.00	-99	-20	 9	 2
4.15	4.50	 6	0.91668		mirror		tx+	0.03	-99	-20	-20	-414
4.15	4.50	 6	0.91668		mirror		ty+	0.03	-99	-20	585	209
4.15	4.50	 6	0.91668		mirror		tz+	0.03	-99	-20	 0	 0
4.15	4.50	 6	0.95835		mirror		dx+	3.00	-97	-56	 0	 0
4.15	4.50	 6	0.95835		mirror		dy+	3.00	-97	-56	 0	 0
4.15	4.50	 6	0.95835		mirror		dz+	3.00	-97	-56	 9	 2
4.15	4.50	 6	0.95835		mirror		tx+	0.03	-97	-56	-43	-426
4.15	4.50	 6	0.95835		mirror		ty+	0.03	-97	-56	594	223
4.15	4.50	 6	0.95835		mirror		tz+	0.03	-97	-56	 0	 0
4.15	4.50	 6	1.00000		mirror		dx+	3.00	-96	-93	 0	 0
4.15	4.50	 6	1.00000		mirror		dy+	3.00	-96	-93	 0	 0
4.15	4.50	 6	1.00000		mirror		dz+	3.00	-96	-93	 9	 2
4.15	4.50	 6	1.00000		mirror		tx+	0.03	-96	-93	-65	-441
4.15	4.50	 6	1.00000		mirror		ty+	0.03	-96	-93	607	236
4.15	4.50	 6	1.00000		mirror		tz+	0.03	-96	-93	 0	 0
2.08	4.50	 9	0.57896		mirror		dx+	3.00	-60	33	 0	 0
2.08	4.50	 9	0.57896		mirror		dy+	3.00	-60	33	 0	 0
2.08	4.50	 9	0.57896		mirror		dz+	3.00	-60	33	 4	 0
2.08	4.50	 9	0.57896		mirror		tx+	0.03	-60	33	 9	-406
2.08	4.50	 9	0.57896		mirror		ty+	0.03	-60	33	538	138
2.08	4.50	 9	0.57896		mirror		tz+	0.03	-60	33	 0	 0
2.08	4.50	 9	0.59504		mirror		dx+	3.00	-57	14	 0	 0
2.08	4.50	 9	0.59504		mirror		dy+	3.00	-57	14	 0	 0
2.08	4.50	 9	0.59504		mirror		dz+	3.00	-57	14	 4	 0
2.08	4.50	 9	0.59504		mirror		tx+	0.03	-57	14	-1	-407
2.08	4.50	 9	0.59504		mirror		ty+	0.03	-57	14	537	142
2.08	4.50	 9	0.59504		mirror		tz+	0.03	-57	14	 0	 0
2.08	4.50	 9	0.61112		mirror		dx+	3.00	-54	-6	 0	 0
2.08	4.50	 9	0.61112		mirror		dy+	3.00	-54	-6	 0	 0
2.08	4.50	 9	0.61112		mirror		dz+	3.00	-54	-6	 4	 0
2.08	4.50	 9	0.61112		mirror		tx+	0.03	-54	-6	-12	-410
2.08	4.50	 9	0.61112		mirror		ty+	0.03	-54	-6	538	147
2.08	4.50	 9	0.61112		mirror		tz+	0.03	-54	-6	 0	 0
2.08	4.50	 9	0.62909		mirror		dx+	3.00	-52	-29	 0	 0
2.08	4.50	 9	0.62909		mirror		dy+	3.00	-52	-29	 0	 0
2.08	4.50	 9	0.62909		mirror		dz+	3.00	-52	-29	 4	 0
2.08	4.50	 9	0.62909		mirror		tx+	0.03	-52	-29	-24	-416
2.08	4.50	 9	0.62909		mirror		ty+	0.03	-52	-29	541	152
2.08	4.50	 9	0.62909		mirror		tz+	0.03	-52	-29	 0	 0
2.08	4.50	 9	0.64707		mirror		dx+	3.00	-50	-52	 0	 0
2.08	4.50	 9	0.64707		mirror		dy+	3.00	-50	-52	 0	 0
2.08	4.50	 9	0.64707		mirror		dz+	3.00	-50	-52	 4	 0
2.08	4.50	 9	0.64707		mirror		tx+	0.03	-50	-52	-37	-424
2.08	4.50	 9	0.64707		mirror		ty+	0.03	-50	-52	546	158
2.08	4.50	 9	0.64707		mirror		tz+	0.03	-50	-52	 0	 0
2.08	4.50	 8	0.64707		mirror		dx+	3.00	-58	38	 0	 0
2.08	4.50	 8	0.64707		mirror		dy+	3.00	-58	38	 0	 0
2.08	4.50	 8	0.64707		mirror		dz+	3.00	-58	38	 4	 0
2.08	4.50	 8	0.64707		mirror		tx+	0.03	-58	38	12	-405
2.08	4.50	 8	0.64707		mirror		ty+	0.03	-58	38	535	137
2.08	4.50	 8	0.64707		mirror		tz+	0.03	-58	38	 0	 0
2.08	4.50	 8	0.66729		mirror		dx+	3.00	-55	16	 0	 0
2.08	4.50	 8	0.66729		mirror		dy+	3.00	-55	16	 0	 0
2.08	4.50	 8	0.66729		mirror		dz+	3.00	-55	16	 4	 0
2.08	4.50	 8	0.66729		mirror		tx+	0.03	-55	16	 0	-407
2.08	4.50	 8	0.66729		mirror		ty+	0.03	-55	16	535	141
2.08	4.50	 8	0.66729		mirror		tz+	0.03	-55	16	 0	 0
2.08	4.50	 8	0.68751		mirror		dx+	3.00	-52	-6	 0	 0
2.08	4.50	 8	0.68751		mirror		dy+	3.00	-52	-6	 0	 0
2.08	4.50	 8	0.68751		mirror		dz+	3.00	-52	-6	 4	 0
2.08	4.50	 8	0.68751		mirror		tx+	0.03	-52	-6	-12	-410
2.08	4.50	 8	0.68751		mirror		ty+	0.03	-52	-6	536	146
2.08	4.50	 8	0.68751		mirror		tz+	0.03	-52	-6	 0	 0
2.08	4.50	 8	0.71043		mirror		dx+	3.00	-49	-32	 0	 0
2.08	4.50	 8	0.71043		mirror		dy+	3.00	-49	-32	 0	 0
2.08	4.50	 8	0.71043		mirror		dz+	3.00	-49	-32	 4	 0
2.08	4.50	 8	0.71043		mirror		tx+	0.03	-49	-32	-26	-417
2.08	4.50	 8	0.71043		mirror		ty+	0.03	-49	-32	539	152
2.08	4.50	 8	0.71043		mirror		tz+	0.03	-49	-32	 0	 0
2.08	4.50	 8	0.73344		mirror		dx+	3.00	-48	-58	 0	 0
2.08	4.50	 8	0.73344		mirror		dy+	3.00	-48	-58	 0	 0
2.08	4.50	 8	0.73344		mirror		dz+	3.00	-48	-58	 4	 0
2.08	4.50	 8	0.73344		mirror		tx+	0.03	-48	-58	-40	-427
2.08	4.50	 8	0.73344		mirror		ty+	0.03	-48	-58	545	159
2.08	4.50	 8	0.73344		mirror		tz+	0.03	-48	-58	 0	 0
2.08	4.50	 7	0.73334		mirror		dx+	3.00	-57	44	 0	 0
2.08	4.50	 7	0.73334		mirror		dy+	3.00	-57	44	 0	 0
2.08	4.50	 7	0.73334		mirror		dz+	3.00	-57	44	 4	 0
2.08	4.50	 7	0.73334		mirror		tx+	0.03	-57	44	14	-405
2.08	4.50	 7	0.73334		mirror		ty+	0.03	-57	44	533	136
2.08	4.50	 7	0.73334		mirror		tz+	0.03	-57	44	 0	 0
2.08	4.50	 7	0.75953		mirror		dx+	3.00	-53	19	 0	 0
2.08	4.50	 7	0.75953		mirror		dy+	3.00	-53	19	 0	 0
2.08	4.50	 7	0.75953		mirror		dz+	3.00	-53	19	 4	 0
2.08	4.50	 7	0.75953		mirror		tx+	0.03	-53	19	 1	-406
2.08	4.50	 7	0.75953		mirror		ty+	0.03	-53	19	533	140
2.08	4.50	 7	0.75953		mirror		tz+	0.03	-53	19	 0	 0
2.08	4.50	 7	0.78573		mirror		dx+	3.00	-49	-6	 0	 0
2.08	4.50	 7	0.78573		mirror		dy+	3.00	-49	-6	 0	 0
2.08	4.50	 7	0.78573		mirror		dz+	3.00	-49	-6	 4	 0
2.08	4.50	 7	0.78573		mirror		tx+	0.03	-49	-6	-12	-410
2.08	4.50	 7	0.78573		mirror		ty+	0.03	-49	-6	534	146
2.08	4.50	 7	0.78573		mirror		tz+	0.03	-49	-6	 0	 0
2.08	4.50	 7	0.81595		mirror		dx+	3.00	-47	-36	 0	 0
2.08	4.50	 7	0.81595		mirror		dy+	3.00	-47	-36	 0	 0
2.08	4.50	 7	0.81595		mirror		dz+	3.00	-47	-36	 4	 0
2.08	4.50	 7	0.81595		mirror		tx+	0.03	-47	-36	-28	-418
2.08	4.50	 7	0.81595		mirror		ty+	0.03	-47	-36	538	153
2.08	4.50	 7	0.81595		mirror		tz+	0.03	-47	-36	 0	 0
2.08	4.50	 7	0.84617		mirror		dx+	3.00	-46	-66	 0	 0
2.08	4.50	 7	0.84617		mirror		dy+	3.00	-46	-66	 0	 0
2.08	4.50	 7	0.84617		mirror		dz+	3.00	-46	-66	 4	 0
2.08	4.50	 7	0.84617		mirror		tx+	0.03	-46	-66	-44	-430
2.08	4.50	 7	0.84617		mirror		ty+	0.03	-46	-66	545	161
2.08	4.50	 7	0.84617		mirror		tz+	0.03	-46	-66	 0	 0
2.08	4.50	 6	0.84617		mirror		dx+	3.00	-56	52	 0	 0
2.08	4.50	 6	0.84617		mirror		dy+	3.00	-56	52	 0	 0
2.08	4.50	 6	0.84617		mirror		dz+	3.00	-56	52	 4	 0
2.08	4.50	 6	0.84617		mirror		tx+	0.03	-56	52	18	-405
2.08	4.50	 6	0.84617		mirror		ty+	0.03	-56	52	531	134
2.08	4.50	 6	0.84617		mirror		tz+	0.03	-56	52	 0	 0
2.08	4.50	 6	0.88142		mirror		dx+	3.00	-51	23	 0	 0
2.08	4.50	 6	0.88142		mirror		dy+	3.00	-51	23	 0	 0
2.08	4.50	 6	0.88142		mirror		dz+	3.00	-51	23	 4	 0
2.08	4.50	 6	0.88142		mirror		tx+	0.03	-51	23	 2	-406
2.08	4.50	 6	0.88142		mirror		ty+	0.03	-51	23	531	139
2.08	4.50	 6	0.88142		mirror		tz+	0.03	-51	23	 0	 0
2.08	4.50	 6	0.91668		mirror		dx+	3.00	-48	-6	 0	 0
2.08	4.50	 6	0.91668		mirror		dy+	3.00	-48	-6	 0	 0
2.08	4.50	 6	0.91668		mirror		dz+	3.00	-48	-6	 4	 0
2.08	4.50	 6	0.91668		mirror		tx+	0.03	-48	-6	-12	-410
2.08	4.50	 6	0.91668		mirror		ty+	0.03	-48	-6	532	145
2.08	4.50	 6	0.91668		mirror		tz+	0.03	-48	-6	 0	 0
2.08	4.50	 6	0.95835		mirror		dx+	3.00	-45	-41	 0	 0
2.08	4.50	 6	0.95835		mirror		dy+	3.00	-45	-41	 0	 0
2.08	4.50	 6	0.95835		mirror		dz+	3.00	-45	-41	 4	 0
2.08	4.50	 6	0.95835		mirror		tx+	0.03	-45	-41	-31	-420
2.08	4.50	 6	0.95835		mirror		ty+	0.03	-45	-41	537	153
2.08	4.50	 6	0.95835		mirror		tz+	0.03	-45	-41	 0	 0
2.08	4.50	 6	1.00000		mirror		dx+	3.00	-44	-77	 0	 0
2.08	4.50	 6	1.00000		mirror		dy+	3.00	-44	-77	 0	 0
2.08	4.50	 6	1.00000		mirror		dz+	3.00	-44	-77	 4	 0
2.08	4.50	 6	1.00000		mirror		tx+	0.03	-44	-77	-50	-435
2.08	4.50	 6	1.00000		mirror		ty+	0.03	-44	-77	546	163
2.08	4.50	 6	1.00000		mirror		tz+	0.03	-44	-77	 0	 0
0.00	4.50	 9	0.57896		mirror		dx+	3.00	-12	43	 0	 0
0.00	4.50	 9	0.57896		mirror		dy+	3.00	-12	43	 0	 0
0.00	4.50	 9	0.57896		mirror		dz+	3.00	-12	43	 0	 0
0.00	4.50	 9	0.57896		mirror		tx+	0.03	-12	43	10	-404
0.00	4.50	 9	0.57896		mirror		ty+	0.03	-12	43	504	84
0.00	4.50	 9	0.57896		mirror		tz+	0.03	-12	43	 0	 0
0.00	4.50	 9	0.59504		mirror		dx+	3.00	-9	23	 0	 0
0.00	4.50	 9	0.59504		mirror		dy+	3.00	-9	23	 0	 0
0.00	4.50	 9	0.59504		mirror		dz+	3.00	-9	23	 0	 0
0.00	4.50	 9	0.59504		mirror		tx+	0.03	-9	23	 1	-405
0.00	4.50	 9	0.59504		mirror		ty+	0.03	-9	23	502	86
0.00	4.50	 9	0.59504		mirror		tz+	0.03	-9	23	 0	 0
0.00	4.50	 9	0.61112		mirror		dx+	3.00	-6	 4	 0	 0
0.00	4.50	 9	0.61112		mirror		dy+	3.00	-6	 4	 0	 0
0.00	4.50	 9	0.61112		mirror		dz+	3.00	-6	 4	 0	 0
0.00	4.50	 9	0.61112		mirror		tx+	0.03	-6	 4	-7	-408
0.00	4.50	 9	0.61112		mirror		ty+	0.03	-6	 4	502	88
0.00	4.50	 9	0.61112		mirror		tz+	0.03	-6	 4	 0	 0
0.00	4.50	 9	0.62909		mirror		dx+	3.00	-3	-19	 0	 0
0.00	4.50	 9	0.62909		mirror		dy+	3.00	-3	-19	 0	 0
0.00	4.50	 9	0.62909		mirror		dz+	3.00	-3	-19	 0	 0
0.00	4.50	 9	0.62909		mirror		tx+	0.03	-3	-19	-17	-413
0.00	4.50	 9	0.62909		mirror		ty+	0.03	-3	-19	503	91
0.00	4.50	 9	0.62909		mirror		tz+	0.03	-3	-19	 0	 0
0.00	4.50	 9	0.64707		mirror		dx+	3.00	-2	-41	 0	 0
0.00	4.50	 9	0.64707		mirror		dy+	3.00	-2	-41	 0	 0
0.00	4.50	 9	0.64707		mirror		dz+	3.00	-2	-41	 0	 0
0.00	4.50	 9	0.64707		mirror		tx+	0.03	-2	-41	-28	-420
0.00	4.50	 9	0.64707		mirror		ty+	0.03	-2	-41	505	94
0.00	4.50	 9	0.64707		mirror		tz+	0.03	-2	-41	 0	 0
0.00	4.50	 8	0.64707		mirror		dx+	3.00	-10	48	 0	 0
0.00	4.50	 8	0.64707		mirror		dy+	3.00	-10	48	 0	 0
0.00	4.50	 8	0.64707		mirror		dz+	3.00	-10	48	 0	 0
0.00	4.50	 8	0.64707		mirror		tx+	0.03	-10	48	12	-404
0.00	4.50	 8	0.64707		mirror		ty+	0.03	-10	48	502	83
0.00	4.50	 8	0.64707		mirror		tz+	0.03	-10	48	 0	 0
0.00	4.50	 8	0.66729		mirror		dx+	3.00	-7	26	 0	 0
0.00	4.50	 8	0.66729		mirror		dy+	3.00	-7	26	 0	 0
0.00	4.50	 8	0.66729		mirror		dz+	3.00	-7	26	 0	 0
0.00	4.50	 8	0.66729		mirror		tx+	0.03	-7	26	 2	-405
0.00	4.50	 8	0.66729		mirror		ty+	0.03	-7	26	501	86
0.00	4.50	 8	0.66729		mirror		tz+	0.03	-7	26	 0	 0
0.00	4.50	 8	0.68751		mirror		dx+	3.00	-4	 4	 0	 0
0.00	4.50	 8	0.68751		mirror		dy+	3.00	-4	 4	 0	 0
0.00	4.50	 8	0.68751		mirror		dz+	3.00	-4	 4	 0	 0
0.00	4.50	 8	0.68751		mirror		tx+	0.03	-4	 4	-7	-408
0.00	4.50	 8	0.68751		mirror		ty+	0.03	-4	 4	501	88
0.00	4.50	 8	0.68751		mirror		tz+	0.03	-4	 4	 0	 0
0.00	4.50	 8	0.71043		mirror		dx+	3.00	-1	-22	 0	 0
0.00	4.50	 8	0.71043		mirror		dy+	3.00	-1	-22	 0	 0
0.00	4.50	 8	0.71043		mirror		dz+	3.00	-1	-22	 0	 0
0.00	4.50	 8	0.71043		mirror		tx+	0.03	-1	-22	-19	-414
0.00	4.50	 8	0.71043		mirror		ty+	0.03	-1	-22	502	91
0.00	4.50	 8	0.71043		mirror		tz+	0.03	-1	-22	 0	 0
0.00	4.50	 8	0.73344		mirror		dx+	3.00	 1	-47	 0	 0
0.00	4.50	 8	0.73344		mirror		dy+	3.00	 1	-47	 0	 0
0.00	4.50	 8	0.73344		mirror		dz+	3.00	 1	-47	 0	 0
0.00	4.50	 8	0.73344		mirror		tx+	0.03	 1	-47	-31	-422
0.00	4.50	 8	0.73344		mirror		ty+	0.03	 1	-47	504	94
0.00	4.50	 8	0.73344		mirror		tz+	0.03	 1	-47	 0	 0
0.00	4.50	 7	0.73334		mirror		dx+	3.00	-9	53	 0	 0
0.00	4.50	 7	0.73334		mirror		dy+	3.00	-9	53	 0	 0
0.00	4.50	 7	0.73334		mirror		dz+	3.00	-9	53	 0	 0
0.00	4.50	 7	0.73334		mirror		tx+	0.03	-9	53	14	-404
0.00	4.50	 7	0.73334		mirror		ty+	0.03	-9	53	501	83
0.00	4.50	 7	0.73334		mirror		tz+	0.03	-9	53	 0	 0
0.00	4.50	 7	0.75953		mirror		dx+	3.00	-5	29	 0	 0
0.00	4.50	 7	0.75953		mirror		dy+	3.00	-5	29	 0	 0
0.00	4.50	 7	0.75953		mirror		dz+	3.00	-5	29	 0	 0
0.00	4.50	 7	0.75953		mirror		tx+	0.03	-5	29	 3	-404
0.00	4.50	 7	0.75953		mirror		ty+	0.03	-5	29	500	85
0.00	4.50	 7	0.75953		mirror		tz+	0.03	-5	29	 0	 0
0.00	4.50	 7	0.78573		mirror		dx+	3.00	-2	 4	 0	 0
0.00	4.50	 7	0.78573		mirror		dy+	3.00	-2	 4	 0	 0
0.00	4.50	 7	0.78573		mirror		dz+	3.00	-2	 4	 0	 0
0.00	4.50	 7	0.78573		mirror		tx+	0.03	-2	 4	-8	-408
0.00	4.50	 7	0.78573		mirror		ty+	0.03	-2	 4	499	87
0.00	4.50	 7	0.78573		mirror		tz+	0.03	-2	 4	 0	 0
0.00	4.50	 7	0.81595		mirror		dx+	3.00	 1	-26	 0	 0
0.00	4.50	 7	0.81595		mirror		dy+	3.00	 1	-26	 0	 0
0.00	4.50	 7	0.81595		mirror		dz+	3.00	 1	-26	 0	 0
0.00	4.50	 7	0.81595		mirror		tx+	0.03	 1	-26	-21	-415
0.00	4.50	 7	0.81595		mirror		ty+	0.03	 1	-26	501	91
0.00	4.50	 7	0.81595		mirror		tz+	0.03	 1	-26	 0	 0
0.00	4.50	 7	0.84617		mirror		dx+	3.00	 3	-55	 0	 0
0.00	4.50	 7	0.84617		mirror		dy+	3.00	 3	-55	 0	 0
0.00	4.50	 7	0.84617		mirror		dz+	3.00	 3	-55	 0	 0
0.00	4.50	 7	0.84617		mirror		tx+	0.03	 3	-55	-34	-425
0.00	4.50	 7	0.84617		mirror		ty+	0.03	 3	-55	504	94
0.00	4.50	 7	0.84617		mirror		tz+	0.03	 3	-55	 0	 0
0.00	4.50	 6	0.84617		mirror		dx+	3.00	-8	61	 0	 0
0.00	4.50	 6	0.84617		mirror		dy+	3.00	-8	61	 0	 0
0.00	4.50	 6	0.84617		mirror		dz+	3.00	-8	61	 0	 0
0.00	4.50	 6	0.84617		mirror		tx+	0.03	-8	61	17	-404
0.00	4.50	 6	0.84617		mirror		ty+	0.03	-8	61	501	82
0.00	4.50	 6	0.84617		mirror		tz+	0.03	-8	61	 0	 0
0.00	4.50	 6	0.88142		mirror		dx+	3.00	-4	32	 0	 0
0.00	4.50	 6	0.88142		mirror		dy+	3.00	-4	32	 0	 0
0.00	4.50	 6	0.88142		mirror		dz+	3.00	-4	32	 0	 0
0.00	4.50	 6	0.88142		mirror		tx+	0.03	-4	32	 4	-404
0.00	4.50	 6	0.88142		mirror		ty+	0.03	-4	32	499	84
0.00	4.50	 6	0.88142		mirror		tz+	0.03	-4	32	 0	 0
0.00	4.50	 6	0.91668		mirror		dx+	3.00	 0	 4	 0	 0
0.00	4.50	 6	0.91668		mirror		dy+	3.00	 0	 4	 0	 0
0.00	4.50	 6	0.91668		mirror		dz+	3.00	 0	 4	 0	 0
0.00	4.50	 6	0.91668		mirror		tx+	0.03	 0	 4	-8	-408
0.00	4.50	 6	0.91668		mirror		ty+	0.03	 0	 4	498	87
0.00	4.50	 6	0.91668		mirror		tz+	0.03	 0	 4	 0	 0
0.00	4.50	 6	0.95835		mirror		dx+	3.00	 3	-31	 0	 0
0.00	4.50	 6	0.95835		mirror		dy+	3.00	 3	-31	 0	 0
0.00	4.50	 6	0.95835		mirror		dz+	3.00	 3	-31	 0	 0
0.00	4.50	 6	0.95835		mirror		tx+	0.03	 3	-31	-23	-416
0.00	4.50	 6	0.95835		mirror		ty+	0.03	 3	-31	500	91
0.00	4.50	 6	0.95835		mirror		tz+	0.03	 3	-31	 0	 0
0.00	4.50	 6	1.00000		mirror		dx+	3.00	 5	-66	 0	 0
0.00	4.50	 6	1.00000		mirror		dy+	3.00	 5	-66	 0	 0
0.00	4.50	 6	1.00000		mirror		dz+	3.00	 5	-66	 0	 0
0.00	4.50	 6	1.00000		mirror		tx+	0.03	 5	-66	-40	-430
0.00	4.50	 6	1.00000		mirror		ty+	0.03	 5	-66	505	95
0.00	4.50	 6	1.00000		mirror		tz+	0.03	 5	-66	 0	 0
-2.08	4.50	 9	0.57896		mirror		dx+	3.00	34	49	 0	 0
-2.08	4.50	 9	0.57896		mirror		dy+	3.00	34	49	 0	 0
-2.08	4.50	 9	0.57896		mirror		dz+	3.00	34	49	-3	 0
-2.08	4.50	 9	0.57896		mirror		tx+	0.03	34	49	 9	-404
-2.08	4.50	 9	0.57896		mirror		ty+	0.03	34	49	482	33
-2.08	4.50	 9	0.57896		mirror		tz+	0.03	34	49	 0	 0
-2.08	4.50	 9	0.59504		mirror		dx+	3.00	37	30	 0	 0
-2.08	4.50	 9	0.59504		mirror		dy+	3.00	37	30	 0	 0
-2.08	4.50	 9	0.59504		mirror		dz+	3.00	37	30	-3	 0
-2.08	4.50	 9	0.59504		mirror		tx+	0.03	37	30	 1	-405
-2.08	4.50	 9	0.59504		mirror		ty+	0.03	37	30	480	33
-2.08	4.50	 9	0.59504		mirror		tz+	0.03	37	30	 0	 0
-2.08	4.50	 9	0.61112		mirror		dx+	3.00	39	10	 0	 0
-2.08	4.50	 9	0.61112		mirror		dy+	3.00	39	10	 0	 0
-2.08	4.50	 9	0.61112		mirror		dz+	3.00	39	10	-3	 0
-2.08	4.50	 9	0.61112		mirror		tx+	0.03	39	10	-6	-407
-2.08	4.50	 9	0.61112		mirror		ty+	0.03	39	10	479	34
-2.08	4.50	 9	0.61112		mirror		tz+	0.03	39	10	 0	 0
-2.08	4.50	 9	0.62909		mirror		dx+	3.00	42	-12	 0	 0
-2.08	4.50	 9	0.62909		mirror		dy+	3.00	42	-12	 0	 0
-2.08	4.50	 9	0.62909		mirror		dz+	3.00	42	-12	-3	 0
-2.08	4.50	 9	0.62909		mirror		tx+	0.03	42	-12	-14	-412
-2.08	4.50	 9	0.62909		mirror		ty+	0.03	42	-12	479	34
-2.08	4.50	 9	0.62909		mirror		tz+	0.03	42	-12	 0	 0
-2.08	4.50	 9	0.64707		mirror		dx+	3.00	44	-34	 0	 0
-2.08	4.50	 9	0.64707		mirror		dy+	3.00	44	-34	 0	 0
-2.08	4.50	 9	0.64707		mirror		dz+	3.00	44	-34	-3	 0
-2.08	4.50	 9	0.64707		mirror		tx+	0.03	44	-34	-23	-419
-2.08	4.50	 9	0.64707		mirror		ty+	0.03	44	-34	480	34
-2.08	4.50	 9	0.64707		mirror		tz+	0.03	44	-34	 0	 0
-2.08	4.50	 8	0.64707		mirror		dx+	3.00	35	54	 0	 0
-2.08	4.50	 8	0.64707		mirror		dy+	3.00	35	54	 0	 0
-2.08	4.50	 8	0.64707		mirror		dz+	3.00	35	54	-3	 0
-2.08	4.50	 8	0.64707		mirror		tx+	0.03	35	54	10	-403
-2.08	4.50	 8	0.64707		mirror		ty+	0.03	35	54	482	33
-2.08	4.50	 8	0.64707		mirror		tz+	0.03	35	54	 0	 0
-2.08	4.50	 8	0.66729		mirror		dx+	3.00	39	32	 0	 0
-2.08	4.50	 8	0.66729		mirror		dy+	3.00	39	32	 0	 0
-2.08	4.50	 8	0.66729		mirror		dz+	3.00	39	32	-3	 0
-2.08	4.50	 8	0.66729		mirror		tx+	0.03	39	32	 2	-405
-2.08	4.50	 8	0.66729		mirror		ty+	0.03	39	32	480	33
-2.08	4.50	 8	0.66729		mirror		tz+	0.03	39	32	 0	 0
-2.08	4.50	 8	0.68751		mirror		dx+	3.00	42	10	 0	 0
-2.08	4.50	 8	0.68751		mirror		dy+	3.00	42	10	 0	 0
-2.08	4.50	 8	0.68751		mirror		dz+	3.00	42	10	-3	 0
-2.08	4.50	 8	0.68751		mirror		tx+	0.03	42	10	-6	-407
-2.08	4.50	 8	0.68751		mirror		ty+	0.03	42	10	478	33
-2.08	4.50	 8	0.68751		mirror		tz+	0.03	42	10	 0	 0
-2.08	4.50	 8	0.71043		mirror		dx+	3.00	44	-15	 0	 0
-2.08	4.50	 8	0.71043		mirror		dy+	3.00	44	-15	 0	 0
-2.08	4.50	 8	0.71043		mirror		dz+	3.00	44	-15	-3	 0
-2.08	4.50	 8	0.71043		mirror		tx+	0.03	44	-15	-15	-413
-2.08	4.50	 8	0.71043		mirror		ty+	0.03	44	-15	478	33
-2.08	4.50	 8	0.71043		mirror		tz+	0.03	44	-15	 0	 0
-2.08	4.50	 8	0.73344		mirror		dx+	3.00	46	-41	 0	 0
-2.08	4.50	 8	0.73344		mirror		dy+	3.00	46	-41	 0	 0
-2.08	4.50	 8	0.73344		mirror		dz+	3.00	46	-41	-3	 0
-2.08	4.50	 8	0.73344		mirror		tx+	0.03	46	-41	-25	-421
-2.08	4.50	 8	0.73344		mirror		ty+	0.03	46	-41	479	34
-2.08	4.50	 8	0.73344		mirror		tz+	0.03	46	-41	 0	 0
-2.08	4.50	 7	0.73334		mirror		dx+	3.00	37	59	 0	 0
-2.08	4.50	 7	0.73334		mirror		dy+	3.00	37	59	 0	 0
-2.08	4.50	 7	0.73334		mirror		dz+	3.00	37	59	-3	 0
-2.08	4.50	 7	0.73334		mirror		tx+	0.03	37	59	12	-403
-2.08	4.50	 7	0.73334		mirror		ty+	0.03	37	59	481	32
-2.08	4.50	 7	0.73334		mirror		tz+	0.03	37	59	 0	 0
-2.08	4.50	 7	0.75953		mirror		dx+	3.00	40	35	 0	 0
-2.08	4.50	 7	0.75953		mirror		dy+	3.00	40	35	 0	 0
-2.08	4.50	 7	0.75953		mirror		dz+	3.00	40	35	-3	 0
-2.08	4.50	 7	0.75953		mirror		tx+	0.03	40	35	 3	-404
-2.08	4.50	 7	0.75953		mirror		ty+	0.03	40	35	479	33
-2.08	4.50	 7	0.75953		mirror		tz+	0.03	40	35	 0	 0
-2.08	4.50	 7	0.78573		mirror		dx+	3.00	44	10	 0	 0
-2.08	4.50	 7	0.78573		mirror		dy+	3.00	44	10	 0	 0
-2.08	4.50	 7	0.78573		mirror		dz+	3.00	44	10	-3	 0
-2.08	4.50	 7	0.78573		mirror		tx+	0.03	44	10	-6	-407
-2.08	4.50	 7	0.78573		mirror		ty+	0.03	44	10	478	33
-2.08	4.50	 7	0.78573		mirror		tz+	0.03	44	10	 0	 0
-2.08	4.50	 7	0.81595		mirror		dx+	3.00	46	-19	 0	 0
-2.08	4.50	 7	0.81595		mirror		dy+	3.00	46	-19	 0	 0
-2.08	4.50	 7	0.81595		mirror		dz+	3.00	46	-19	-3	 0
-2.08	4.50	 7	0.81595		mirror		tx+	0.03	46	-19	-17	-414
-2.08	4.50	 7	0.81595		mirror		ty+	0.03	46	-19	478	33
-2.08	4.50	 7	0.81595		mirror		tz+	0.03	46	-19	 0	 0
-2.08	4.50	 7	0.84617		mirror		dx+	3.00	48	-48	 0	 0
-2.08	4.50	 7	0.84617		mirror		dy+	3.00	48	-48	 0	 0
-2.08	4.50	 7	0.84617		mirror		dz+	3.00	48	-48	-3	 0
-2.08	4.50	 7	0.84617		mirror		tx+	0.03	48	-48	-29	-424
-2.08	4.50	 7	0.84617		mirror		ty+	0.03	48	-48	479	33
-2.08	4.50	 7	0.84617		mirror		tz+	0.03	48	-48	 0	 0
-2.08	4.50	 6	0.84617		mirror		dx+	3.00	37	67	 0	 0
-2.08	4.50	 6	0.84617		mirror		dy+	3.00	37	67	 0	 0
-2.08	4.50	 6	0.84617		mirror		dz+	3.00	37	67	-3	 0
-2.08	4.50	 6	0.84617		mirror		tx+	0.03	37	67	15	-403
-2.08	4.50	 6	0.84617		mirror		ty+	0.03	37	67	481	32
-2.08	4.50	 6	0.84617		mirror		tz+	0.03	37	67	 0	 0
-2.08	4.50	 6	0.88142		mirror		dx+	3.00	42	39	 0	 0
-2.08	4.50	 6	0.88142		mirror		dy+	3.00	42	39	 0	 0
-2.08	4.50	 6	0.88142		mirror		dz+	3.00	42	39	-3	 0
-2.08	4.50	 6	0.88142		mirror		tx+	0.03	42	39	 4	-404
-2.08	4.50	 6	0.88142		mirror		ty+	0.03	42	39	478	32
-2.08	4.50	 6	0.88142		mirror		tz+	0.03	42	39	 0	 0
-2.08	4.50	 6	0.91668		mirror		dx+	3.00	45	10	 0	 0
-2.08	4.50	 6	0.91668		mirror		dy+	3.00	45	10	 0	 0
-2.08	4.50	 6	0.91668		mirror		dz+	3.00	45	10	-3	 0
-2.08	4.50	 6	0.91668		mirror		tx+	0.03	45	10	-6	-407
-2.08	4.50	 6	0.91668		mirror		ty+	0.03	45	10	477	33
-2.08	4.50	 6	0.91668		mirror		tz+	0.03	45	10	 0	 0
-2.08	4.50	 6	0.95835		mirror		dx+	3.00	48	-24	 0	 0
-2.08	4.50	 6	0.95835		mirror		dy+	3.00	48	-24	 0	 0
-2.08	4.50	 6	0.95835		mirror		dz+	3.00	48	-24	-3	 0
-2.08	4.50	 6	0.95835		mirror		tx+	0.03	48	-24	-19	-415
-2.08	4.50	 6	0.95835		mirror		ty+	0.03	48	-24	477	33
-2.08	4.50	 6	0.95835		mirror		tz+	0.03	48	-24	 0	 0
-2.08	4.50	 6	1.00000		mirror		dx+	3.00	51	-59	 0	 0
-2.08	4.50	 6	1.00000		mirror		dy+	3.00	51	-59	 0	 0
-2.08	4.50	 6	1.00000		mirror		dz+	3.00	51	-59	-3	 0
-2.08	4.50	 6	1.00000		mirror		tx+	0.03	51	-59	-33	-428
-2.08	4.50	 6	1.00000		mirror		ty+	0.03	51	-59	479	33
-2.08	4.50	 6	1.00000		mirror		tz+	0.03	51	-59	 0	 0
-4.15	4.50	 9	0.57896		mirror		dx+	3.00	78	52	 0	 0
-4.15	4.50	 9	0.57896		mirror		dy+	3.00	78	52	 0	 0
-4.15	4.50	 9	0.57896		mirror		dz+	3.00	78	52	-7	 0
-4.15	4.50	 9	0.57896		mirror		tx+	0.03	78	52	 7	-404
-4.15	4.50	 9	0.57896		mirror		ty+	0.03	78	52	468	-16
-4.15	4.50	 9	0.57896		mirror		tz+	0.03	78	52	 0	 0
-4.15	4.50	 9	0.59504		mirror		dx+	3.00	81	33	 0	 0
-4.15	4.50	 9	0.59504		mirror		dy+	3.00	81	33	 0	 0
-4.15	4.50	 9	0.59504		mirror		dz+	3.00	81	33	-7	 0
-4.15	4.50	 9	0.59504		mirror		tx+	0.03	81	33	 0	-405
-4.15	4.50	 9	0.59504		mirror		ty+	0.03	81	33	466	-17
-4.15	4.50	 9	0.59504		mirror		tz+	0.03	81	33	 0	 0
-4.15	4.50	 9	0.61112		mirror		dx+	3.00	83	13	 0	 0
-4.15	4.50	 9	0.61112		mirror		dy+	3.00	83	13	 0	 0
-4.15	4.50	 9	0.61112		mirror		dz+	3.00	83	13	-7	 0
-4.15	4.50	 9	0.61112		mirror		tx+	0.03	83	13	-6	-408
-4.15	4.50	 9	0.61112		mirror		ty+	0.03	83	13	464	-18
-4.15	4.50	 9	0.61112		mirror		tz+	0.03	83	13	 0	 0
-4.15	4.50	 9	0.62909		mirror		dx+	3.00	86	-9	 0	 0
-4.15	4.50	 9	0.62909		mirror		dy+	3.00	86	-9	 0	 0
-4.15	4.50	 9	0.62909		mirror		dz+	3.00	86	-9	-7	 0
-4.15	4.50	 9	0.62909		mirror		tx+	0.03	86	-9	-13	-412
-4.15	4.50	 9	0.62909		mirror		ty+	0.03	86	-9	463	-20
-4.15	4.50	 9	0.62909		mirror		tz+	0.03	86	-9	 0	 0
-4.15	4.50	 9	0.64707		mirror		dx+	3.00	88	-31	 0	 0
-4.15	4.50	 9	0.64707		mirror		dy+	3.00	88	-31	 0	 0
-4.15	4.50	 9	0.64707		mirror		dz+	3.00	88	-31	-7	 0
-4.15	4.50	 9	0.64707		mirror		tx+	0.03	88	-31	-21	-419
-4.15	4.50	 9	0.64707		mirror		ty+	0.03	88	-31	463	-22
-4.15	4.50	 9	0.64707		mirror		tz+	0.03	88	-31	 0	 0
-4.15	4.50	 8	0.64707		mirror		dx+	3.00	79	57	 0	 0
-4.15	4.50	 8	0.64707		mirror		dy+	3.00	79	57	 0	 0
-4.15	4.50	 8	0.64707		mirror		dz+	3.00	79	57	-7	 0
-4.15	4.50	 8	0.64707		mirror		tx+	0.03	79	57	 8	-404
-4.15	4.50	 8	0.64707		mirror		ty+	0.03	79	57	468	-17
-4.15	4.50	 8	0.64707		mirror		tz+	0.03	79	57	 0	 0
-4.15	4.50	 8	0.66729		mirror		dx+	3.00	82	35	 0	 0
-4.15	4.50	 8	0.66729		mirror		dy+	3.00	82	35	 0	 0
-4.15	4.50	 8	0.66729		mirror		dz+	3.00	82	35	-7	 0
-4.15	4.50	 8	0.66729		mirror		tx+	0.03	82	35	 1	-405
-4.15	4.50	 8	0.66729		mirror		ty+	0.03	82	35	465	-17
-4.15	4.50	 8	0.66729		mirror		tz+	0.03	82	35	 0	 0
-4.15	4.50	 8	0.68751		mirror		dx+	3.00	85	13	 0	 0
-4.15	4.50	 8	0.68751		mirror		dy+	3.00	85	13	 0	 0
-4.15	4.50	 8	0.68751		mirror		dz+	3.00	85	13	-7	 0
-4.15	4.50	 8	0.68751		mirror		tx+	0.03	85	13	-6	-408
-4.15	4.50	 8	0.68751		mirror		ty+	0.03	85	13	464	-19
-4.15	4.50	 8	0.68751		mirror		tz+	0.03	85	13	 0	 0
-4.15	4.50	 8	0.71043		mirror		dx+	3.00	88	-12	 0	 0
-4.15	4.50	 8	0.71043		mirror		dy+	3.00	88	-12	 0	 0
-4.15	4.50	 8	0.71043		mirror		dz+	3.00	88	-12	-7	 0
-4.15	4.50	 8	0.71043		mirror		tx+	0.03	88	-12	-14	-413
-4.15	4.50	 8	0.71043		mirror		ty+	0.03	88	-12	463	-21
-4.15	4.50	 8	0.71043		mirror		tz+	0.03	88	-12	 0	 0
-4.15	4.50	 8	0.73344		mirror		dx+	3.00	90	-38	 0	 0
-4.15	4.50	 8	0.73344		mirror		dy+	3.00	90	-38	 0	 0
-4.15	4.50	 8	0.73344		mirror		dz+	3.00	90	-38	-7	 0
-4.15	4.50	 8	0.73344		mirror		tx+	0.03	90	-38	-23	-421
-4.15	4.50	 8	0.73344		mirror		ty+	0.03	90	-38	463	-23
-4.15	4.50	 8	0.73344		mirror		tz+	0.03	90	-38	 0	 0
-4.15	4.50	 7	0.73334		mirror		dx+	3.00	80	63	 0	 0
-4.15	4.50	 7	0.73334		mirror		dy+	3.00	80	63	 0	 0
-4.15	4.50	 7	0.73334		mirror		dz+	3.00	80	63	-7	 0
-4.15	4.50	 7	0.73334		mirror		tx+	0.03	80	63	10	-403
-4.15	4.50	 7	0.73334		mirror		ty+	0.03	80	63	468	-17
-4.15	4.50	 7	0.73334		mirror		tz+	0.03	80	63	 0	 0
-4.15	4.50	 7	0.75953		mirror		dx+	3.00	84	38	 0	 0
-4.15	4.50	 7	0.75953		mirror		dy+	3.00	84	38	 0	 0
-4.15	4.50	 7	0.75953		mirror		dz+	3.00	84	38	-7	 0
-4.15	4.50	 7	0.75953		mirror		tx+	0.03	84	38	 1	-405
-4.15	4.50	 7	0.75953		mirror		ty+	0.03	84	38	465	-18
-4.15	4.50	 7	0.75953		mirror		tz+	0.03	84	38	 0	 0
-4.15	4.50	 7	0.78573		mirror		dx+	3.00	87	13	 0	 0
-4.15	4.50	 7	0.78573		mirror		dy+	3.00	87	13	 0	 0
-4.15	4.50	 7	0.78573		mirror		dz+	3.00	87	13	-7	 0
-4.15	4.50	 7	0.78573		mirror		tx+	0.03	87	13	-6	-408
-4.15	4.50	 7	0.78573		mirror		ty+	0.03	87	13	463	-19
-4.15	4.50	 7	0.78573		mirror		tz+	0.03	87	13	 0	 0
-4.15	4.50	 7	0.81595		mirror		dx+	3.00	90	-16	 0	 0
-4.15	4.50	 7	0.81595		mirror		dy+	3.00	90	-16	 0	 0
-4.15	4.50	 7	0.81595		mirror		dz+	3.00	90	-16	-7	 0
-4.15	4.50	 7	0.81595		mirror		tx+	0.03	90	-16	-15	-414
-4.15	4.50	 7	0.81595		mirror		ty+	0.03	90	-16	462	-21
-4.15	4.50	 7	0.81595		mirror		tz+	0.03	90	-16	 0	 0
-4.15	4.50	 7	0.84617		mirror		dx+	3.00	92	-45	 0	 0
-4.15	4.50	 7	0.84617		mirror		dy+	3.00	92	-45	 0	 0
-4.15	4.50	 7	0.84617		mirror		dz+	3.00	92	-45	-7	 0
-4.15	4.50	 7	0.84617		mirror		tx+	0.03	92	-45	-26	-424
-4.15	4.50	 7	0.84617		mirror		ty+	0.03	92	-45	462	-24
-4.15	4.50	 7	0.84617		mirror		tz+	0.03	92	-45	 0	 0
-4.15	4.50	 6	0.84617		mirror		dx+	3.00	81	70	 0	 0
-4.15	4.50	 6	0.84617		mirror		dy+	3.00	81	70	 0	 0
-4.15	4.50	 6	0.84617		mirror		dz+	3.00	81	70	-7	 0
-4.15	4.50	 6	0.84617		mirror		tx+	0.03	81	70	12	-403
-4.15	4.50	 6	0.84617		mirror		ty+	0.03	81	70	468	-17
-4.15	4.50	 6	0.84617		mirror		tz+	0.03	81	70	 0	 0
-4.15	4.50	 6	0.88142		mirror		dx+	3.00	85	42	 0	 0
-4.15	4.50	 6	0.88142		mirror		dy+	3.00	85	42	 0	 0
-4.15	4.50	 6	0.88142		mirror		dz+	3.00	85	42	-7	 0
-4.15	4.50	 6	0.88142		mirror		tx+	0.03	85	42	 2	-404
-4.15	4.50	 6	0.88142		mirror		ty+	0.03	85	42	465	-18
-4.15	4.50	 6	0.88142		mirror		tz+	0.03	85	42	 0	 0
-4.15	4.50	 6	0.91668		mirror		dx+	3.00	89	13	 0	 0
-4.15	4.50	 6	0.91668		mirror		dy+	3.00	89	13	 0	 0
-4.15	4.50	 6	0.91668		mirror		dz+	3.00	89	13	-7	 0
-4.15	4.50	 6	0.91668		mirror		tx+	0.03	89	13	-6	-408
-4.15	4.50	 6	0.91668		mirror		ty+	0.03	89	13	463	-19
-4.15	4.50	 6	0.91668		mirror		tz+	0.03	89	13	 0	 0
-4.15	4.50	 6	0.95835		mirror		dx+	3.00	92	-21	 0	 0
-4.15	4.50	 6	0.95835		mirror		dy+	3.00	92	-21	 0	 0
-4.15	4.50	 6	0.95835		mirror		dz+	3.00	92	-21	-7	 0
-4.15	4.50	 6	0.95835		mirror		tx+	0.03	92	-21	-17	-416
-4.15	4.50	 6	0.95835		mirror		ty+	0.03	92	-21	462	-22
-4.15	4.50	 6	0.95835		mirror		tz+	0.03	92	-21	 0	 0
-4.15	4.50	 6	1.00000		mirror		dx+	3.00	94	-56	 0	 0
-4.15	4.50	 6	1.00000		mirror		dy+	3.00	94	-56	 0	 0
-4.15	4.50	 6	1.00000		mirror		dz+	3.00	94	-56	-7	 0
-4.15	4.50	 6	1.00000		mirror		tx+	0.03	94	-56	-30	-428
-4.15	4.50	 6	1.00000		mirror		ty+	0.03	94	-56	462	-25
-4.15	4.50	 6	1.00000		mirror		tz+	0.03	94	-56	 0	 0
4.15	5.25	 9	0.57896		mirror		dx+	3.00	-112	12	 0	 0
4.15	5.25	 9	0.57896		mirror		dy+	3.00	-112	12	 0	 0
4.15	5.25	 9	0.57896		mirror		dz+	3.00	-112	12	10	 3
4.15	5.25	 9	0.57896		mirror		tx+	0.03	-112	12	 0	-425
4.15	5.25	 9	0.57896		mirror		ty+	0.03	-112	12	574	196
4.15	5.25	 9	0.57896		mirror		tz+	0.03	-112	12	 0	 0
4.15	5.25	 9	0.59504		mirror		dx+	3.00	-109	-9	 0	 0
4.15	5.25	 9	0.59504		mirror		dy+	3.00	-109	-9	 0	 0
4.15	5.25	 9	0.59504		mirror		dz+	3.00	-109	-9	10	 3
4.15	5.25	 9	0.59504		mirror		tx+	0.03	-109	-9	-13	-428
4.15	5.25	 9	0.59504		mirror		ty+	0.03	-109	-9	577	203
4.15	5.25	 9	0.59504		mirror		tz+	0.03	-109	-9	 0	 0
4.15	5.25	 9	0.61112		mirror		dx+	3.00	-106	-30	 0	 0
4.15	5.25	 9	0.61112		mirror		dy+	3.00	-106	-30	 0	 0
4.15	5.25	 9	0.61112		mirror		dz+	3.00	-106	-30	10	 3
4.15	5.25	 9	0.61112		mirror		tx+	0.03	-106	-30	-26	-433
4.15	5.25	 9	0.61112		mirror		ty+	0.03	-106	-30	581	210
4.15	5.25	 9	0.61112		mirror		tz+	0.03	-106	-30	 0	 0
4.15	5.25	 9	0.62909		mirror		dx+	3.00	-105	-53	 0	 0
4.15	5.25	 9	0.62909		mirror		dy+	3.00	-105	-53	 0	 0
4.15	5.25	 9	0.62909		mirror		dz+	3.00	-105	-53	10	 3
4.15	5.25	 9	0.62909		mirror		tx+	0.03	-105	-53	-42	-441
4.15	5.25	 9	0.62909		mirror		ty+	0.03	-105	-53	586	218
4.15	5.25	 9	0.62909		mirror		tz+	0.03	-105	-53	 0	 0
4.15	5.25	 9	0.64707		mirror		dx+	3.00	-104	-77	 0	 0
4.15	5.25	 9	0.64707		mirror		dy+	3.00	-104	-77	 0	 0
4.15	5.25	 9	0.64707		mirror		dz+	3.00	-104	-77	10	 3
4.15	5.25	 9	0.64707		mirror		tx+	0.03	-104	-77	-57	-450
4.15	5.25	 9	0.64707		mirror		ty+	0.03	-104	-77	593	227
4.15	5.25	 9	0.64707		mirror		tz+	0.03	-104	-77	 0	 0
4.15	5.25	 8	0.64707		mirror		dx+	3.00	-110	16	 0	 0
4.15	5.25	 8	0.64707		mirror		dy+	3.00	-110	16	 0	 0
4.15	5.25	 8	0.64707		mirror		dz+	3.00	-110	16	10	 3
4.15	5.25	 8	0.64707		mirror		tx+	0.03	-110	16	 3	-424
4.15	5.25	 8	0.64707		mirror		ty+	0.03	-110	16	570	194
4.15	5.25	 8	0.64707		mirror		tz+	0.03	-110	16	 0	 0
4.15	5.25	 8	0.66729		mirror		dx+	3.00	-106	-6	 0	 0
4.15	5.25	 8	0.66729		mirror		dy+	3.00	-106	-6	 0	 0
4.15	5.25	 8	0.66729		mirror		dz+	3.00	-106	-6	10	 3
4.15	5.25	 8	0.66729		mirror		tx+	0.03	-106	-6	-11	-427
4.15	5.25	 8	0.66729		mirror		ty+	0.03	-106	-6	573	201
4.15	5.25	 8	0.66729		mirror		tz+	0.03	-106	-6	 0	 0
4.15	5.25	 8	0.68751		mirror		dx+	3.00	-104	-29	 0	 0
4.15	5.25	 8	0.68751		mirror		dy+	3.00	-104	-29	 0	 0
4.15	5.25	 8	0.68751		mirror		dz+	3.00	-104	-29	10	 3
4.15	5.25	 8	0.68751		mirror		tx+	0.03	-104	-29	-26	-433
4.15	5.25	 8	0.68751		mirror		ty+	0.03	-104	-29	577	209
4.15	5.25	 8	0.68751		mirror		tz+	0.03	-104	-29	 0	 0
4.15	5.25	 8	0.71043		mirror		dx+	3.00	-102	-56	 0	 0
4.15	5.25	 8	0.71043		mirror		dy+	3.00	-102	-56	 0	 0
4.15	5.25	 8	0.71043		mirror		dz+	3.00	-102	-56	10	 3
4.15	5.25	 8	0.71043		mirror		tx+	0.03	-102	-56	-44	-442
4.15	5.25	 8	0.71043		mirror		ty+	0.03	-102	-56	584	219
4.15	5.25	 8	0.71043		mirror		tz+	0.03	-102	-56	 0	 0
4.15	5.25	 8	0.73344		mirror		dx+	3.00	-101	-83	 0	 0
4.15	5.25	 8	0.73344		mirror		dy+	3.00	-101	-83	 0	 0
4.15	5.25	 8	0.73344		mirror		dz+	3.00	-101	-83	10	 3
4.15	5.25	 8	0.73344		mirror		tx+	0.03	-101	-83	-61	-453
4.15	5.25	 8	0.73344		mirror		ty+	0.03	-101	-83	592	229
4.15	5.25	 8	0.73344		mirror		tz+	0.03	-101	-83	 0	 0
4.15	5.25	 7	0.73334		mirror		dx+	3.00	-108	22	 0	 0
4.15	5.25	 7	0.73334		mirror		dy+	3.00	-108	22	 0	 0
4.15	5.25	 7	0.73334		mirror		dz+	3.00	-108	22	10	 3
4.15	5.25	 7	0.73334		mirror		tx+	0.03	-108	22	 6	-423
4.15	5.25	 7	0.73334		mirror		ty+	0.03	-108	22	566	192
4.15	5.25	 7	0.73334		mirror		tz+	0.03	-108	22	 0	 0
4.15	5.25	 7	0.75953		mirror		dx+	3.00	-104	-3	 0	 0
4.15	5.25	 7	0.75953		mirror		dy+	3.00	-104	-3	 0	 0
4.15	5.25	 7	0.75953		mirror		dz+	3.00	-104	-3	10	 3
4.15	5.25	 7	0.75953		mirror		tx+	0.03	-104	-3	-9	-426
4.15	5.25	 7	0.75953		mirror		ty+	0.03	-104	-3	569	200
4.15	5.25	 7	0.75953		mirror		tz+	0.03	-104	-3	 0	 0
4.15	5.25	 7	0.78573		mirror		dx+	3.00	-101	-29	 0	 0
4.15	5.25	 7	0.78573		mirror		dy+	3.00	-101	-29	 0	 0
4.15	5.25	 7	0.78573		mirror		dz+	3.00	-101	-29	10	 3
4.15	5.25	 7	0.78573		mirror		tx+	0.03	-101	-29	-26	-432
4.15	5.25	 7	0.78573		mirror		ty+	0.03	-101	-29	575	209
4.15	5.25	 7	0.78573		mirror		tz+	0.03	-101	-29	 0	 0
4.15	5.25	 7	0.81595		mirror		dx+	3.00	-100	-60	 0	 0
4.15	5.25	 7	0.81595		mirror		dy+	3.00	-100	-60	 0	 0
4.15	5.25	 7	0.81595		mirror		dz+	3.00	-100	-60	10	 3
4.15	5.25	 7	0.81595		mirror		tx+	0.03	-100	-60	-46	-443
4.15	5.25	 7	0.81595		mirror		ty+	0.03	-100	-60	583	220
4.15	5.25	 7	0.81595		mirror		tz+	0.03	-100	-60	 0	 0
4.15	5.25	 7	0.84617		mirror		dx+	3.00	-99	-91	 0	 0
4.15	5.25	 7	0.84617		mirror		dy+	3.00	-99	-91	 0	 0
4.15	5.25	 7	0.84617		mirror		dz+	3.00	-99	-91	10	 3
4.15	5.25	 7	0.84617		mirror		tx+	0.03	-99	-91	-66	-456
4.15	5.25	 7	0.84617		mirror		ty+	0.03	-99	-91	592	231
4.15	5.25	 7	0.84617		mirror		tz+	0.03	-99	-91	 0	 0
4.15	5.25	 6	0.84617		mirror		dx+	3.00	-107	30	 0	 0
4.15	5.25	 6	0.84617		mirror		dy+	3.00	-107	30	 0	 0
4.15	5.25	 6	0.84617		mirror		dz+	3.00	-107	30	 9	 3
4.15	5.25	 6	0.84617		mirror		tx+	0.03	-107	30	11	-422
4.15	5.25	 6	0.84617		mirror		ty+	0.03	-107	30	563	189
4.15	5.25	 6	0.84617		mirror		tz+	0.03	-107	30	 0	 0
4.15	5.25	 6	0.88142		mirror		dx+	3.00	-102	 1	 0	 0
4.15	5.25	 6	0.88142		mirror		dy+	3.00	-102	 1	 0	 0
4.15	5.25	 6	0.88142		mirror		dz+	3.00	-102	 1	 9	 3
4.15	5.25	 6	0.88142		mirror		tx+	0.03	-102	 1	-7	-425
4.15	5.25	 6	0.88142		mirror		ty+	0.03	-102	 1	566	198
4.15	5.25	 6	0.88142		mirror		tz+	0.03	-102	 1	 0	 0
4.15	5.25	 6	0.91668		mirror		dx+	3.00	-99	-29	 0	 0
4.15	5.25	 6	0.91668		mirror		dy+	3.00	-99	-29	 0	 0
4.15	5.25	 6	0.91668		mirror		dz+	3.00	-99	-29	10	 3
4.15	5.25	 6	0.91668		mirror		tx+	0.03	-99	-29	-26	-432
4.15	5.25	 6	0.91668		mirror		ty+	0.03	-99	-29	572	208
4.15	5.25	 6	0.91668		mirror		tz+	0.03	-99	-29	 0	 0
4.15	5.25	 6	0.95835		mirror		dx+	3.00	-97	-65	 0	 0
4.15	5.25	 6	0.95835		mirror		dy+	3.00	-97	-65	 0	 0
4.15	5.25	 6	0.95835		mirror		dz+	3.00	-97	-65	10	 3
4.15	5.25	 6	0.95835		mirror		tx+	0.03	-97	-65	-50	-445
4.15	5.25	 6	0.95835		mirror		ty+	0.03	-97	-65	582	221
4.15	5.25	 6	0.95835		mirror		tz+	0.03	-97	-65	 0	 0
4.15	5.25	 6	1.00000		mirror		dx+	3.00	-98	-103	 0	 0
4.15	5.25	 6	1.00000		mirror		dy+	3.00	-98	-103	 0	 0
4.15	5.25	 6	1.00000		mirror		dz+	3.00	-98	-103	 9	 3
4.15	5.25	 6	1.00000		mirror		tx+	0.03	-98	-103	-73	-462
4.15	5.25	 6	1.00000		mirror		ty+	0.03	-98	-103	594	234
4.15	5.25	 6	1.00000		mirror		tz+	0.03	-98	-103	 0	 0
2.08	5.25	 9	0.57896		mirror		dx+	3.00	-60	25	 0	 0
2.08	5.25	 9	0.57896		mirror		dy+	3.00	-60	25	 0	 0
2.08	5.25	 9	0.57896		mirror		dz+	3.00	-60	25	 4	 1
2.08	5.25	 9	0.57896		mirror		tx+	0.03	-60	25	 5	-421
2.08	5.25	 9	0.57896		mirror		ty+	0.03	-60	25	524	137
2.08	5.25	 9	0.57896		mirror		tz+	0.03	-60	25	 0	 0
2.08	5.25	 9	0.59504		mirror		dx+	3.00	-57	 5	 0	 0
2.08	5.25	 9	0.59504		mirror		dy+	3.00	-57	 5	 0	 0
2.08	5.25	 9	0.59504		mirror		dz+	3.00	-57	 5	 4	 1
2.08	5.25	 9	0.59504		mirror		tx+	0.03	-57	 5	-5	-423
2.08	5.25	 9	0.59504		mirror		ty+	0.03	-57	 5	524	141
2.08	5.25	 9	0.59504		mirror		tz+	0.03	-57	 5	 0	 0
2.08	5.25	 9	0.61112		mirror		dx+	3.00	-54	-15	 0	 0
2.08	5.25	 9	0.61112		mirror		dy+	3.00	-54	-15	 0	 0
2.08	5.25	 9	0.61112		mirror		dz+	3.00	-54	-15	 4	 1
2.08	5.25	 9	0.61112		mirror		tx+	0.03	-54	-15	-17	-427
2.08	5.25	 9	0.61112		mirror		ty+	0.03	-54	-15	526	145
2.08	5.25	 9	0.61112		mirror		tz+	0.03	-54	-15	 0	 0
2.08	5.25	 9	0.62909		mirror		dx+	3.00	-52	-38	 0	 0
2.08	5.25	 9	0.62909		mirror		dy+	3.00	-52	-38	 0	 0
2.08	5.25	 9	0.62909		mirror		dz+	3.00	-52	-38	 4	 1
2.08	5.25	 9	0.62909		mirror		tx+	0.03	-52	-38	-30	-434
2.08	5.25	 9	0.62909		mirror		ty+	0.03	-52	-38	529	151
2.08	5.25	 9	0.62909		mirror		tz+	0.03	-52	-38	 0	 0
2.08	5.25	 9	0.64707		mirror		dx+	3.00	-51	-61	 0	 0
2.08	5.25	 9	0.64707		mirror		dy+	3.00	-51	-61	 0	 0
2.08	5.25	 9	0.64707		mirror		dz+	3.00	-51	-61	 4	 1
2.08	5.25	 9	0.64707		mirror		tx+	0.03	-51	-61	-43	-443
2.08	5.25	 9	0.64707		mirror		ty+	0.03	-51	-61	534	157
2.08	5.25	 9	0.64707		mirror		tz+	0.03	-51	-61	 0	 0
2.08	5.25	 8	0.64707		mirror		dx+	3.00	-58	29	 0	 0
2.08	5.25	 8	0.64707		mirror		dy+	3.00	-58	29	 0	 0
2.08	5.25	 8	0.64707		mirror		dz+	3.00	-58	29	 4	 1
2.08	5.25	 8	0.64707		mirror		tx+	0.03	-58	29	 7	-420
2.08	5.25	 8	0.64707		mirror		ty+	0.03	-58	29	521	135
2.08	5.25	 8	0.64707		mirror		tz+	0.03	-58	29	 0	 0
2.08	5.25	 8	0.66729		mirror		dx+	3.00	-54	 7	 0	 0
2.08	5.25	 8	0.66729		mirror		dy+	3.00	-54	 7	 0	 0
2.08	5.25	 8	0.66729		mirror		dz+	3.00	-54	 7	 4	 1
2.08	5.25	 8	0.66729		mirror		tx+	0.03	-54	 7	-4	-422
2.08	5.25	 8	0.66729		mirror		ty+	0.03	-54	 7	522	140
2.08	5.25	 8	0.66729		mirror		tz+	0.03	-54	 7	 0	 0
2.08	5.25	 8	0.68751		mirror		dx+	3.00	-52	-15	 0	 0
2.08	5.25	 8	0.68751		mirror		dy+	3.00	-52	-15	 0	 0
2.08	5.25	 8	0.68751		mirror		dz+	3.00	-52	-15	 4	 1
2.08	5.25	 8	0.68751		mirror		tx+	0.03	-52	-15	-17	-427
2.08	5.25	 8	0.68751		mirror		ty+	0.03	-52	-15	523	145
2.08	5.25	 8	0.68751		mirror		tz+	0.03	-52	-15	 0	 0
2.08	5.25	 8	0.71043		mirror		dx+	3.00	-50	-41	 0	 0
2.08	5.25	 8	0.71043		mirror		dy+	3.00	-50	-41	 0	 0
2.08	5.25	 8	0.71043		mirror		dz+	3.00	-50	-41	 4	 1
2.08	5.25	 8	0.71043		mirror		tx+	0.03	-50	-41	-31	-435
2.08	5.25	 8	0.71043		mirror		ty+	0.03	-50	-41	527	151
2.08	5.25	 8	0.71043		mirror		tz+	0.03	-50	-41	 0	 0
2.08	5.25	 8	0.73344		mirror		dx+	3.00	-49	-68	 0	 0
2.08	5.25	 8	0.73344		mirror		dy+	3.00	-49	-68	 0	 0
2.08	5.25	 8	0.73344		mirror		dz+	3.00	-49	-68	 4	 1
2.08	5.25	 8	0.73344		mirror		tx+	0.03	-49	-68	-46	-446
2.08	5.25	 8	0.73344		mirror		ty+	0.03	-49	-68	533	158
2.08	5.25	 8	0.73344		mirror		tz+	0.03	-49	-68	 0	 0
2.08	5.25	 7	0.73334		mirror		dx+	3.00	-56	35	 0	 0
2.08	5.25	 7	0.73334		mirror		dy+	3.00	-56	35	 0	 0
2.08	5.25	 7	0.73334		mirror		dz+	3.00	-56	35	 4	 1
2.08	5.25	 7	0.73334		mirror		tx+	0.03	-56	35	10	-419
2.08	5.25	 7	0.73334		mirror		ty+	0.03	-56	35	519	134
2.08	5.25	 7	0.73334		mirror		tz+	0.03	-56	35	 0	 0
2.08	5.25	 7	0.75953		mirror		dx+	3.00	-53	10	 0	 0
2.08	5.25	 7	0.75953		mirror		dy+	3.00	-53	10	 0	 0
2.08	5.25	 7	0.75953		mirror		dz+	3.00	-53	10	 4	 1
2.08	5.25	 7	0.75953		mirror		tx+	0.03	-53	10	-3	-422
2.08	5.25	 7	0.75953		mirror		ty+	0.03	-53	10	519	139
2.08	5.25	 7	0.75953		mirror		tz+	0.03	-53	10	 0	 0
2.08	5.25	 7	0.78573		mirror		dx+	3.00	-50	-15	 0	 0
2.08	5.25	 7	0.78573		mirror		dy+	3.00	-50	-15	 0	 0
2.08	5.25	 7	0.78573		mirror		dz+	3.00	-50	-15	 4	 1
2.08	5.25	 7	0.78573		mirror		tx+	0.03	-50	-15	-17	-426
2.08	5.25	 7	0.78573		mirror		ty+	0.03	-50	-15	521	144
2.08	5.25	 7	0.78573		mirror		tz+	0.03	-50	-15	 0	 0
2.08	5.25	 7	0.81595		mirror		dx+	3.00	-47	-45	 0	 0
2.08	5.25	 7	0.81595		mirror		dy+	3.00	-47	-45	 0	 0
2.08	5.25	 7	0.81595		mirror		dz+	3.00	-47	-45	 4	 1
2.08	5.25	 7	0.81595		mirror		tx+	0.03	-47	-45	-34	-436
2.08	5.25	 7	0.81595		mirror		ty+	0.03	-47	-45	526	151
2.08	5.25	 7	0.81595		mirror		tz+	0.03	-47	-45	 0	 0
2.08	5.25	 7	0.84617		mirror		dx+	3.00	-46	-76	 0	 0
2.08	5.25	 7	0.84617		mirror		dy+	3.00	-46	-76	 0	 0
2.08	5.25	 7	0.84617		mirror		dz+	3.00	-46	-76	 4	 1
2.08	5.25	 7	0.84617		mirror		tx+	0.03	-46	-76	-51	-450
2.08	5.25	 7	0.84617		mirror		ty+	0.03	-46	-76	534	159
2.08	5.25	 7	0.84617		mirror		tz+	0.03	-46	-76	 0	 0
2.08	5.25	 6	0.84617		mirror		dx+	3.00	-56	43	 0	 0
2.08	5.25	 6	0.84617		mirror		dy+	3.00	-56	43	 0	 0
2.08	5.25	 6	0.84617		mirror		dz+	3.00	-56	43	 4	 1
2.08	5.25	 6	0.84617		mirror		tx+	0.03	-56	43	14	-419
2.08	5.25	 6	0.84617		mirror		ty+	0.03	-56	43	517	132
2.08	5.25	 6	0.84617		mirror		tz+	0.03	-56	43	 0	 0
2.08	5.25	 6	0.88142		mirror		dx+	3.00	-51	14	 0	 0
2.08	5.25	 6	0.88142		mirror		dy+	3.00	-51	14	 0	 0
2.08	5.25	 6	0.88142		mirror		dz+	3.00	-51	14	 4	 1
2.08	5.25	 6	0.88142		mirror		tx+	0.03	-51	14	-1	-421
2.08	5.25	 6	0.88142		mirror		ty+	0.03	-51	14	517	138
2.08	5.25	 6	0.88142		mirror		tz+	0.03	-51	14	 0	 0
2.08	5.25	 6	0.91668		mirror		dx+	3.00	-48	-15	 0	 0
2.08	5.25	 6	0.91668		mirror		dy+	3.00	-48	-15	 0	 0
2.08	5.25	 6	0.91668		mirror		dz+	3.00	-48	-15	 4	 1
2.08	5.25	 6	0.91668		mirror		tx+	0.03	-48	-15	-17	-426
2.08	5.25	 6	0.91668		mirror		ty+	0.03	-48	-15	520	144
2.08	5.25	 6	0.91668		mirror		tz+	0.03	-48	-15	 0	 0
2.08	5.25	 6	0.95835		mirror		dx+	3.00	-45	-51	 0	 0
2.08	5.25	 6	0.95835		mirror		dy+	3.00	-45	-51	 0	 0
2.08	5.25	 6	0.95835		mirror		dz+	3.00	-45	-51	 4	 1
2.08	5.25	 6	0.95835		mirror		tx+	0.03	-45	-51	-37	-438
2.08	5.25	 6	0.95835		mirror		ty+	0.03	-45	-51	526	152
2.08	5.25	 6	0.95835		mirror		tz+	0.03	-45	-51	 0	 0
2.08	5.25	 6	1.00000		mirror		dx+	3.00	-45	-87	 0	 0
2.08	5.25	 6	1.00000		mirror		dy+	3.00	-45	-87	 0	 0
2.08	5.25	 6	1.00000		mirror		dz+	3.00	-45	-87	 4	 1
2.08	5.25	 6	1.00000		mirror		tx+	0.03	-45	-87	-57	-455
2.08	5.25	 6	1.00000		mirror		ty+	0.03	-45	-87	535	162
2.08	5.25	 6	1.00000		mirror		tz+	0.03	-45	-87	 0	 0
0.00	5.25	 9	0.57896		mirror		dx+	3.00	-12	34	 0	 0
0.00	5.25	 9	0.57896		mirror		dy+	3.00	-12	34	 0	 0
0.00	5.25	 9	0.57896		mirror		dz+	3.00	-12	34	 0	 0
0.00	5.25	 9	0.57896		mirror		tx+	0.03	-12	34	 7	-418
0.00	5.25	 9	0.57896		mirror		ty+	0.03	-12	34	490	82
0.00	5.25	 9	0.57896		mirror		tz+	0.03	-12	34	 0	 0
0.00	5.25	 9	0.59504		mirror		dx+	3.00	-9	14	 0	 0
0.00	5.25	 9	0.59504		mirror		dy+	3.00	-9	14	 0	 0
0.00	5.25	 9	0.59504		mirror		dz+	3.00	-9	14	 0	 0
0.00	5.25	 9	0.59504		mirror		tx+	0.03	-9	14	-2	-420
0.00	5.25	 9	0.59504		mirror		ty+	0.03	-9	14	489	84
0.00	5.25	 9	0.59504		mirror		tz+	0.03	-9	14	 0	 0
0.00	5.25	 9	0.61112		mirror		dx+	3.00	-6	-5	 0	 0
0.00	5.25	 9	0.61112		mirror		dy+	3.00	-6	-5	 0	 0
0.00	5.25	 9	0.61112		mirror		dz+	3.00	-6	-5	 0	 0
0.00	5.25	 9	0.61112		mirror		tx+	0.03	-6	-5	-11	-423
0.00	5.25	 9	0.61112		mirror		ty+	0.03	-6	-5	489	86
0.00	5.25	 9	0.61112		mirror		tz+	0.03	-6	-5	 0	 0
0.00	5.25	 9	0.62909		mirror		dx+	3.00	-4	-28	 0	 0
0.00	5.25	 9	0.62909		mirror		dy+	3.00	-4	-28	 0	 0
0.00	5.25	 9	0.62909		mirror		dz+	3.00	-4	-28	 0	 0
0.00	5.25	 9	0.62909		mirror		tx+	0.03	-4	-28	-22	-430
0.00	5.25	 9	0.62909		mirror		ty+	0.03	-4	-28	491	89
0.00	5.25	 9	0.62909		mirror		tz+	0.03	-4	-28	 0	 0
0.00	5.25	 9	0.64707		mirror		dx+	3.00	-2	-50	 0	 0
0.00	5.25	 9	0.64707		mirror		dy+	3.00	-2	-50	 0	 0
0.00	5.25	 9	0.64707		mirror		dz+	3.00	-2	-50	 0	 0
0.00	5.25	 9	0.64707		mirror		tx+	0.03	-2	-50	-33	-438
0.00	5.25	 9	0.64707		mirror		ty+	0.03	-2	-50	493	92
0.00	5.25	 9	0.64707		mirror		tz+	0.03	-2	-50	 0	 0
0.00	5.25	 8	0.64707		mirror		dx+	3.00	-10	39	 0	 0
0.00	5.25	 8	0.64707		mirror		dy+	3.00	-10	39	 0	 0
0.00	5.25	 8	0.64707		mirror		dz+	3.00	-10	39	 0	 0
0.00	5.25	 8	0.64707		mirror		tx+	0.03	-10	39	 8	-418
0.00	5.25	 8	0.64707		mirror		ty+	0.03	-10	39	489	81
0.00	5.25	 8	0.64707		mirror		tz+	0.03	-10	39	 0	 0
0.00	5.25	 8	0.66729		mirror		dx+	3.00	-7	17	 0	 0
0.00	5.25	 8	0.66729		mirror		dy+	3.00	-7	17	 0	 0
0.00	5.25	 8	0.66729		mirror		dz+	3.00	-7	17	 0	 0
0.00	5.25	 8	0.66729		mirror		tx+	0.03	-7	17	-1	-420
0.00	5.25	 8	0.66729		mirror		ty+	0.03	-7	17	488	84
0.00	5.25	 8	0.66729		mirror		tz+	0.03	-7	17	 0	 0
0.00	5.25	 8	0.68751		mirror		dx+	3.00	-4	-5	 0	 0
0.00	5.25	 8	0.68751		mirror		dy+	3.00	-4	-5	 0	 0
0.00	5.25	 8	0.68751		mirror		dz+	3.00	-4	-5	 0	 0
0.00	5.25	 8	0.68751		mirror		tx+	0.03	-4	-5	-12	-423
0.00	5.25	 8	0.68751		mirror		ty+	0.03	-4	-5	488	86
0.00	5.25	 8	0.68751		mirror		tz+	0.03	-4	-5	 0	 0
0.00	5.25	 8	0.71043		mirror		dx+	3.00	-2	-31	 0	 0
0.00	5.25	 8	0.71043		mirror		dy+	3.00	-2	-31	 0	 0
0.00	5.25	 8	0.71043		mirror		dz+	3.00	-2	-31	 0	 0
0.00	5.25	 8	0.71043		mirror		tx+	0.03	-2	-31	-24	-431
0.00	5.25	 8	0.71043		mirror		ty+	0.03	-2	-31	489	89
0.00	5.25	 8	0.71043		mirror		tz+	0.03	-2	-31	 0	 0
0.00	5.25	 8	0.73344		mirror		dx+	3.00	 0	-57	 0	 0
0.00	5.25	 8	0.73344		mirror		dy+	3.00	 0	-57	 0	 0
0.00	5.25	 8	0.73344		mirror		dz+	3.00	 0	-57	 0	 0
0.00	5.25	 8	0.73344		mirror		tx+	0.03	 0	-57	-36	-441
0.00	5.25	 8	0.73344		mirror		ty+	0.03	 0	-57	493	92
0.00	5.25	 8	0.73344		mirror		tz+	0.03	 0	-57	 0	 0
0.00	5.25	 7	0.73334		mirror		dx+	3.00	-9	44	 0	 0
0.00	5.25	 7	0.73334		mirror		dy+	3.00	-9	44	 0	 0
0.00	5.25	 7	0.73334		mirror		dz+	3.00	-9	44	 0	 0
0.00	5.25	 7	0.73334		mirror		tx+	0.03	-9	44	11	-417
0.00	5.25	 7	0.73334		mirror		ty+	0.03	-9	44	488	81
0.00	5.25	 7	0.73334		mirror		tz+	0.03	-9	44	 0	 0
0.00	5.25	 7	0.75953		mirror		dx+	3.00	-5	20	 0	 0
0.00	5.25	 7	0.75953		mirror		dy+	3.00	-5	20	 0	 0
0.00	5.25	 7	0.75953		mirror		dz+	3.00	-5	20	 0	 0
0.00	5.25	 7	0.75953		mirror		tx+	0.03	-5	20	 0	-419
0.00	5.25	 7	0.75953		mirror		ty+	0.03	-5	20	486	83
0.00	5.25	 7	0.75953		mirror		tz+	0.03	-5	20	 0	 0
0.00	5.25	 7	0.78573		mirror		dx+	3.00	-2	-5	 0	 0
0.00	5.25	 7	0.78573		mirror		dy+	3.00	-2	-5	 0	 0
0.00	5.25	 7	0.78573		mirror		dz+	3.00	-2	-5	 0	 0
0.00	5.25	 7	0.78573		mirror		tx+	0.03	-2	-5	-12	-423
0.00	5.25	 7	0.78573		mirror		ty+	0.03	-2	-5	487	85
0.00	5.25	 7	0.78573		mirror		tz+	0.03	-2	-5	 0	 0
0.00	5.25	 7	0.81595		mirror		dx+	3.00	 1	-35	 0	 0
0.00	5.25	 7	0.81595		mirror		dy+	3.00	 1	-35	 0	 0
0.00	5.25	 7	0.81595		mirror		dz+	3.00	 1	-35	 0	 0
0.00	5.25	 7	0.81595		mirror		tx+	0.03	 1	-35	-25	-432
0.00	5.25	 7	0.81595		mirror		ty+	0.03	 1	-35	489	89
0.00	5.25	 7	0.81595		mirror		tz+	0.03	 1	-35	 0	 0
0.00	5.25	 7	0.84617		mirror		dx+	3.00	 2	-65	 0	 0
0.00	5.25	 7	0.84617		mirror		dy+	3.00	 2	-65	 0	 0
0.00	5.25	 7	0.84617		mirror		dz+	3.00	 2	-65	 0	 0
0.00	5.25	 7	0.84617		mirror		tx+	0.03	 2	-65	-40	-444
0.00	5.25	 7	0.84617		mirror		ty+	0.03	 2	-65	493	93
0.00	5.25	 7	0.84617		mirror		tz+	0.03	 2	-65	 0	 0
0.00	5.25	 6	0.84617		mirror		dx+	3.00	-8	52	 0	 0
0.00	5.25	 6	0.84617		mirror		dy+	3.00	-8	52	 0	 0
0.00	5.25	 6	0.84617		mirror		dz+	3.00	-8	52	 0	 0
0.00	5.25	 6	0.84617		mirror		tx+	0.03	-8	52	14	-417
0.00	5.25	 6	0.84617		mirror		ty+	0.03	-8	52	487	80
0.00	5.25	 6	0.84617		mirror		tz+	0.03	-8	52	 0	 0
0.00	5.25	 6	0.88142		mirror		dx+	3.00	-4	23	 0	 0
0.00	5.25	 6	0.88142		mirror		dy+	3.00	-4	23	 0	 0
0.00	5.25	 6	0.88142		mirror		dz+	3.00	-4	23	 0	 0
0.00	5.25	 6	0.88142		mirror		tx+	0.03	-4	23	 1	-419
0.00	5.25	 6	0.88142		mirror		ty+	0.03	-4	23	485	82
0.00	5.25	 6	0.88142		mirror		tz+	0.03	-4	23	 0	 0
0.00	5.25	 6	0.91668		mirror		dx+	3.00	-0	-5	 0	 0
0.00	5.25	 6	0.91668		mirror		dy+	3.00	-0	-5	 0	 0
0.00	5.25	 6	0.91668		mirror		dz+	3.00	-0	-5	 0	 0
0.00	5.25	 6	0.91668		mirror		tx+	0.03	-0	-5	-12	-423
0.00	5.25	 6	0.91668		mirror		ty+	0.03	-0	-5	485	85
0.00	5.25	 6	0.91668		mirror		tz+	0.03	-0	-5	 0	 0
0.00	5.25	 6	0.95835		mirror		dx+	3.00	 3	-40	 0	 0
0.00	5.25	 6	0.95835		mirror		dy+	3.00	 3	-40	 0	 0
0.00	5.25	 6	0.95835		mirror		dz+	3.00	 3	-40	 0	 0
0.00	5.25	 6	0.95835		mirror		tx+	0.03	 3	-40	-28	-434
0.00	5.25	 6	0.95835		mirror		ty+	0.03	 3	-40	488	89
0.00	5.25	 6	0.95835		mirror		tz+	0.03	 3	-40	 0	 0
0.00	5.25	 6	1.00000		mirror		dx+	3.00	 4	-76	 0	 0
0.00	5.25	 6	1.00000		mirror		dy+	3.00	 4	-76	 0	 0
0.00	5.25	 6	1.00000		mirror		dz+	3.00	 4	-76	 0	 0
0.00	5.25	 6	1.00000		mirror		tx+	0.03	 4	-76	-45	-449
0.00	5.25	 6	1.00000		mirror		ty+	0.03	 4	-76	494	94
0.00	5.25	 6	1.00000		mirror		tz+	0.03	 4	-76	 0	 0
-2.08	5.25	 9	0.57896		mirror		dx+	3.00	34	40	 0	 0
-2.08	5.25	 9	0.57896		mirror		dy+	3.00	34	40	 0	 0
-2.08	5.25	 9	0.57896		mirror		dz+	3.00	34	40	-3	 0
-2.08	5.25	 9	0.57896		mirror		tx+	0.03	34	40	 6	-417
-2.08	5.25	 9	0.57896		mirror		ty+	0.03	34	40	469	31
-2.08	5.25	 9	0.57896		mirror		tz+	0.03	34	40	 0	 0
-2.08	5.25	 9	0.59504		mirror		dx+	3.00	37	21	 0	 0
-2.08	5.25	 9	0.59504		mirror		dy+	3.00	37	21	 0	 0
-2.08	5.25	 9	0.59504		mirror		dz+	3.00	37	21	-3	 0
-2.08	5.25	 9	0.59504		mirror		tx+	0.03	37	21	-1	-419
-2.08	5.25	 9	0.59504		mirror		ty+	0.03	37	21	467	31
-2.08	5.25	 9	0.59504		mirror		tz+	0.03	37	21	 0	 0
-2.08	5.25	 9	0.61112		mirror		dx+	3.00	39	 1	 0	 0
-2.08	5.25	 9	0.61112		mirror		dy+	3.00	39	 1	 0	 0
-2.08	5.25	 9	0.61112		mirror		dz+	3.00	39	 1	-3	 0
-2.08	5.25	 9	0.61112		mirror		tx+	0.03	39	 1	-9	-422
-2.08	5.25	 9	0.61112		mirror		ty+	0.03	39	 1	466	31
-2.08	5.25	 9	0.61112		mirror		tz+	0.03	39	 1	 0	 0
-2.08	5.25	 9	0.62909		mirror		dx+	3.00	42	-21	 0	 0
-2.08	5.25	 9	0.62909		mirror		dy+	3.00	42	-21	 0	 0
-2.08	5.25	 9	0.62909		mirror		dz+	3.00	42	-21	-3	 0
-2.08	5.25	 9	0.62909		mirror		tx+	0.03	42	-21	-18	-428
-2.08	5.25	 9	0.62909		mirror		ty+	0.03	42	-21	466	31
-2.08	5.25	 9	0.62909		mirror		tz+	0.03	42	-21	 0	 0
-2.08	5.25	 9	0.64707		mirror		dx+	3.00	43	-44	 0	 0
-2.08	5.25	 9	0.64707		mirror		dy+	3.00	43	-44	 0	 0
-2.08	5.25	 9	0.64707		mirror		dz+	3.00	43	-44	-3	 0
-2.08	5.25	 9	0.64707		mirror		tx+	0.03	43	-44	-27	-436
-2.08	5.25	 9	0.64707		mirror		ty+	0.03	43	-44	467	32
-2.08	5.25	 9	0.64707		mirror		tz+	0.03	43	-44	 0	 0
-2.08	5.25	 8	0.64707		mirror		dx+	3.00	35	45	 0	 0
-2.08	5.25	 8	0.64707		mirror		dy+	3.00	35	45	 0	 0
-2.08	5.25	 8	0.64707		mirror		dz+	3.00	35	45	-3	 0
-2.08	5.25	 8	0.64707		mirror		tx+	0.03	35	45	 8	-417
-2.08	5.25	 8	0.64707		mirror		ty+	0.03	35	45	468	30
-2.08	5.25	 8	0.64707		mirror		tz+	0.03	35	45	 0	 0
-2.08	5.25	 8	0.66729		mirror		dx+	3.00	39	23	 0	 0
-2.08	5.25	 8	0.66729		mirror		dy+	3.00	39	23	 0	 0
-2.08	5.25	 8	0.66729		mirror		dz+	3.00	39	23	-3	 0
-2.08	5.25	 8	0.66729		mirror		tx+	0.03	39	23	 0	-419
-2.08	5.25	 8	0.66729		mirror		ty+	0.03	39	23	466	31
-2.08	5.25	 8	0.66729		mirror		tz+	0.03	39	23	 0	 0
-2.08	5.25	 8	0.68751		mirror		dx+	3.00	41	 1	 0	 0
-2.08	5.25	 8	0.68751		mirror		dy+	3.00	41	 1	 0	 0
-2.08	5.25	 8	0.68751		mirror		dz+	3.00	41	 1	-3	 0
-2.08	5.25	 8	0.68751		mirror		tx+	0.03	41	 1	-9	-422
-2.08	5.25	 8	0.68751		mirror		ty+	0.03	41	 1	466	31
-2.08	5.25	 8	0.68751		mirror		tz+	0.03	41	 1	 0	 0
-2.08	5.25	 8	0.71043		mirror		dx+	3.00	44	-24	 0	 0
-2.08	5.25	 8	0.71043		mirror		dy+	3.00	44	-24	 0	 0
-2.08	5.25	 8	0.71043		mirror		dz+	3.00	44	-24	-3	 0
-2.08	5.25	 8	0.71043		mirror		tx+	0.03	44	-24	-19	-429
-2.08	5.25	 8	0.71043		mirror		ty+	0.03	44	-24	466	31
-2.08	5.25	 8	0.71043		mirror		tz+	0.03	44	-24	 0	 0
-2.08	5.25	 8	0.73344		mirror		dx+	3.00	46	-50	 0	 0
-2.08	5.25	 8	0.73344		mirror		dy+	3.00	46	-50	 0	 0
-2.08	5.25	 8	0.73344		mirror		dz+	3.00	46	-50	-3	 0
-2.08	5.25	 8	0.73344		mirror		tx+	0.03	46	-50	-30	-438
-2.08	5.25	 8	0.73344		mirror		ty+	0.03	46	-50	467	31
-2.08	5.25	 8	0.73344		mirror		tz+	0.03	46	-50	 0	 0
-2.08	5.25	 7	0.73334		mirror		dx+	3.00	37	51	 0	 0
-2.08	5.25	 7	0.73334		mirror		dy+	3.00	37	51	 0	 0
-2.08	5.25	 7	0.73334		mirror		dz+	3.00	37	51	-3	 0
-2.08	5.25	 7	0.73334		mirror		tx+	0.03	37	51	10	-417
-2.08	5.25	 7	0.73334		mirror		ty+	0.03	37	51	468	30
-2.08	5.25	 7	0.73334		mirror		tz+	0.03	37	51	 0	 0
-2.08	5.25	 7	0.75953		mirror		dx+	3.00	40	26	 0	 0
-2.08	5.25	 7	0.75953		mirror		dy+	3.00	40	26	 0	 0
-2.08	5.25	 7	0.75953		mirror		dz+	3.00	40	26	-3	 0
-2.08	5.25	 7	0.75953		mirror		tx+	0.03	40	26	 0	-418
-2.08	5.25	 7	0.75953		mirror		ty+	0.03	40	26	466	30
-2.08	5.25	 7	0.75953		mirror		tz+	0.03	40	26	 0	 0
-2.08	5.25	 7	0.78573		mirror		dx+	3.00	43	 1	 0	 0
-2.08	5.25	 7	0.78573		mirror		dy+	3.00	43	 1	 0	 0
-2.08	5.25	 7	0.78573		mirror		dz+	3.00	43	 1	-3	 0
-2.08	5.25	 7	0.78573		mirror		tx+	0.03	43	 1	-9	-422
-2.08	5.25	 7	0.78573		mirror		ty+	0.03	43	 1	465	31
-2.08	5.25	 7	0.78573		mirror		tz+	0.03	43	 1	 0	 0
-2.08	5.25	 7	0.81595		mirror		dx+	3.00	46	-28	 0	 0
-2.08	5.25	 7	0.81595		mirror		dy+	3.00	46	-28	 0	 0
-2.08	5.25	 7	0.81595		mirror		dz+	3.00	46	-28	-3	 0
-2.08	5.25	 7	0.81595		mirror		tx+	0.03	46	-28	-21	-430
-2.08	5.25	 7	0.81595		mirror		ty+	0.03	46	-28	465	31
-2.08	5.25	 7	0.81595		mirror		tz+	0.03	46	-28	 0	 0
-2.08	5.25	 7	0.84617		mirror		dx+	3.00	48	-58	 0	 0
-2.08	5.25	 7	0.84617		mirror		dy+	3.00	48	-58	 0	 0
-2.08	5.25	 7	0.84617		mirror		dz+	3.00	48	-58	-3	 0
-2.08	5.25	 7	0.84617		mirror		tx+	0.03	48	-58	-33	-441
-2.08	5.25	 7	0.84617		mirror		ty+	0.03	48	-58	467	31
-2.08	5.25	 7	0.84617		mirror		tz+	0.03	48	-58	 0	 0
-2.08	5.25	 6	0.84617		mirror		dx+	3.00	37	58	 0	 0
-2.08	5.25	 6	0.84617		mirror		dy+	3.00	37	58	 0	 0
-2.08	5.25	 6	0.84617		mirror		dz+	3.00	37	58	-3	 0
-2.08	5.25	 6	0.84617		mirror		tx+	0.03	37	58	12	-417
-2.08	5.25	 6	0.84617		mirror		ty+	0.03	37	58	468	30
-2.08	5.25	 6	0.84617		mirror		tz+	0.03	37	58	 0	 0
-2.08	5.25	 6	0.88142		mirror		dx+	3.00	42	30	 0	 0
-2.08	5.25	 6	0.88142		mirror		dy+	3.00	42	30	 0	 0
-2.08	5.25	 6	0.88142		mirror		dz+	3.00	42	30	-3	 0
-2.08	5.25	 6	0.88142		mirror		tx+	0.03	42	30	 1	-418
-2.08	5.25	 6	0.88142		mirror		ty+	0.03	42	30	465	30
-2.08	5.25	 6	0.88142		mirror		tz+	0.03	42	30	 0	 0
-2.08	5.25	 6	0.91668		mirror		dx+	3.00	45	 1	 0	 0
-2.08	5.25	 6	0.91668		mirror		dy+	3.00	45	 1	 0	 0
-2.08	5.25	 6	0.91668		mirror		dz+	3.00	45	 1	-3	 0
-2.08	5.25	 6	0.91668		mirror		tx+	0.03	45	 1	-10	-422
-2.08	5.25	 6	0.91668		mirror		ty+	0.03	45	 1	464	30
-2.08	5.25	 6	0.91668		mirror		tz+	0.03	45	 1	 0	 0
-2.08	5.25	 6	0.95835		mirror		dx+	3.00	48	-34	 0	 0
-2.08	5.25	 6	0.95835		mirror		dy+	3.00	48	-34	 0	 0
-2.08	5.25	 6	0.95835		mirror		dz+	3.00	48	-34	-3	 0
-2.08	5.25	 6	0.95835		mirror		tx+	0.03	48	-34	-23	-432
-2.08	5.25	 6	0.95835		mirror		ty+	0.03	48	-34	465	30
-2.08	5.25	 6	0.95835		mirror		tz+	0.03	48	-34	 0	 0
-2.08	5.25	 6	1.00000		mirror		dx+	3.00	50	-69	 0	 0
-2.08	5.25	 6	1.00000		mirror		dy+	3.00	50	-69	 0	 0
-2.08	5.25	 6	1.00000		mirror		dz+	3.00	50	-69	-3	 0
-2.08	5.25	 6	1.00000		mirror		tx+	0.03	50	-69	-38	-446
-2.08	5.25	 6	1.00000		mirror		ty+	0.03	50	-69	467	31
-2.08	5.25	 6	1.00000		mirror		tz+	0.03	50	-69	 0	 0
-4.15	5.25	 9	0.57896		mirror		dx+	3.00	77	43	 0	 0
-4.15	5.25	 9	0.57896		mirror		dy+	3.00	77	43	 0	 0
-4.15	5.25	 9	0.57896		mirror		dz+	3.00	77	43	-8	 0
-4.15	5.25	 9	0.57896		mirror		tx+	0.03	77	43	 4	-417
-4.15	5.25	 9	0.57896		mirror		ty+	0.03	77	43	455	-19
-4.15	5.25	 9	0.57896		mirror		tz+	0.03	77	43	 0	 0
-4.15	5.25	 9	0.59504		mirror		dx+	3.00	80	24	 0	 0
-4.15	5.25	 9	0.59504		mirror		dy+	3.00	80	24	 0	 0
-4.15	5.25	 9	0.59504		mirror		dz+	3.00	80	24	-7	 0
-4.15	5.25	 9	0.59504		mirror		tx+	0.03	80	24	-2	-419
-4.15	5.25	 9	0.59504		mirror		ty+	0.03	80	24	453	-20
-4.15	5.25	 9	0.59504		mirror		tz+	0.03	80	24	 0	 0
-4.15	5.25	 9	0.61112		mirror		dx+	3.00	83	 4	 0	 0
-4.15	5.25	 9	0.61112		mirror		dy+	3.00	83	 4	 0	 0
-4.15	5.25	 9	0.61112		mirror		dz+	3.00	83	 4	-7	 0
-4.15	5.25	 9	0.61112		mirror		tx+	0.03	83	 4	-8	-422
-4.15	5.25	 9	0.61112		mirror		ty+	0.03	83	 4	452	-21
-4.15	5.25	 9	0.61112		mirror		tz+	0.03	83	 4	 0	 0
-4.15	5.25	 9	0.62909		mirror		dx+	3.00	85	-18	 0	 0
-4.15	5.25	 9	0.62909		mirror		dy+	3.00	85	-18	 0	 0
-4.15	5.25	 9	0.62909		mirror		dz+	3.00	85	-18	-7	 0
-4.15	5.25	 9	0.62909		mirror		tx+	0.03	85	-18	-16	-428
-4.15	5.25	 9	0.62909		mirror		ty+	0.03	85	-18	451	-22
-4.15	5.25	 9	0.62909		mirror		tz+	0.03	85	-18	 0	 0
-4.15	5.25	 9	0.64707		mirror		dx+	3.00	87	-41	 0	 0
-4.15	5.25	 9	0.64707		mirror		dy+	3.00	87	-41	 0	 0
-4.15	5.25	 9	0.64707		mirror		dz+	3.00	87	-41	-7	 0
-4.15	5.25	 9	0.64707		mirror		tx+	0.03	87	-41	-24	-435
-4.15	5.25	 9	0.64707		mirror		ty+	0.03	87	-41	451	-24
-4.15	5.25	 9	0.64707		mirror		tz+	0.03	87	-41	 0	 0
-4.15	5.25	 8	0.64707		mirror		dx+	3.00	79	48	 0	 0
-4.15	5.25	 8	0.64707		mirror		dy+	3.00	79	48	 0	 0
-4.15	5.25	 8	0.64707		mirror		dz+	3.00	79	48	-8	 0
-4.15	5.25	 8	0.64707		mirror		tx+	0.03	79	48	 6	-417
-4.15	5.25	 8	0.64707		mirror		ty+	0.03	79	48	454	-19
-4.15	5.25	 8	0.64707		mirror		tz+	0.03	79	48	 0	 0
-4.15	5.25	 8	0.66729		mirror		dx+	3.00	82	26	 0	 0
-4.15	5.25	 8	0.66729		mirror		dy+	3.00	82	26	 0	 0
-4.15	5.25	 8	0.66729		mirror		dz+	3.00	82	26	-7	 0
-4.15	5.25	 8	0.66729		mirror		tx+	0.03	82	26	-1	-419
-4.15	5.25	 8	0.66729		mirror		ty+	0.03	82	26	452	-20
-4.15	5.25	 8	0.66729		mirror		tz+	0.03	82	26	 0	 0
-4.15	5.25	 8	0.68751		mirror		dx+	3.00	85	 4	 0	 0
-4.15	5.25	 8	0.68751		mirror		dy+	3.00	85	 4	 0	 0
-4.15	5.25	 8	0.68751		mirror		dz+	3.00	85	 4	-7	 0
-4.15	5.25	 8	0.68751		mirror		tx+	0.03	85	 4	-9	-422
-4.15	5.25	 8	0.68751		mirror		ty+	0.03	85	 4	451	-21
-4.15	5.25	 8	0.68751		mirror		tz+	0.03	85	 4	 0	 0
-4.15	5.25	 8	0.71043		mirror		dx+	3.00	87	-21	 0	 0
-4.15	5.25	 8	0.71043		mirror		dy+	3.00	87	-21	 0	 0
-4.15	5.25	 8	0.71043		mirror		dz+	3.00	87	-21	-7	 0
-4.15	5.25	 8	0.71043		mirror		tx+	0.03	87	-21	-17	-429
-4.15	5.25	 8	0.71043		mirror		ty+	0.03	87	-21	450	-23
-4.15	5.25	 8	0.71043		mirror		tz+	0.03	87	-21	 0	 0
-4.15	5.25	 8	0.73344		mirror		dx+	3.00	89	-47	 0	 0
-4.15	5.25	 8	0.73344		mirror		dy+	3.00	89	-47	 0	 0
-4.15	5.25	 8	0.73344		mirror		dz+	3.00	89	-47	-7	 0
-4.15	5.25	 8	0.73344		mirror		tx+	0.03	89	-47	-27	-438
-4.15	5.25	 8	0.73344		mirror		ty+	0.03	89	-47	450	-25
-4.15	5.25	 8	0.73344		mirror		tz+	0.03	89	-47	 0	 0
-4.15	5.25	 7	0.73334		mirror		dx+	3.00	80	54	 0	 0
-4.15	5.25	 7	0.73334		mirror		dy+	3.00	80	54	 0	 0
-4.15	5.25	 7	0.73334		mirror		dz+	3.00	80	54	-8	 0
-4.15	5.25	 7	0.73334		mirror		tx+	0.03	80	54	 7	-417
-4.15	5.25	 7	0.73334		mirror		ty+	0.03	80	54	454	-19
-4.15	5.25	 7	0.73334		mirror		tz+	0.03	80	54	 0	 0
-4.15	5.25	 7	0.75953		mirror		dx+	3.00	84	29	 0	 0
-4.15	5.25	 7	0.75953		mirror		dy+	3.00	84	29	 0	 0
-4.15	5.25	 7	0.75953		mirror		dz+	3.00	84	29	-7	 0
-4.15	5.25	 7	0.75953		mirror		tx+	0.03	84	29	 0	-419
-4.15	5.25	 7	0.75953		mirror		ty+	0.03	84	29	452	-20
-4.15	5.25	 7	0.75953		mirror		tz+	0.03	84	29	 0	 0
-4.15	5.25	 7	0.78573		mirror		dx+	3.00	87	 4	 0	 0
-4.15	5.25	 7	0.78573		mirror		dy+	3.00	87	 4	 0	 0
-4.15	5.25	 7	0.78573		mirror		dz+	3.00	87	 4	-7	 0
-4.15	5.25	 7	0.78573		mirror		tx+	0.03	87	 4	-9	-423
-4.15	5.25	 7	0.78573		mirror		ty+	0.03	87	 4	451	-22
-4.15	5.25	 7	0.78573		mirror		tz+	0.03	87	 4	 0	 0
-4.15	5.25	 7	0.81595		mirror		dx+	3.00	89	-25	 0	 0
-4.15	5.25	 7	0.81595		mirror		dy+	3.00	89	-25	 0	 0
-4.15	5.25	 7	0.81595		mirror		dz+	3.00	89	-25	-7	 0
-4.15	5.25	 7	0.81595		mirror		tx+	0.03	89	-25	-19	-430
-4.15	5.25	 7	0.81595		mirror		ty+	0.03	89	-25	450	-24
-4.15	5.25	 7	0.81595		mirror		tz+	0.03	89	-25	 0	 0
-4.15	5.25	 7	0.84617		mirror		dx+	3.00	91	-55	 0	 0
-4.15	5.25	 7	0.84617		mirror		dy+	3.00	91	-55	 0	 0
-4.15	5.25	 7	0.84617		mirror		dz+	3.00	91	-55	-7	 0
-4.15	5.25	 7	0.84617		mirror		tx+	0.03	91	-55	-30	-441
-4.15	5.25	 7	0.84617		mirror		ty+	0.03	91	-55	450	-26
-4.15	5.25	 7	0.84617		mirror		tz+	0.03	91	-55	 0	 0
-4.15	5.25	 6	0.84617		mirror		dx+	3.00	81	61	 0	 0
-4.15	5.25	 6	0.84617		mirror		dy+	3.00	81	61	 0	 0
-4.15	5.25	 6	0.84617		mirror		dz+	3.00	81	61	-8	 0
-4.15	5.25	 6	0.84617		mirror		tx+	0.03	81	61	10	-416
-4.15	5.25	 6	0.84617		mirror		ty+	0.03	81	61	455	-19
-4.15	5.25	 6	0.84617		mirror		tz+	0.03	81	61	 0	 0
-4.15	5.25	 6	0.88142		mirror		dx+	3.00	85	33	 0	 0
-4.15	5.25	 6	0.88142		mirror		dy+	3.00	85	33	 0	 0
-4.15	5.25	 6	0.88142		mirror		dz+	3.00	85	33	-7	 0
-4.15	5.25	 6	0.88142		mirror		tx+	0.03	85	33	 0	-418
-4.15	5.25	 6	0.88142		mirror		ty+	0.03	85	33	452	-20
-4.15	5.25	 6	0.88142		mirror		tz+	0.03	85	33	 0	 0
-4.15	5.25	 6	0.91668		mirror		dx+	3.00	88	 4	 0	 0
-4.15	5.25	 6	0.91668		mirror		dy+	3.00	88	 4	 0	 0
-4.15	5.25	 6	0.91668		mirror		dz+	3.00	88	 4	-7	 0
-4.15	5.25	 6	0.91668		mirror		tx+	0.03	88	 4	-9	-423
-4.15	5.25	 6	0.91668		mirror		ty+	0.03	88	 4	450	-22
-4.15	5.25	 6	0.91668		mirror		tz+	0.03	88	 4	 0	 0
-4.15	5.25	 6	0.95835		mirror		dx+	3.00	91	-31	 0	 0
-4.15	5.25	 6	0.95835		mirror		dy+	3.00	91	-31	 0	 0
-4.15	5.25	 6	0.95835		mirror		dz+	3.00	91	-31	-7	 0
-4.15	5.25	 6	0.95835		mirror		tx+	0.03	91	-31	-21	-432
-4.15	5.25	 6	0.95835		mirror		ty+	0.03	91	-31	449	-25
-4.15	5.25	 6	0.95835		mirror		tz+	0.03	91	-31	 0	 0
-4.15	5.25	 6	1.00000		mirror		dx+	3.00	93	-66	 0	 0
-4.15	5.25	 6	1.00000		mirror		dy+	3.00	93	-66	 0	 0
-4.15	5.25	 6	1.00000		mirror		dz+	3.00	93	-66	-7	 0
-4.15	5.25	 6	1.00000		mirror		tx+	0.03	93	-66	-34	-445
-4.15	5.25	 6	1.00000		mirror		ty+	0.03	93	-66	449	-27
-4.15	5.25	 6	1.00000		mirror		tz+	0.03	93	-66	 0	 0
